0	0
1	0
2	0
3	0
4	0
5	0
6	0
7	0
8	0
9	0
10	0
11	0
12	0
13	0
14	0
15	0
16	0
17	0
18	0
19	0
20	0
21	0
22	0
23	0
24	0
25	0
26	0
27	0
28	0
29	0
30	0
31	0
32	0
33	0
34	0
35	0
36	0
37	0
38	0
39	0
40	0
41	0
42	0
43	0
44	0
45	0
46	0
47	0
48	0
49	0
50	0
51	0
52	0
53	0
54	0
55	0
56	0
57	0
58	0
59	0
60	0
61	0
62	0
63	0
64	0
65	0
66	0
67	2
68	17
69	93
70	184
71	263
72	259
73	252
74	273
75	298
76	280
77	314
78	268
79	311
80	277
81	325
82	354
83	296
84	337
85	359
86	350
87	361
88	404
89	414
90	427
91	437
92	513
93	520
94	582
95	567
96	608
97	617
98	683
99	709
100	718
101	848
102	841
103	875
104	892
105	982
106	973
107	1002
108	1056
109	1063
110	1074
111	1105
112	1090
113	1013
114	1010
115	1035
116	999
117	948
118	936
119	919
120	818
121	853
122	732
123	727
124	741
125	698
126	627
127	625
128	603
129	545
130	521
131	561
132	512
133	471
134	409
135	449
136	424
137	398
138	410
139	419
140	406
141	342
142	373
143	366
144	375
145	339
146	311
147	352
148	340
149	328
150	339
151	312
152	304
153	343
154	321
155	321
156	326
157	285
158	289
159	273
160	313
161	319
162	300
163	300
164	298
165	360
166	301
167	346
168	347
169	320
170	334
171	304
172	323
173	330
174	349
175	301
176	354
177	281
178	346
179	345
180	326
181	296
182	353
183	320
184	322
185	344
186	358
187	354
188	342
189	319
190	342
191	306
192	337
193	289
194	328
195	340
196	327
197	344
198	353
199	387
200	346
201	362
202	333
203	357
204	371
205	357
206	334
207	362
208	340
209	364
210	344
211	361
212	370
213	345
214	341
215	351
216	393
217	345
218	371
219	378
220	379
221	390
222	366
223	403
224	356
225	382
226	379
227	372
228	376
229	373
230	418
231	374
232	389
233	423
234	363
235	390
236	407
237	367
238	398
239	400
240	405
241	441
242	430
243	398
244	379
245	403
246	403
247	390
248	426
249	437
250	385
251	417
252	411
253	397
254	415
255	449
256	432
257	437
258	402
259	429
260	449
261	420
262	448
263	452
264	453
265	448
266	438
267	435
268	441
269	460
270	453
271	474
272	457
273	464
274	457
275	443
276	441
277	472
278	508
279	478
280	489
281	481
282	466
283	490
284	440
285	495
286	500
287	466
288	484
289	509
290	500
291	482
292	505
293	493
294	547
295	540
296	504
297	490
298	492
299	494
300	510
301	517
302	511
303	482
304	515
305	469
306	515
307	473
308	520
309	465
310	488
311	482
312	504
313	470
314	480
315	462
316	500
317	513
318	522
319	473
320	485
321	466
322	517
323	507
324	517
325	573
326	486
327	505
328	494
329	508
330	540
331	507
332	496
333	522
334	526
335	462
336	510
337	495
338	510
339	490
340	514
341	512
342	526
343	490
344	518
345	537
346	527
347	500
348	502
349	497
350	501
351	518
352	518
353	495
354	542
355	489
356	458
357	540
358	509
359	460
360	506
361	504
362	501
363	537
364	519
365	545
366	505
367	486
368	543
369	505
370	521
371	457
372	522
373	522
374	505
375	537
376	529
377	513
378	532
379	515
380	514
381	542
382	548
383	517
384	494
385	550
386	504
387	539
388	515
389	569
390	557
391	571
392	540
393	576
394	560
395	527
396	560
397	544
398	500
399	511
400	566
401	538
402	489
403	532
404	511
405	510
406	546
407	500
408	516
409	569
410	523
411	571
412	552
413	550
414	563
415	530
416	568
417	521
418	534
419	573
420	564
421	565
422	556
423	531
424	549
425	552
426	498
427	517
428	591
429	579
430	527
431	553
432	544
433	575
434	591
435	585
436	528
437	585
438	560
439	566
440	598
441	570
442	593
443	557
444	574
445	571
446	596
447	536
448	593
449	596
450	559
451	562
452	565
453	605
454	558
455	551
456	554
457	574
458	633
459	561
460	585
461	561
462	578
463	592
464	588
465	579
466	624
467	637
468	610
469	589
470	587
471	607
472	588
473	621
474	595
475	611
476	617
477	637
478	595
479	582
480	574
481	589
482	566
483	563
484	560
485	587
486	571
487	538
488	561
489	557
490	623
491	619
492	592
493	626
494	549
495	611
496	577
497	572
498	583
499	583
500	558
501	614
502	600
503	584
504	615
505	589
506	613
507	579
508	620
509	605
510	577
511	595
512	579
513	583
514	588
515	558
516	619
517	586
518	570
519	573
520	578
521	572
522	566
523	570
524	544
525	585
526	563
527	557
528	594
529	592
530	581
531	591
532	586
533	569
534	576
535	566
536	588
537	582
538	599
539	541
540	580
541	609
542	579
543	559
544	546
545	578
546	552
547	590
548	578
549	591
550	547
551	589
552	544
553	561
554	586
555	572
556	633
557	575
558	611
559	558
560	570
561	554
562	546
563	556
564	578
565	608
566	582
567	579
568	544
569	608
570	571
571	613
572	584
573	582
574	593
575	578
576	574
577	580
578	581
579	598
580	540
581	589
582	590
583	566
584	588
585	595
586	594
587	572
588	562
589	597
590	553
591	599
592	587
593	592
594	546
595	581
596	557
597	583
598	557
599	607
600	606
601	532
602	528
603	552
604	606
605	575
606	558
607	573
608	532
609	556
610	592
611	580
612	516
613	552
614	561
615	568
616	584
617	570
618	542
619	551
620	557
621	560
622	535
623	597
624	551
625	623
626	557
627	560
628	547
629	542
630	552
631	529
632	596
633	561
634	537
635	606
636	557
637	566
638	564
639	575
640	580
641	564
642	582
643	605
644	528
645	569
646	555
647	567
648	572
649	577
650	587
651	554
652	565
653	576
654	625
655	555
656	585
657	651
658	554
659	550
660	582
661	587
662	602
663	564
664	585
665	565
666	598
667	561
668	546
669	580
670	584
671	599
672	572
673	553
674	626
675	609
676	610
677	622
678	561
679	585
680	615
681	568
682	621
683	624
684	592
685	634
686	584
687	623
688	618
689	664
690	632
691	621
692	718
693	632
694	580
695	658
696	645
697	704
698	614
699	652
700	620
701	633
702	612
703	637
704	650
705	623
706	610
707	663
708	727
709	674
710	657
711	669
712	674
713	704
714	669
715	662
716	713
717	624
718	699
719	709
720	684
721	721
722	690
723	692
724	695
725	744
726	708
727	688
728	719
729	780
730	681
731	683
732	732
733	700
734	699
735	735
736	667
737	719
738	693
739	707
740	736
741	706
742	693
743	727
744	756
745	699
746	675
747	748
748	691
749	712
750	723
751	709
752	709
753	711
754	711
755	712
756	699
757	720
758	691
759	690
760	695
761	681
762	702
763	667
764	729
765	743
766	690
767	661
768	657
769	638
770	702
771	650
772	690
773	690
774	634
775	676
776	719
777	724
778	639
779	671
780	673
781	627
782	703
783	617
784	677
785	691
786	662
787	642
788	654
789	647
790	647
791	644
792	643
793	600
794	683
795	668
796	652
797	653
798	626
799	620
800	625
801	631
802	604
803	641
804	621
805	632
806	595
807	607
808	585
809	625
810	601
811	603
812	674
813	627
814	611
815	586
816	606
817	613
818	585
819	588
820	599
821	541
822	595
823	580
824	602
825	638
826	590
827	569
828	612
829	606
830	600
831	622
832	589
833	574
834	560
835	546
836	585
837	555
838	606
839	571
840	564
841	560
842	549
843	584
844	556
845	568
846	578
847	567
848	556
849	547
850	520
851	524
852	525
853	538
854	528
855	542
856	556
857	548
858	562
859	511
860	574
861	509
862	499
863	537
864	570
865	529
866	521
867	497
868	554
869	536
870	531
871	562
872	553
873	531
874	516
875	523
876	512
877	539
878	477
879	533
880	487
881	525
882	514
883	511
884	520
885	550
886	533
887	551
888	475
889	505
890	480
891	473
892	524
893	492
894	514
895	495
896	504
897	475
898	505
899	510
900	517
901	476
902	514
903	549
904	486
905	478
906	495
907	504
908	509
909	498
910	454
911	456
912	491
913	464
914	454
915	545
916	461
917	486
918	467
919	511
920	499
921	515
922	448
923	505
924	515
925	463
926	484
927	505
928	495
929	479
930	403
931	494
932	461
933	514
934	468
935	479
936	510
937	491
938	432
939	460
940	451
941	468
942	464
943	466
944	492
945	421
946	454
947	431
948	452
949	435
950	449
951	422
952	452
953	462
954	463
955	477
956	434
957	415
958	501
959	452
960	496
961	433
962	474
963	472
964	459
965	458
966	442
967	475
968	412
969	463
970	440
971	457
972	480
973	482
974	403
975	456
976	460
977	422
978	414
979	467
980	478
981	437
982	423
983	437
984	444
985	473
986	407
987	459
988	427
989	398
990	460
991	411
992	419
993	396
994	454
995	402
996	421
997	445
998	420
999	460
1000	385
1001	407
1002	429
1003	424
1004	372
1005	383
1006	401
1007	420
1008	401
1009	429
1010	414
1011	460
1012	423
1013	422
1014	390
1015	412
1016	422
1017	419
1018	417
1019	401
1020	430
1021	415
1022	424
1023	416
1024	412
1025	424
1026	395
1027	413
1028	408
1029	419
1030	420
1031	412
1032	395
1033	430
1034	423
1035	422
1036	393
1037	459
1038	432
1039	389
1040	434
1041	436
1042	395
1043	408
1044	375
1045	412
1046	417
1047	408
1048	376
1049	382
1050	390
1051	401
1052	388
1053	446
1054	424
1055	367
1056	403
1057	393
1058	407
1059	410
1060	393
1061	391
1062	385
1063	378
1064	400
1065	418
1066	383
1067	400
1068	384
1069	360
1070	389
1071	383
1072	373
1073	421
1074	368
1075	432
1076	378
1077	386
1078	394
1079	402
1080	396
1081	385
1082	382
1083	384
1084	366
1085	367
1086	364
1087	388
1088	351
1089	343
1090	352
1091	325
1092	372
1093	341
1094	376
1095	362
1096	364
1097	347
1098	361
1099	366
1100	374
1101	343
1102	353
1103	337
1104	346
1105	350
1106	336
1107	381
1108	378
1109	363
1110	329
1111	348
1112	324
1113	337
1114	341
1115	370
1116	357
1117	362
1118	349
1119	320
1120	368
1121	324
1122	325
1123	347
1124	318
1125	355
1126	326
1127	327
1128	370
1129	346
1130	351
1131	354
1132	340
1133	328
1134	328
1135	346
1136	340
1137	319
1138	326
1139	319
1140	313
1141	334
1142	321
1143	354
1144	328
1145	317
1146	310
1147	327
1148	325
1149	338
1150	312
1151	316
1152	299
1153	314
1154	356
1155	329
1156	323
1157	330
1158	305
1159	329
1160	306
1161	311
1162	309
1163	325
1164	329
1165	323
1166	313
1167	308
1168	356
1169	325
1170	325
1171	315
1172	317
1173	329
1174	325
1175	376
1176	302
1177	327
1178	303
1179	298
1180	303
1181	352
1182	329
1183	327
1184	289
1185	319
1186	318
1187	302
1188	316
1189	307
1190	326
1191	322
1192	302
1193	314
1194	317
1195	331
1196	310
1197	314
1198	328
1199	309
1200	301
1201	315
1202	292
1203	286
1204	331
1205	313
1206	324
1207	325
1208	348
1209	330
1210	313
1211	290
1212	322
1213	323
1214	344
1215	300
1216	328
1217	337
1218	287
1219	317
1220	321
1221	315
1222	307
1223	314
1224	327
1225	315
1226	342
1227	326
1228	305
1229	297
1230	297
1231	315
1232	340
1233	319
1234	325
1235	323
1236	335
1237	298
1238	327
1239	347
1240	329
1241	299
1242	301
1243	313
1244	306
1245	346
1246	312
1247	335
1248	307
1249	337
1250	307
1251	304
1252	320
1253	300
1254	318
1255	325
1256	304
1257	298
1258	319
1259	341
1260	325
1261	299
1262	304
1263	315
1264	301
1265	287
1266	314
1267	344
1268	320
1269	373
1270	328
1271	321
1272	320
1273	369
1274	328
1275	290
1276	299
1277	319
1278	329
1279	320
1280	348
1281	343
1282	346
1283	316
1284	373
1285	307
1286	285
1287	312
1288	307
1289	320
1290	308
1291	355
1292	354
1293	324
1294	315
1295	372
1296	314
1297	343
1298	327
1299	334
1300	344
1301	318
1302	331
1303	341
1304	330
1305	343
1306	319
1307	299
1308	344
1309	312
1310	334
1311	294
1312	345
1313	343
1314	326
1315	306
1316	340
1317	354
1318	313
1319	317
1320	345
1321	342
1322	303
1323	333
1324	312
1325	307
1326	326
1327	330
1328	308
1329	305
1330	319
1331	309
1332	332
1333	337
1334	307
1335	332
1336	341
1337	300
1338	293
1339	333
1340	325
1341	334
1342	293
1343	325
1344	319
1345	317
1346	306
1347	311
1348	312
1349	315
1350	327
1351	325
1352	312
1353	323
1354	321
1355	339
1356	312
1357	351
1358	296
1359	313
1360	327
1361	313
1362	314
1363	343
1364	289
1365	297
1366	333
1367	313
1368	288
1369	296
1370	343
1371	290
1372	325
1373	314
1374	292
1375	321
1376	327
1377	298
1378	329
1379	327
1380	303
1381	314
1382	311
1383	311
1384	299
1385	325
1386	335
1387	284
1388	308
1389	297
1390	288
1391	288
1392	291
1393	281
1394	291
1395	280
1396	308
1397	293
1398	293
1399	301
1400	282
1401	305
1402	310
1403	276
1404	308
1405	309
1406	297
1407	310
1408	296
1409	265
1410	270
1411	327
1412	299
1413	253
1414	275
1415	291
1416	276
1417	289
1418	277
1419	330
1420	278
1421	286
1422	271
1423	275
1424	310
1425	304
1426	272
1427	262
1428	295
1429	273
1430	287
1431	322
1432	266
1433	299
1434	302
1435	251
1436	262
1437	279
1438	273
1439	304
1440	304
1441	303
1442	276
1443	287
1444	297
1445	288
1446	313
1447	299
1448	291
1449	276
1450	282
1451	285
1452	278
1453	273
1454	293
1455	278
1456	289
1457	283
1458	284
1459	303
1460	302
1461	266
1462	265
1463	254
1464	302
1465	276
1466	292
1467	288
1468	287
1469	263
1470	278
1471	263
1472	320
1473	293
1474	296
1475	277
1476	270
1477	271
1478	276
1479	280
1480	256
1481	290
1482	301
1483	269
1484	253
1485	257
1486	287
1487	281
1488	270
1489	307
1490	272
1491	289
1492	271
1493	275
1494	280
1495	285
1496	259
1497	265
1498	259
1499	283
1500	280
1501	263
1502	282
1503	258
1504	275
1505	326
1506	284
1507	276
1508	296
1509	275
1510	279
1511	276
1512	278
1513	272
1514	280
1515	254
1516	251
1517	299
1518	310
1519	261
1520	300
1521	292
1522	275
1523	247
1524	281
1525	281
1526	265
1527	272
1528	276
1529	270
1530	296
1531	266
1532	258
1533	287
1534	271
1535	295
1536	291
1537	245
1538	264
1539	254
1540	288
1541	303
1542	296
1543	251
1544	271
1545	285
1546	266
1547	267
1548	248
1549	305
1550	275
1551	261
1552	273
1553	250
1554	282
1555	258
1556	267
1557	284
1558	256
1559	279
1560	295
1561	259
1562	261
1563	286
1564	277
1565	267
1566	276
1567	263
1568	252
1569	271
1570	274
1571	270
1572	253
1573	244
1574	258
1575	296
1576	274
1577	263
1578	252
1579	293
1580	294
1581	262
1582	282
1583	289
1584	261
1585	284
1586	296
1587	286
1588	271
1589	271
1590	285
1591	266
1592	287
1593	301
1594	267
1595	248
1596	295
1597	299
1598	259
1599	268
1600	274
1601	260
1602	254
1603	259
1604	276
1605	242
1606	283
1607	265
1608	269
1609	236
1610	291
1611	284
1612	266
1613	249
1614	274
1615	239
1616	241
1617	277
1618	260
1619	273
1620	274
1621	271
1622	240
1623	254
1624	282
1625	219
1626	252
1627	279
1628	278
1629	269
1630	266
1631	264
1632	250
1633	263
1634	280
1635	297
1636	288
1637	271
1638	278
1639	269
1640	265
1641	257
1642	250
1643	281
1644	250
1645	265
1646	277
1647	228
1648	276
1649	253
1650	251
1651	276
1652	245
1653	257
1654	249
1655	262
1656	241
1657	240
1658	258
1659	255
1660	268
1661	289
1662	278
1663	228
1664	261
1665	263
1666	260
1667	251
1668	263
1669	244
1670	221
1671	234
1672	283
1673	280
1674	223
1675	274
1676	241
1677	285
1678	275
1679	246
1680	245
1681	233
1682	252
1683	267
1684	255
1685	232
1686	274
1687	256
1688	240
1689	245
1690	255
1691	257
1692	278
1693	214
1694	254
1695	227
1696	233
1697	241
1698	216
1699	259
1700	256
1701	240
1702	236
1703	289
1704	242
1705	252
1706	221
1707	224
1708	249
1709	228
1710	244
1711	225
1712	228
1713	263
1714	218
1715	204
1716	218
1717	249
1718	222
1719	227
1720	219
1721	216
1722	230
1723	230
1724	215
1725	212
1726	211
1727	217
1728	216
1729	212
1730	235
1731	218
1732	215
1733	204
1734	200
1735	224
1736	190
1737	225
1738	206
1739	225
1740	196
1741	212
1742	194
1743	181
1744	183
1745	183
1746	192
1747	237
1748	213
1749	176
1750	188
1751	177
1752	202
1753	215
1754	193
1755	182
1756	190
1757	182
1758	191
1759	187
1760	188
1761	199
1762	187
1763	184
1764	191
1765	204
1766	182
1767	179
1768	169
1769	200
1770	175
1771	188
1772	170
1773	167
1774	166
1775	175
1776	175
1777	184
1778	175
1779	183
1780	185
1781	187
1782	163
1783	162
1784	159
1785	152
1786	158
1787	139
1788	176
1789	172
1790	163
1791	170
1792	183
1793	170
1794	163
1795	149
1796	147
1797	151
1798	140
1799	179
1800	169
1801	148
1802	152
1803	145
1804	167
1805	150
1806	151
1807	161
1808	148
1809	157
1810	173
1811	148
1812	153
1813	143
1814	133
1815	144
1816	158
1817	135
1818	143
1819	136
1820	146
1821	147
1822	140
1823	149
1824	148
1825	149
1826	133
1827	131
1828	133
1829	129
1830	135
1831	167
1832	117
1833	118
1834	121
1835	148
1836	133
1837	132
1838	141
1839	123
1840	121
1841	136
1842	140
1843	120
1844	127
1845	112
1846	118
1847	122
1848	141
1849	114
1850	100
1851	107
1852	120
1853	121
1854	131
1855	107
1856	100
1857	121
1858	122
1859	126
1860	115
1861	111
1862	127
1863	105
1864	141
1865	117
1866	113
1867	122
1868	111
1869	121
1870	122
1871	113
1872	109
1873	121
1874	114
1875	126
1876	133
1877	129
1878	116
1879	116
1880	119
1881	122
1882	110
1883	124
1884	111
1885	110
1886	99
1887	107
1888	124
1889	114
1890	116
1891	127
1892	102
1893	109
1894	124
1895	100
1896	114
1897	101
1898	114
1899	102
1900	108
1901	113
1902	120
1903	110
1904	98
1905	112
1906	119
1907	87
1908	81
1909	102
1910	119
1911	107
1912	94
1913	101
1914	111
1915	117
1916	97
1917	109
1918	97
1919	90
1920	100
1921	78
1922	111
1923	91
1924	107
1925	109
1926	103
1927	96
1928	80
1929	94
1930	105
1931	110
1932	90
1933	88
1934	94
1935	84
1936	80
1937	106
1938	102
1939	82
1940	91
1941	90
1942	92
1943	106
1944	91
1945	119
1946	92
1947	94
1948	97
1949	90
1950	87
1951	102
1952	94
1953	98
1954	104
1955	96
1956	94
1957	80
1958	81
1959	88
1960	96
1961	94
1962	108
1963	70
1964	86
1965	88
1966	93
1967	97
1968	99
1969	104
1970	75
1971	95
1972	86
1973	99
1974	85
1975	95
1976	94
1977	98
1978	91
1979	101
1980	89
1981	89
1982	91
1983	85
1984	110
1985	87
1986	78
1987	83
1988	87
1989	110
1990	93
1991	85
1992	96
1993	97
1994	75
1995	72
1996	88
1997	83
1998	108
1999	74
2000	87
2001	80
2002	87
2003	96
2004	97
2005	91
2006	78
2007	81
2008	78
2009	74
2010	92
2011	77
2012	74
2013	86
2014	72
2015	81
2016	80
2017	89
2018	88
2019	73
2020	65
2021	87
2022	74
2023	63
2024	89
2025	77
2026	75
2027	93
2028	77
2029	75
2030	77
2031	65
2032	75
2033	77
2034	80
2035	79
2036	86
2037	94
2038	77
2039	99
2040	73
2041	68
2042	70
2043	92
2044	80
2045	60
2046	69
2047	81
2048	85
2049	75
2050	90
2051	84
2052	64
2053	64
2054	72
2055	63
2056	101
2057	72
2058	67
2059	72
2060	77
2061	70
2062	84
2063	71
2064	66
2065	79
2066	85
2067	84
2068	75
2069	84
2070	75
2071	78
2072	53
2073	85
2074	74
2075	78
2076	91
2077	77
2078	69
2079	78
2080	76
2081	77
2082	84
2083	87
2084	82
2085	77
2086	78
2087	80
2088	83
2089	78
2090	67
2091	58
2092	79
2093	75
2094	72
2095	75
2096	75
2097	66
2098	79
2099	67
2100	68
2101	74
2102	81
2103	78
2104	74
2105	63
2106	77
2107	74
2108	76
2109	72
2110	94
2111	60
2112	76
2113	71
2114	68
2115	59
2116	81
2117	75
2118	64
2119	81
2120	78
2121	60
2122	66
2123	57
2124	76
2125	77
2126	66
2127	72
2128	85
2129	61
2130	87
2131	73
2132	72
2133	71
2134	73
2135	80
2136	76
2137	86
2138	61
2139	71
2140	73
2141	63
2142	82
2143	57
2144	59
2145	54
2146	78
2147	74
2148	76
2149	70
2150	67
2151	54
2152	69
2153	51
2154	75
2155	78
2156	74
2157	87
2158	73
2159	61
2160	74
2161	69
2162	75
2163	66
2164	75
2165	80
2166	60
2167	80
2168	72
2169	68
2170	73
2171	78
2172	69
2173	85
2174	72
2175	61
2176	84
2177	72
2178	75
2179	74
2180	80
2181	82
2182	79
2183	72
2184	72
2185	68
2186	83
2187	71
2188	67
2189	91
2190	78
2191	67
2192	74
2193	69
2194	72
2195	79
2196	69
2197	66
2198	67
2199	69
2200	78
2201	75
2202	75
2203	58
2204	95
2205	61
2206	75
2207	89
2208	56
2209	75
2210	51
2211	64
2212	77
2213	76
2214	76
2215	66
2216	79
2217	66
2218	87
2219	61
2220	79
2221	86
2222	73
2223	68
2224	73
2225	86
2226	57
2227	79
2228	65
2229	83
2230	87
2231	71
2232	79
2233	76
2234	74
2235	76
2236	70
2237	77
2238	68
2239	76
2240	86
2241	76
2242	87
2243	73
2244	81
2245	65
2246	86
2247	63
2248	63
2249	86
2250	75
2251	93
2252	82
2253	88
2254	66
2255	73
2256	80
2257	79
2258	97
2259	76
2260	71
2261	91
2262	91
2263	83
2264	90
2265	81
2266	84
2267	91
2268	78
2269	94
2270	87
2271	69
2272	80
2273	77
2274	72
2275	79
2276	70
2277	88
2278	90
2279	76
2280	84
2281	102
2282	97
2283	99
2284	96
2285	78
2286	90
2287	81
2288	97
2289	91
2290	100
2291	100
2292	92
2293	100
2294	106
2295	106
2296	120
2297	123
2298	107
2299	108
2300	111
2301	85
2302	103
2303	106
2304	97
2305	130
2306	103
2307	120
2308	121
2309	106
2310	131
2311	124
2312	121
2313	114
2314	119
2315	115
2316	150
2317	119
2318	130
2319	119
2320	128
2321	113
2322	118
2323	128
2324	145
2325	134
2326	129
2327	137
2328	127
2329	151
2330	130
2331	160
2332	132
2333	133
2334	133
2335	142
2336	156
2337	165
2338	153
2339	163
2340	153
2341	178
2342	149
2343	149
2344	164
2345	183
2346	156
2347	172
2348	154
2349	201
2350	191
2351	188
2352	169
2353	198
2354	176
2355	203
2356	234
2357	220
2358	203
2359	222
2360	211
2361	206
2362	217
2363	204
2364	217
2365	216
2366	248
2367	260
2368	224
2369	232
2370	248
2371	249
2372	254
2373	266
2374	255
2375	258
2376	288
2377	269
2378	316
2379	257
2380	283
2381	308
2382	262
2383	285
2384	322
2385	322
2386	308
2387	334
2388	317
2389	336
2390	359
2391	347
2392	337
2393	350
2394	353
2395	350
2396	376
2397	400
2398	373
2399	350
2400	365
2401	406
2402	367
2403	406
2404	402
2405	440
2406	390
2407	419
2408	414
2409	469
2410	434
2411	443
2412	446
2413	421
2414	446
2415	479
2416	459
2417	511
2418	495
2419	511
2420	538
2421	503
2422	504
2423	500
2424	584
2425	505
2426	525
2427	511
2428	591
2429	534
2430	617
2431	588
2432	591
2433	585
2434	565
2435	587
2436	594
2437	620
2438	593
2439	634
2440	643
2441	676
2442	624
2443	676
2444	658
2445	699
2446	632
2447	686
2448	688
2449	706
2450	695
2451	695
2452	723
2453	704
2454	737
2455	718
2456	761
2457	742
2458	728
2459	703
2460	767
2461	729
2462	779
2463	788
2464	815
2465	802
2466	794
2467	771
2468	840
2469	800
2470	822
2471	826
2472	796
2473	826
2474	862
2475	831
2476	882
2477	812
2478	886
2479	865
2480	935
2481	951
2482	895
2483	941
2484	895
2485	899
2486	895
2487	853
2488	904
2489	944
2490	922
2491	938
2492	943
2493	963
2494	879
2495	954
2496	928
2497	935
2498	943
2499	961
2500	933
2501	921
2502	931
2503	946
2504	917
2505	945
2506	907
2507	891
2508	934
2509	968
2510	929
2511	983
2512	934
2513	952
2514	967
2515	891
2516	1011
2517	987
2518	998
2519	1001
2520	952
2521	995
2522	922
2523	965
2524	947
2525	956
2526	927
2527	934
2528	902
2529	914
2530	965
2531	908
2532	905
2533	962
2534	856
2535	869
2536	883
2537	910
2538	888
2539	897
2540	874
2541	888
2542	885
2543	822
2544	843
2545	902
2546	891
2547	890
2548	856
2549	826
2550	881
2551	810
2552	809
2553	815
2554	843
2555	813
2556	776
2557	782
2558	836
2559	792
2560	800
2561	699
2562	790
2563	788
2564	736
2565	748
2566	727
2567	734
2568	691
2569	716
2570	738
2571	720
2572	657
2573	647
2574	623
2575	710
2576	677
2577	646
2578	653
2579	680
2580	631
2581	627
2582	638
2583	595
2584	560
2585	648
2586	590
2587	575
2588	522
2589	591
2590	555
2591	530
2592	533
2593	491
2594	509
2595	500
2596	524
2597	505
2598	531
2599	487
2600	454
2601	511
2602	450
2603	440
2604	460
2605	459
2606	419
2607	449
2608	392
2609	400
2610	412
2611	372
2612	436
2613	378
2614	367
2615	349
2616	343
2617	296
2618	360
2619	333
2620	311
2621	329
2622	326
2623	310
2624	291
2625	305
2626	294
2627	274
2628	271
2629	260
2630	277
2631	293
2632	276
2633	283
2634	270
2635	232
2636	254
2637	248
2638	229
2639	224
2640	212
2641	223
2642	227
2643	238
2644	248
2645	208
2646	186
2647	183
2648	189
2649	183
2650	173
2651	178
2652	173
2653	169
2654	175
2655	145
2656	146
2657	160
2658	160
2659	163
2660	130
2661	150
2662	138
2663	121
2664	131
2665	123
2666	138
2667	125
2668	107
2669	123
2670	114
2671	119
2672	105
2673	124
2674	98
2675	111
2676	100
2677	96
2678	102
2679	91
2680	90
2681	94
2682	81
2683	73
2684	91
2685	75
2686	81
2687	82
2688	82
2689	71
2690	68
2691	78
2692	66
2693	69
2694	44
2695	58
2696	57
2697	66
2698	52
2699	68
2700	50
2701	55
2702	57
2703	49
2704	69
2705	52
2706	61
2707	68
2708	42
2709	68
2710	53
2711	53
2712	41
2713	41
2714	49
2715	46
2716	48
2717	47
2718	44
2719	32
2720	36
2721	50
2722	57
2723	39
2724	38
2725	33
2726	46
2727	52
2728	37
2729	30
2730	46
2731	39
2732	37
2733	35
2734	46
2735	36
2736	39
2737	26
2738	48
2739	35
2740	27
2741	36
2742	28
2743	43
2744	25
2745	31
2746	31
2747	33
2748	33
2749	41
2750	28
2751	36
2752	33
2753	35
2754	29
2755	33
2756	42
2757	30
2758	34
2759	28
2760	35
2761	36
2762	25
2763	37
2764	24
2765	37
2766	33
2767	31
2768	29
2769	32
2770	27
2771	25
2772	37
2773	28
2774	27
2775	25
2776	20
2777	34
2778	20
2779	40
2780	27
2781	32
2782	39
2783	35
2784	32
2785	38
2786	33
2787	28
2788	34
2789	35
2790	33
2791	43
2792	38
2793	28
2794	45
2795	25
2796	31
2797	28
2798	33
2799	32
2800	35
2801	36
2802	33
2803	33
2804	27
2805	28
2806	41
2807	30
2808	27
2809	36
2810	39
2811	28
2812	31
2813	31
2814	30
2815	27
2816	38
2817	35
2818	39
2819	32
2820	47
2821	33
2822	36
2823	44
2824	25
2825	37
2826	29
2827	30
2828	33
2829	35
2830	43
2831	33
2832	38
2833	37
2834	23
2835	39
2836	38
2837	37
2838	29
2839	42
2840	40
2841	45
2842	30
2843	39
2844	29
2845	36
2846	32
2847	39
2848	37
2849	31
2850	38
2851	32
2852	31
2853	43
2854	44
2855	39
2856	31
2857	39
2858	34
2859	39
2860	48
2861	37
2862	42
2863	29
2864	42
2865	34
2866	31
2867	34
2868	34
2869	45
2870	33
2871	55
2872	38
2873	31
2874	41
2875	37
2876	53
2877	29
2878	43
2879	54
2880	39
2881	35
2882	29
2883	49
2884	36
2885	39
2886	54
2887	47
2888	30
2889	45
2890	28
2891	36
2892	35
2893	28
2894	41
2895	40
2896	47
2897	39
2898	30
2899	33
2900	41
2901	39
2902	36
2903	44
2904	57
2905	36
2906	40
2907	39
2908	41
2909	43
2910	42
2911	38
2912	44
2913	44
2914	48
2915	34
2916	44
2917	50
2918	38
2919	36
2920	43
2921	39
2922	33
2923	43
2924	41
2925	43
2926	36
2927	41
2928	37
2929	32
2930	48
2931	42
2932	42
2933	40
2934	49
2935	44
2936	44
2937	50
2938	42
2939	34
2940	42
2941	50
2942	44
2943	33
2944	35
2945	30
2946	41
2947	34
2948	36
2949	39
2950	41
2951	42
2952	40
2953	46
2954	41
2955	37
2956	42
2957	45
2958	45
2959	37
2960	45
2961	44
2962	35
2963	43
2964	41
2965	33
2966	33
2967	48
2968	33
2969	37
2970	46
2971	26
2972	40
2973	26
2974	36
2975	33
2976	39
2977	45
2978	37
2979	33
2980	47
2981	38
2982	43
2983	34
2984	37
2985	30
2986	39
2987	25
2988	31
2989	41
2990	39
2991	39
2992	43
2993	39
2994	37
2995	39
2996	35
2997	32
2998	30
2999	36
3000	42
3001	39
3002	42
3003	32
3004	30
3005	37
3006	31
3007	39
3008	29
3009	40
3010	24
3011	35
3012	26
3013	32
3014	30
3015	36
3016	27
3017	31
3018	34
3019	29
3020	28
3021	35
3022	24
3023	26
3024	45
3025	38
3026	28
3027	33
3028	32
3029	26
3030	37
3031	19
3032	39
3033	39
3034	40
3035	19
3036	37
3037	24
3038	26
3039	22
3040	30
3041	33
3042	17
3043	25
3044	38
3045	30
3046	24
3047	30
3048	31
3049	25
3050	39
3051	31
3052	30
3053	30
3054	27
3055	28
3056	30
3057	30
3058	29
3059	36
3060	36
3061	34
3062	30
3063	31
3064	21
3065	27
3066	26
3067	33
3068	29
3069	22
3070	26
3071	23
3072	42
3073	26
3074	25
3075	25
3076	27
3077	31
3078	32
3079	22
3080	25
3081	25
3082	17
3083	23
3084	27
3085	18
3086	26
3087	17
3088	24
3089	30
3090	30
3091	18
3092	36
3093	25
3094	24
3095	24
3096	27
3097	29
3098	26
3099	18
3100	24
3101	27
3102	22
3103	25
3104	23
3105	36
3106	22
3107	23
3108	29
3109	33
3110	24
3111	30
3112	22
3113	26
3114	30
3115	27
3116	34
3117	28
3118	21
3119	25
3120	19
3121	24
3122	31
3123	33
3124	26
3125	17
3126	32
3127	19
3128	20
3129	20
3130	25
3131	25
3132	23
3133	18
3134	30
3135	23
3136	20
3137	25
3138	23
3139	19
3140	28
3141	17
3142	26
3143	26
3144	27
3145	37
3146	20
3147	31
3148	18
3149	24
3150	22
3151	19
3152	24
3153	22
3154	20
3155	17
3156	26
3157	20
3158	23
3159	25
3160	20
3161	20
3162	26
3163	25
3164	27
3165	24
3166	23
3167	21
3168	23
3169	32
3170	28
3171	21
3172	26
3173	25
3174	22
3175	24
3176	25
3177	30
3178	15
3179	22
3180	23
3181	17
3182	30
3183	13
3184	27
3185	8
3186	31
3187	21
3188	20
3189	20
3190	30
3191	23
3192	17
3193	30
3194	27
3195	27
3196	24
3197	18
3198	26
3199	20
3200	22
3201	27
3202	17
3203	16
3204	20
3205	18
3206	18
3207	29
3208	29
3209	29
3210	22
3211	23
3212	24
3213	29
3214	26
3215	23
3216	21
3217	23
3218	25
3219	37
3220	29
3221	18
3222	20
3223	23
3224	14
3225	18
3226	20
3227	25
3228	28
3229	25
3230	17
3231	18
3232	33
3233	40
3234	29
3235	27
3236	20
3237	21
3238	20
3239	26
3240	25
3241	26
3242	24
3243	21
3244	24
3245	20
3246	19
3247	23
3248	22
3249	30
3250	33
3251	24
3252	23
3253	26
3254	23
3255	28
3256	22
3257	21
3258	24
3259	29
3260	18
3261	21
3262	27
3263	30
3264	20
3265	25
3266	27
3267	25
3268	25
3269	21
3270	21
3271	27
3272	20
3273	18
3274	23
3275	19
3276	22
3277	21
3278	21
3279	19
3280	23
3281	22
3282	14
3283	22
3284	25
3285	32
3286	23
3287	28
3288	19
3289	21
3290	20
3291	22
3292	22
3293	30
3294	23
3295	28
3296	24
3297	24
3298	22
3299	23
3300	17
3301	29
3302	24
3303	18
3304	27
3305	19
3306	24
3307	16
3308	15
3309	25
3310	19
3311	16
3312	27
3313	17
3314	22
3315	31
3316	27
3317	16
3318	16
3319	28
3320	24
3321	13
3322	27
3323	28
3324	17
3325	11
3326	23
3327	22
3328	26
3329	22
3330	22
3331	30
3332	23
3333	31
3334	21
3335	23
3336	23
3337	22
3338	19
3339	14
3340	22
3341	20
3342	25
3343	26
3344	21
3345	19
3346	18
3347	30
3348	26
3349	24
3350	32
3351	15
3352	11
3353	24
3354	17
3355	36
3356	19
3357	21
3358	22
3359	15
3360	13
3361	21
3362	15
3363	17
3364	21
3365	27
3366	19
3367	30
3368	22
3369	19
3370	33
3371	15
3372	20
3373	21
3374	17
3375	27
3376	20
3377	14
3378	26
3379	17
3380	14
3381	24
3382	17
3383	13
3384	19
3385	21
3386	27
3387	15
3388	19
3389	22
3390	15
3391	13
3392	16
3393	17
3394	18
3395	10
3396	21
3397	24
3398	10
3399	17
3400	15
3401	18
3402	19
3403	17
3404	23
3405	15
3406	23
3407	17
3408	20
3409	11
3410	15
3411	23
3412	21
3413	14
3414	22
3415	22
3416	18
3417	17
3418	22
3419	20
3420	19
3421	19
3422	23
3423	17
3424	24
3425	16
3426	22
3427	19
3428	17
3429	15
3430	10
3431	22
3432	14
3433	21
3434	20
3435	15
3436	18
3437	11
3438	23
3439	12
3440	23
3441	12
3442	22
3443	15
3444	17
3445	20
3446	23
3447	20
3448	18
3449	22
3450	12
3451	22
3452	21
3453	12
3454	22
3455	23
3456	24
3457	28
3458	21
3459	25
3460	12
3461	19
3462	13
3463	23
3464	20
3465	22
3466	20
3467	25
3468	30
3469	28
3470	25
3471	28
3472	29
3473	30
3474	15
3475	18
3476	20
3477	27
3478	17
3479	20
3480	23
3481	13
3482	22
3483	22
3484	22
3485	36
3486	26
3487	22
3488	21
3489	27
3490	19
3491	17
3492	24
3493	28
3494	12
3495	28
3496	16
3497	17
3498	24
3499	26
3500	27
3501	17
3502	17
3503	30
3504	18
3505	20
3506	14
3507	25
3508	30
3509	22
3510	33
3511	31
3512	16
3513	29
3514	24
3515	30
3516	27
3517	31
3518	31
3519	23
3520	23
3521	34
3522	20
3523	28
3524	19
3525	22
3526	26
3527	34
3528	17
3529	19
3530	18
3531	16
3532	18
3533	16
3534	30
3535	28
3536	25
3537	22
3538	22
3539	21
3540	25
3541	34
3542	30
3543	26
3544	14
3545	23
3546	25
3547	32
3548	30
3549	22
3550	26
3551	28
3552	34
3553	26
3554	18
3555	22
3556	24
3557	28
3558	20
3559	25
3560	22
3561	24
3562	28
3563	21
3564	27
3565	34
3566	19
3567	31
3568	40
3569	26
3570	30
3571	25
3572	26
3573	29
3574	26
3575	21
3576	24
3577	31
3578	23
3579	21
3580	18
3581	25
3582	29
3583	24
3584	34
3585	25
3586	32
3587	23
3588	33
3589	25
3590	34
3591	17
3592	35
3593	26
3594	36
3595	26
3596	20
3597	22
3598	27
3599	35
3600	23
3601	24
3602	33
3603	23
3604	25
3605	26
3606	32
3607	23
3608	21
3609	24
3610	20
3611	28
3612	20
3613	26
3614	34
3615	31
3616	26
3617	30
3618	37
3619	22
3620	20
3621	28
3622	25
3623	22
3624	26
3625	31
3626	29
3627	36
3628	19
3629	27
3630	25
3631	31
3632	32
3633	20
3634	24
3635	15
3636	23
3637	24
3638	26
3639	31
3640	23
3641	36
3642	33
3643	20
3644	32
3645	20
3646	19
3647	30
3648	29
3649	23
3650	31
3651	16
3652	31
3653	27
3654	27
3655	19
3656	22
3657	25
3658	30
3659	28
3660	29
3661	20
3662	27
3663	29
3664	31
3665	36
3666	23
3667	18
3668	23
3669	17
3670	27
3671	21
3672	25
3673	20
3674	24
3675	22
3676	21
3677	22
3678	29
3679	31
3680	29
3681	25
3682	20
3683	26
3684	20
3685	17
3686	22
3687	26
3688	20
3689	17
3690	27
3691	29
3692	29
3693	25
3694	21
3695	19
3696	27
3697	17
3698	19
3699	24
3700	21
3701	37
3702	19
3703	23
3704	28
3705	21
3706	31
3707	16
3708	19
3709	21
3710	21
3711	14
3712	23
3713	20
3714	12
3715	27
3716	21
3717	14
3718	11
3719	24
3720	20
3721	30
3722	24
3723	23
3724	26
3725	24
3726	15
3727	22
3728	20
3729	18
3730	17
3731	21
3732	24
3733	26
3734	20
3735	21
3736	17
3737	24
3738	11
3739	20
3740	20
3741	15
3742	17
3743	17
3744	20
3745	19
3746	16
3747	21
3748	26
3749	24
3750	19
3751	20
3752	17
3753	20
3754	26
3755	21
3756	18
3757	17
3758	13
3759	22
3760	22
3761	19
3762	17
3763	20
3764	17
3765	24
3766	18
3767	20
3768	12
3769	8
3770	12
3771	17
3772	16
3773	14
3774	18
3775	19
3776	13
3777	19
3778	14
3779	7
3780	15
3781	20
3782	13
3783	11
3784	21
3785	18
3786	10
3787	13
3788	15
3789	16
3790	16
3791	19
3792	16
3793	15
3794	12
3795	17
3796	21
3797	13
3798	19
3799	11
3800	10
3801	18
3802	19
3803	14
3804	19
3805	15
3806	19
3807	20
3808	15
3809	12
3810	14
3811	11
3812	19
3813	20
3814	14
3815	13
3816	8
3817	15
3818	14
3819	20
3820	10
3821	17
3822	14
3823	15
3824	10
3825	14
3826	5
3827	14
3828	9
3829	13
3830	16
3831	12
3832	17
3833	13
3834	12
3835	11
3836	16
3837	14
3838	19
3839	19
3840	12
3841	10
3842	16
3843	17
3844	17
3845	17
3846	14
3847	9
3848	11
3849	19
3850	13
3851	18
3852	18
3853	21
3854	10
3855	13
3856	12
3857	11
3858	11
3859	16
3860	11
3861	13
3862	16
3863	10
3864	11
3865	11
3866	15
3867	17
3868	13
3869	14
3870	15
3871	11
3872	10
3873	9
3874	9
3875	13
3876	15
3877	16
3878	15
3879	15
3880	16
3881	13
3882	20
3883	16
3884	18
3885	17
3886	12
3887	16
3888	15
3889	10
3890	15
3891	16
3892	22
3893	14
3894	14
3895	8
3896	18
3897	10
3898	13
3899	17
3900	20
3901	15
3902	14
3903	18
3904	15
3905	14
3906	14
3907	18
3908	15
3909	14
3910	14
3911	14
3912	21
3913	11
3914	15
3915	19
3916	20
3917	18
3918	8
3919	14
3920	21
3921	14
3922	18
3923	14
3924	19
3925	20
3926	18
3927	16
3928	7
3929	18
3930	16
3931	19
3932	18
3933	14
3934	14
3935	25
3936	21
3937	12
3938	9
3939	25
3940	11
3941	14
3942	12
3943	23
3944	14
3945	15
3946	16
3947	20
3948	17
3949	8
3950	10
3951	17
3952	15
3953	19
3954	22
3955	24
3956	19
3957	20
3958	24
3959	14
3960	13
3961	12
3962	24
3963	18
3964	22
3965	12
3966	24
3967	27
3968	23
3969	14
3970	22
3971	14
3972	23
3973	16
3974	31
3975	12
3976	13
3977	19
3978	22
3979	19
3980	22
3981	26
3982	23
3983	24
3984	18
3985	16
3986	12
3987	15
3988	25
3989	17
3990	26
3991	27
3992	19
3993	18
3994	17
3995	21
3996	23
3997	15
3998	26
3999	29
4000	16
4001	17
4002	21
4003	21
4004	28
4005	17
4006	17
4007	25
4008	26
4009	31
4010	22
4011	24
4012	17
4013	18
4014	29
4015	27
4016	25
4017	22
4018	15
4019	17
4020	24
4021	26
4022	28
4023	20
4024	28
4025	23
4026	26
4027	23
4028	12
4029	20
4030	22
4031	31
4032	26
4033	20
4034	36
4035	23
4036	21
4037	28
4038	18
4039	22
4040	28
4041	23
4042	27
4043	30
4044	19
4045	22
4046	30
4047	24
4048	27
4049	32
4050	46
4051	26
4052	39
4053	28
4054	19
4055	24
4056	19
4057	29
4058	24
4059	28
4060	31
4061	32
4062	29
4063	24
4064	26
4065	25
4066	22
4067	29
4068	22
4069	41
4070	19
4071	23
4072	21
4073	23
4074	28
4075	26
4076	29
4077	16
4078	23
4079	24
4080	16
4081	43
4082	29
4083	32
4084	33
4085	27
4086	28
4087	23
4088	29
4089	19
4090	26
4091	28
4092	25
4093	43
4094	27
4095	20
4096	27
4097	43
4098	24
4099	28
4100	23
4101	23
4102	31
4103	34
4104	30
4105	34
4106	26
4107	33
4108	31
4109	27
4110	31
4111	34
4112	23
4113	34
4114	27
4115	22
4116	29
4117	27
4118	23
4119	26
4120	32
4121	26
4122	30
4123	28
4124	30
4125	33
4126	28
4127	28
4128	30
4129	28
4130	29
4131	27
4132	26
4133	36
4134	33
4135	27
4136	18
4137	25
4138	28
4139	30
4140	23
4141	32
4142	25
4143	28
4144	24
4145	26
4146	32
4147	41
4148	22
4149	26
4150	36
4151	41
4152	34
4153	32
4154	22
4155	33
4156	34
4157	33
4158	38
4159	26
4160	38
4161	27
4162	28
4163	27
4164	23
4165	25
4166	26
4167	26
4168	23
4169	14
4170	28
4171	23
4172	22
4173	15
4174	28
4175	31
4176	28
4177	27
4178	18
4179	28
4180	31
4181	23
4182	24
4183	21
4184	28
4185	27
4186	27
4187	21
4188	24
4189	25
4190	21
4191	20
4192	22
4193	28
4194	34
4195	19
4196	27
4197	25
4198	30
4199	26
4200	25
4201	16
4202	22
4203	24
4204	27
4205	18
4206	21
4207	18
4208	21
4209	11
4210	30
4211	22
4212	21
4213	23
4214	21
4215	22
4216	17
4217	31
4218	30
4219	17
4220	25
4221	20
4222	23
4223	29
4224	14
4225	19
4226	18
4227	18
4228	18
4229	16
4230	22
4231	19
4232	26
4233	22
4234	19
4235	19
4236	21
4237	21
4238	23
4239	18
4240	14
4241	21
4242	23
4243	15
4244	24
4245	15
4246	27
4247	16
4248	20
4249	19
4250	24
4251	17
4252	18
4253	19
4254	20
4255	15
4256	16
4257	15
4258	25
4259	17
4260	23
4261	18
4262	21
4263	14
4264	21
4265	19
4266	18
4267	16
4268	19
4269	19
4270	15
4271	14
4272	15
4273	20
4274	14
4275	15
4276	17
4277	25
4278	22
4279	19
4280	17
4281	15
4282	25
4283	13
4284	13
4285	10
4286	9
4287	22
4288	13
4289	16
4290	17
4291	18
4292	18
4293	15
4294	17
4295	11
4296	10
4297	15
4298	15
4299	19
4300	11
4301	8
4302	19
4303	8
4304	12
4305	14
4306	15
4307	8
4308	16
4309	21
4310	9
4311	14
4312	12
4313	12
4314	11
4315	18
4316	15
4317	21
4318	17
4319	14
4320	18
4321	12
4322	13
4323	12
4324	11
4325	12
4326	14
4327	8
4328	10
4329	9
4330	6
4331	13
4332	14
4333	10
4334	16
4335	10
4336	21
4337	16
4338	10
4339	15
4340	14
4341	11
4342	12
4343	15
4344	9
4345	15
4346	20
4347	6
4348	18
4349	16
4350	15
4351	9
4352	10
4353	11
4354	13
4355	6
4356	16
4357	12
4358	9
4359	7
4360	15
4361	17
4362	7
4363	9
4364	6
4365	8
4366	7
4367	6
4368	13
4369	10
4370	14
4371	10
4372	14
4373	6
4374	10
4375	9
4376	9
4377	12
4378	9
4379	13
4380	9
4381	9
4382	12
4383	14
4384	7
4385	10
4386	14
4387	11
4388	10
4389	8
4390	10
4391	10
4392	9
4393	11
4394	10
4395	12
4396	10
4397	11
4398	9
4399	11
4400	4
4401	12
4402	7
4403	14
4404	7
4405	3
4406	9
4407	5
4408	13
4409	8
4410	8
4411	13
4412	14
4413	7
4414	8
4415	5
4416	7
4417	8
4418	7
4419	7
4420	7
4421	7
4422	10
4423	13
4424	10
4425	9
4426	6
4427	9
4428	9
4429	11
4430	8
4431	6
4432	6
4433	10
4434	10
4435	11
4436	10
4437	9
4438	8
4439	13
4440	16
4441	10
4442	7
4443	9
4444	12
4445	7
4446	4
4447	9
4448	11
4449	4
4450	6
4451	5
4452	5
4453	10
4454	6
4455	11
4456	9
4457	9
4458	7
4459	7
4460	8
4461	11
4462	13
4463	10
4464	4
4465	6
4466	10
4467	9
4468	11
4469	10
4470	7
4471	5
4472	7
4473	6
4474	8
4475	10
4476	9
4477	6
4478	10
4479	10
4480	3
4481	7
4482	13
4483	11
4484	10
4485	5
4486	10
4487	7
4488	6
4489	8
4490	4
4491	10
4492	2
4493	5
4494	7
4495	8
4496	9
4497	8
4498	10
4499	7
4500	6
4501	3
4502	6
4503	6
4504	8
4505	4
4506	8
4507	4
4508	11
4509	9
4510	7
4511	10
4512	8
4513	6
4514	7
4515	9
4516	6
4517	8
4518	2
4519	4
4520	8
4521	7
4522	6
4523	8
4524	6
4525	5
4526	4
4527	6
4528	8
4529	7
4530	12
4531	8
4532	8
4533	5
4534	5
4535	6
4536	8
4537	8
4538	7
4539	8
4540	5
4541	3
4542	5
4543	13
4544	9
4545	12
4546	6
4547	6
4548	4
4549	7
4550	6
4551	7
4552	5
4553	9
4554	7
4555	7
4556	9
4557	6
4558	5
4559	4
4560	2
4561	10
4562	8
4563	6
4564	6
4565	8
4566	4
4567	5
4568	3
4569	3
4570	6
4571	7
4572	6
4573	10
4574	9
4575	5
4576	4
4577	5
4578	5
4579	9
4580	2
4581	9
4582	4
4583	5
4584	6
4585	9
4586	3
4587	7
4588	4
4589	6
4590	5
4591	5
4592	3
4593	4
4594	3
4595	5
4596	8
4597	7
4598	8
4599	3
4600	6
4601	10
4602	5
4603	5
4604	6
4605	6
4606	4
4607	2
4608	6
4609	2
4610	5
4611	1
4612	0
4613	7
4614	2
4615	4
4616	2
4617	4
4618	4
4619	7
4620	4
4621	2
4622	3
4623	5
4624	5
4625	4
4626	7
4627	7
4628	2
4629	5
4630	4
4631	5
4632	2
4633	5
4634	4
4635	3
4636	8
4637	4
4638	7
4639	4
4640	8
4641	7
4642	4
4643	4
4644	5
4645	4
4646	4
4647	6
4648	4
4649	5
4650	10
4651	7
4652	3
4653	2
4654	6
4655	5
4656	5
4657	1
4658	5
4659	3
4660	3
4661	3
4662	2
4663	7
4664	3
4665	4
4666	3
4667	8
4668	1
4669	2
4670	4
4671	3
4672	4
4673	5
4674	2
4675	3
4676	7
4677	6
4678	2
4679	4
4680	6
4681	2
4682	5
4683	4
4684	3
4685	7
4686	5
4687	2
4688	7
4689	2
4690	2
4691	4
4692	5
4693	6
4694	7
4695	6
4696	4
4697	6
4698	5
4699	2
4700	3
4701	5
4702	6
4703	6
4704	4
4705	5
4706	4
4707	6
4708	10
4709	4
4710	6
4711	0
4712	8
4713	6
4714	5
4715	3
4716	1
4717	3
4718	4
4719	0
4720	3
4721	7
4722	6
4723	4
4724	2
4725	7
4726	4
4727	2
4728	5
4729	4
4730	4
4731	5
4732	9
4733	2
4734	3
4735	2
4736	5
4737	5
4738	6
4739	5
4740	12
4741	6
4742	6
4743	7
4744	5
4745	6
4746	4
4747	4
4748	7
4749	3
4750	2
4751	8
4752	4
4753	3
4754	4
4755	4
4756	1
4757	6
4758	4
4759	4
4760	8
4761	6
4762	3
4763	3
4764	6
4765	4
4766	3
4767	4
4768	3
4769	6
4770	7
4771	4
4772	3
4773	6
4774	4
4775	5
4776	6
4777	8
4778	4
4779	9
4780	5
4781	5
4782	2
4783	4
4784	7
4785	3
4786	5
4787	6
4788	8
4789	0
4790	6
4791	7
4792	5
4793	4
4794	6
4795	3
4796	3
4797	2
4798	4
4799	4
4800	6
4801	7
4802	5
4803	1
4804	7
4805	4
4806	6
4807	4
4808	4
4809	5
4810	3
4811	7
4812	7
4813	5
4814	6
4815	6
4816	7
4817	5
4818	4
4819	2
4820	4
4821	5
4822	8
4823	1
4824	8
4825	5
4826	4
4827	9
4828	4
4829	4
4830	3
4831	2
4832	6
4833	3
4834	5
4835	5
4836	8
4837	3
4838	6
4839	4
4840	3
4841	2
4842	3
4843	7
4844	2
4845	6
4846	5
4847	7
4848	3
4849	4
4850	6
4851	8
4852	3
4853	3
4854	4
4855	6
4856	4
4857	7
4858	11
4859	5
4860	11
4861	3
4862	12
4863	8
4864	4
4865	4
4866	3
4867	4
4868	5
4869	5
4870	6
4871	4
4872	6
4873	6
4874	5
4875	7
4876	7
4877	6
4878	6
4879	4
4880	5
4881	6
4882	9
4883	7
4884	6
4885	3
4886	9
4887	3
4888	5
4889	3
4890	4
4891	7
4892	3
4893	6
4894	4
4895	8
4896	8
4897	2
4898	5
4899	5
4900	5
4901	4
4902	6
4903	9
4904	7
4905	4
4906	6
4907	5
4908	8
4909	7
4910	6
4911	5
4912	9
4913	4
4914	10
4915	8
4916	7
4917	8
4918	6
4919	7
4920	10
4921	9
4922	5
4923	7
4924	2
4925	8
4926	3
4927	6
4928	2
4929	4
4930	7
4931	7
4932	5
4933	7
4934	13
4935	11
4936	11
4937	5
4938	15
4939	3
4940	12
4941	5
4942	4
4943	8
4944	8
4945	8
4946	8
4947	7
4948	5
4949	11
4950	3
4951	3
4952	7
4953	8
4954	7
4955	9
4956	13
4957	7
4958	5
4959	16
4960	4
4961	7
4962	7
4963	6
4964	8
4965	8
4966	11
4967	6
4968	7
4969	5
4970	7
4971	6
4972	8
4973	4
4974	9
4975	6
4976	10
4977	6
4978	9
4979	9
4980	8
4981	8
4982	9
4983	7
4984	4
4985	7
4986	4
4987	8
4988	3
4989	8
4990	7
4991	6
4992	9
4993	7
4994	7
4995	3
4996	9
4997	7
4998	8
4999	6
5000	2
5001	9
5002	7
5003	5
5004	7
5005	7
5006	6
5007	2
5008	8
5009	7
5010	5
5011	6
5012	10
5013	11
5014	10
5015	7
5016	3
5017	11
5018	5
5019	9
5020	7
5021	5
5022	5
5023	4
5024	8
5025	7
5026	8
5027	4
5028	5
5029	7
5030	11
5031	7
5032	14
5033	5
5034	8
5035	5
5036	7
5037	9
5038	10
5039	7
5040	4
5041	4
5042	11
5043	5
5044	9
5045	6
5046	8
5047	9
5048	10
5049	7
5050	1
5051	7
5052	9
5053	10
5054	6
5055	7
5056	6
5057	9
5058	7
5059	5
5060	6
5061	7
5062	9
5063	9
5064	10
5065	4
5066	11
5067	11
5068	3
5069	10
5070	9
5071	7
5072	6
5073	7
5074	6
5075	5
5076	13
5077	7
5078	14
5079	5
5080	8
5081	6
5082	14
5083	7
5084	9
5085	9
5086	8
5087	13
5088	8
5089	16
5090	8
5091	7
5092	9
5093	1
5094	10
5095	7
5096	5
5097	3
5098	7
5099	17
5100	15
5101	9
5102	2
5103	11
5104	9
5105	4
5106	15
5107	20
5108	12
5109	18
5110	14
5111	10
5112	7
5113	8
5114	9
5115	12
5116	11
5117	8
5118	13
5119	9
5120	13
5121	10
5122	8
5123	8
5124	10
5125	8
5126	11
5127	11
5128	4
5129	6
5130	10
5131	15
5132	17
5133	10
5134	15
5135	14
5136	10
5137	6
5138	8
5139	11
5140	24
5141	12
5142	7
5143	10
5144	15
5145	5
5146	13
5147	5
5148	5
5149	10
5150	12
5151	13
5152	9
5153	12
5154	7
5155	5
5156	12
5157	11
5158	9
5159	15
5160	17
5161	17
5162	11
5163	11
5164	14
5165	7
5166	13
5167	10
5168	15
5169	8
5170	12
5171	9
5172	13
5173	8
5174	12
5175	14
5176	13
5177	17
5178	15
5179	12
5180	10
5181	9
5182	14
5183	16
5184	18
5185	9
5186	10
5187	15
5188	14
5189	12
5190	12
5191	12
5192	14
5193	18
5194	9
5195	14
5196	21
5197	21
5198	14
5199	15
5200	15
5201	13
5202	9
5203	17
5204	17
5205	9
5206	10
5207	15
5208	19
5209	13
5210	14
5211	14
5212	14
5213	14
5214	16
5215	11
5216	15
5217	10
5218	8
5219	14
5220	14
5221	20
5222	8
5223	15
5224	16
5225	11
5226	18
5227	10
5228	13
5229	11
5230	16
5231	12
5232	9
5233	13
5234	15
5235	10
5236	11
5237	9
5238	10
5239	15
5240	12
5241	15
5242	18
5243	12
5244	13
5245	10
5246	11
5247	17
5248	14
5249	19
5250	14
5251	17
5252	18
5253	24
5254	12
5255	9
5256	12
5257	15
5258	15
5259	15
5260	16
5261	17
5262	9
5263	12
5264	11
5265	17
5266	12
5267	12
5268	14
5269	16
5270	12
5271	10
5272	10
5273	12
5274	15
5275	12
5276	16
5277	8
5278	17
5279	19
5280	14
5281	12
5282	14
5283	12
5284	13
5285	17
5286	7
5287	10
5288	13
5289	20
5290	14
5291	16
5292	16
5293	21
5294	14
5295	10
5296	14
5297	12
5298	16
5299	15
5300	10
5301	15
5302	13
5303	14
5304	19
5305	16
5306	21
5307	10
5308	11
5309	16
5310	10
5311	10
5312	7
5313	15
5314	9
5315	13
5316	16
5317	20
5318	11
5319	14
5320	7
5321	16
5322	16
5323	7
5324	12
5325	12
5326	15
5327	10
5328	10
5329	7
5330	8
5331	10
5332	18
5333	9
5334	15
5335	9
5336	16
5337	9
5338	15
5339	15
5340	10
5341	15
5342	15
5343	4
5344	12
5345	12
5346	10
5347	16
5348	12
5349	10
5350	5
5351	11
5352	7
5353	3
5354	4
5355	6
5356	6
5357	16
5358	14
5359	9
5360	9
5361	6
5362	17
5363	9
5364	11
5365	10
5366	14
5367	6
5368	10
5369	14
5370	7
5371	7
5372	6
5373	12
5374	7
5375	6
5376	9
5377	12
5378	7
5379	4
5380	10
5381	4
5382	6
5383	7
5384	5
5385	9
5386	6
5387	10
5388	11
5389	5
5390	11
5391	9
5392	10
5393	8
5394	9
5395	1
5396	9
5397	4
5398	10
5399	7
5400	5
5401	6
5402	8
5403	5
5404	2
5405	7
5406	4
5407	9
5408	1
5409	8
5410	6
5411	9
5412	2
5413	8
5414	7
5415	11
5416	6
5417	6
5418	6
5419	2
5420	6
5421	8
5422	6
5423	4
5424	4
5425	10
5426	7
5427	9
5428	6
5429	7
5430	4
5431	5
5432	6
5433	5
5434	2
5435	10
5436	5
5437	5
5438	9
5439	4
5440	10
5441	3
5442	7
5443	5
5444	10
5445	2
5446	5
5447	6
5448	5
5449	3
5450	5
5451	2
5452	5
5453	2
5454	3
5455	5
5456	4
5457	3
5458	6
5459	5
5460	5
5461	8
5462	3
5463	0
5464	2
5465	8
5466	3
5467	6
5468	5
5469	6
5470	3
5471	1
5472	1
5473	6
5474	4
5475	7
5476	3
5477	9
5478	3
5479	4
5480	1
5481	3
5482	2
5483	1
5484	4
5485	7
5486	6
5487	6
5488	3
5489	8
5490	3
5491	2
5492	2
5493	6
5494	2
5495	1
5496	4
5497	7
5498	4
5499	0
5500	1
5501	2
5502	6
5503	1
5504	4
5505	2
5506	4
5507	0
5508	0
5509	3
5510	3
5511	4
5512	1
5513	4
5514	2
5515	5
5516	2
5517	2
5518	2
5519	4
5520	4
5521	3
5522	2
5523	3
5524	1
5525	1
5526	1
5527	2
5528	2
5529	2
5530	1
5531	4
5532	1
5533	3
5534	2
5535	4
5536	1
5537	1
5538	2
5539	0
5540	4
5541	1
5542	2
5543	2
5544	3
5545	2
5546	0
5547	0
5548	1
5549	1
5550	1
5551	1
5552	1
5553	1
5554	1
5555	3
5556	0
5557	0
5558	1
5559	0
5560	1
5561	2
5562	2
5563	2
5564	2
5565	0
5566	1
5567	1
5568	4
5569	1
5570	0
5571	0
5572	1
5573	2
5574	0
5575	1
5576	2
5577	1
5578	3
5579	0
5580	2
5581	0
5582	1
5583	1
5584	0
5585	2
5586	1
5587	1
5588	3
5589	0
5590	1
5591	0
5592	3
5593	1
5594	1
5595	2
5596	0
5597	1
5598	1
5599	0
5600	0
5601	2
5602	1
5603	1
5604	1
5605	1
5606	3
5607	1
5608	1
5609	3
5610	1
5611	1
5612	0
5613	0
5614	0
5615	0
5616	0
5617	1
5618	0
5619	0
5620	0
5621	0
5622	1
5623	1
5624	0
5625	1
5626	1
5627	0
5628	1
5629	0
5630	0
5631	0
5632	1
5633	1
5634	1
5635	0
5636	1
5637	0
5638	1
5639	0
5640	1
5641	0
5642	0
5643	1
5644	2
5645	0
5646	0
5647	0
5648	2
5649	0
5650	2
5651	0
5652	1
5653	0
5654	0
5655	0
5656	0
5657	0
5658	1
5659	0
5660	0
5661	3
5662	0
5663	1
5664	1
5665	1
5666	0
5667	1
5668	2
5669	0
5670	0
5671	2
5672	1
5673	1
5674	0
5675	0
5676	1
5677	0
5678	0
5679	0
5680	0
5681	1
5682	1
5683	0
5684	0
5685	1
5686	2
5687	0
5688	0
5689	0
5690	0
5691	0
5692	0
5693	1
5694	0
5695	1
5696	1
5697	0
5698	2
5699	1
5700	0
5701	0
5702	0
5703	0
5704	0
5705	1
5706	0
5707	0
5708	0
5709	0
5710	0
5711	2
5712	0
5713	0
5714	1
5715	0
5716	0
5717	0
5718	1
5719	0
5720	1
5721	0
5722	0
5723	1
5724	2
5725	0
5726	2
5727	0
5728	0
5729	0
5730	0
5731	0
5732	0
5733	0
5734	0
5735	0
5736	0
5737	0
5738	0
5739	1
5740	0
5741	0
5742	0
5743	1
5744	0
5745	0
5746	0
5747	1
5748	3
5749	1
5750	1
5751	2
5752	2
5753	0
5754	0
5755	0
5756	0
5757	0
5758	1
5759	0
5760	1
5761	1
5762	0
5763	0
5764	2
5765	0
5766	1
5767	0
5768	0
5769	0
5770	1
5771	0
5772	0
5773	0
5774	1
5775	1
5776	1
5777	0
5778	2
5779	0
5780	0
5781	1
5782	0
5783	0
5784	1
5785	0
5786	1
5787	1
5788	0
5789	0
5790	1
5791	0
5792	1
5793	0
5794	1
5795	2
5796	1
5797	1
5798	1
5799	0
5800	0
5801	0
5802	0
5803	0
5804	1
5805	1
5806	0
5807	1
5808	2
5809	0
5810	0
5811	1
5812	1
5813	1
5814	1
5815	1
5816	0
5817	0
5818	0
5819	1
5820	0
5821	1
5822	0
5823	0
5824	0
5825	0
5826	0
5827	0
5828	0
5829	0
5830	0
5831	0
5832	1
5833	1
5834	1
5835	0
5836	0
5837	0
5838	0
5839	0
5840	0
5841	1
5842	3
5843	0
5844	0
5845	0
5846	1
5847	0
5848	0
5849	0
5850	1
5851	1
5852	0
5853	0
5854	1
5855	0
5856	0
5857	1
5858	0
5859	0
5860	0
5861	0
5862	0
5863	0
5864	0
5865	0
5866	0
5867	0
5868	0
5869	0
5870	0
5871	0
5872	0
5873	1
5874	1
5875	0
5876	0
5877	0
5878	1
5879	1
5880	0
5881	1
5882	0
5883	0
5884	0
5885	0
5886	0
5887	1
5888	0
5889	1
5890	0
5891	0
5892	0
5893	0
5894	0
5895	0
5896	0
5897	1
5898	0
5899	0
5900	0
5901	0
5902	0
5903	1
5904	1
5905	2
5906	1
5907	0
5908	1
5909	3
5910	0
5911	0
5912	0
5913	1
5914	1
5915	0
5916	2
5917	0
5918	0
5919	0
5920	1
5921	0
5922	0
5923	1
5924	0
5925	0
5926	0
5927	1
5928	1
5929	0
5930	0
5931	0
5932	0
5933	0
5934	2
5935	1
5936	1
5937	0
5938	0
5939	0
5940	1
5941	0
5942	1
5943	1
5944	0
5945	0
5946	1
5947	0
5948	0
5949	0
5950	0
5951	0
5952	0
5953	0
5954	0
5955	0
5956	2
5957	0
5958	1
5959	0
5960	0
5961	0
5962	0
5963	0
5964	1
5965	1
5966	0
5967	1
5968	0
5969	0
5970	0
5971	0
5972	0
5973	3
5974	0
5975	1
5976	1
5977	0
5978	0
5979	0
5980	0
5981	0
5982	0
5983	1
5984	1
5985	0
5986	0
5987	1
5988	0
5989	0
5990	0
5991	1
5992	0
5993	0
5994	1
5995	0
5996	1
5997	1
5998	0
5999	1
6000	1
6001	0
6002	2
6003	0
6004	0
6005	0
6006	0
6007	1
6008	0
6009	1
6010	0
6011	0
6012	1
6013	0
6014	0
6015	1
6016	1
6017	1
6018	0
6019	0
6020	1
6021	0
6022	0
6023	0
6024	0
6025	0
6026	1
6027	1
6028	0
6029	0
6030	0
6031	1
6032	2
6033	0
6034	1
6035	1
6036	0
6037	1
6038	0
6039	0
6040	0
6041	0
6042	0
6043	1
6044	1
6045	1
6046	0
6047	0
6048	1
6049	0
6050	0
6051	0
6052	0
6053	0
6054	0
6055	0
6056	0
6057	3
6058	0
6059	0
6060	0
6061	2
6062	0
6063	0
6064	0
6065	0
6066	0
6067	1
6068	1
6069	0
6070	0
6071	1
6072	0
6073	0
6074	1
6075	0
6076	0
6077	0
6078	1
6079	0
6080	0
6081	0
6082	0
6083	0
6084	0
6085	0
6086	1
6087	0
6088	0
6089	1
6090	0
6091	1
6092	0
6093	0
6094	0
6095	0
6096	0
6097	0
6098	0
6099	1
6100	0
6101	0
6102	0
6103	0
6104	0
6105	0
6106	0
6107	0
6108	0
6109	1
6110	0
6111	0
6112	1
6113	1
6114	0
6115	0
6116	0
6117	0
6118	1
6119	0
6120	0
6121	0
6122	0
6123	0
6124	0
6125	0
6126	0
6127	0
6128	0
6129	0
6130	0
6131	0
6132	0
6133	0
6134	0
6135	1
6136	0
6137	0
6138	0
6139	1
6140	0
6141	0
6142	0
6143	1
6144	0
6145	0
6146	0
6147	0
6148	0
6149	1
6150	0
6151	0
6152	0
6153	1
6154	0
6155	0
6156	0
6157	0
6158	0
6159	0
6160	2
6161	0
6162	0
6163	0
6164	0
6165	0
6166	0
6167	0
6168	0
6169	0
6170	0
6171	0
6172	0
6173	1
6174	0
6175	1
6176	1
6177	0
6178	0
6179	1
6180	0
6181	0
6182	0
6183	0
6184	0
6185	1
6186	0
6187	0
6188	1
6189	0
6190	0
6191	0
6192	0
6193	0
6194	0
6195	2
6196	0
6197	1
6198	0
6199	1
6200	0
6201	1
6202	0
6203	0
6204	1
6205	1
6206	0
6207	0
6208	0
6209	0
6210	0
6211	0
6212	1
6213	0
6214	1
6215	0
6216	0
6217	0
6218	1
6219	0
6220	0
6221	0
6222	1
6223	0
6224	0
6225	0
6226	0
6227	0
6228	0
6229	0
6230	0
6231	0
6232	0
6233	0
6234	0
6235	0
6236	0
6237	0
6238	0
6239	0
6240	0
6241	0
6242	0
6243	0
6244	0
6245	0
6246	0
6247	0
6248	0
6249	0
6250	2
6251	0
6252	0
6253	1
6254	0
6255	0
6256	0
6257	0
6258	0
6259	1
6260	0
6261	1
6262	0
6263	0
6264	0
6265	0
6266	0
6267	0
6268	0
6269	1
6270	0
6271	0
6272	0
6273	0
6274	1
6275	0
6276	0
6277	1
6278	0
6279	0
6280	1
6281	0
6282	0
6283	0
6284	0
6285	0
6286	0
6287	1
6288	0
6289	0
6290	0
6291	1
6292	0
6293	0
6294	0
6295	0
6296	1
6297	0
6298	0
6299	0
6300	0
6301	0
6302	1
6303	0
6304	0
6305	0
6306	0
6307	0
6308	0
6309	1
6310	0
6311	0
6312	0
6313	1
6314	0
6315	0
6316	1
6317	0
6318	0
6319	0
6320	0
6321	0
6322	0
6323	1
6324	0
6325	0
6326	0
6327	0
6328	0
6329	0
6330	0
6331	0
6332	0
6333	0
6334	0
6335	0
6336	2
6337	0
6338	0
6339	0
6340	0
6341	0
6342	0
6343	0
6344	0
6345	0
6346	3
6347	1
6348	1
6349	0
6350	0
6351	0
6352	0
6353	0
6354	0
6355	0
6356	1
6357	0
6358	0
6359	0
6360	0
6361	0
6362	0
6363	1
6364	0
6365	0
6366	1
6367	0
6368	0
6369	0
6370	0
6371	0
6372	0
6373	0
6374	0
6375	0
6376	0
6377	0
6378	0
6379	1
6380	0
6381	0
6382	1
6383	0
6384	0
6385	0
6386	0
6387	0
6388	1
6389	0
6390	0
6391	0
6392	0
6393	0
6394	0
6395	0
6396	2
6397	1
6398	0
6399	0
6400	0
6401	0
6402	0
6403	0
6404	1
6405	0
6406	0
6407	0
6408	0
6409	0
6410	0
6411	0
6412	0
6413	0
6414	0
6415	1
6416	0
6417	0
6418	0
6419	0
6420	0
6421	0
6422	2
6423	0
6424	0
6425	0
6426	0
6427	0
6428	0
6429	0
6430	1
6431	0
6432	0
6433	0
6434	2
6435	1
6436	1
6437	0
6438	0
6439	0
6440	0
6441	0
6442	0
6443	0
6444	1
6445	1
6446	1
6447	2
6448	0
6449	0
6450	0
6451	0
6452	0
6453	0
6454	0
6455	0
6456	0
6457	1
6458	0
6459	0
6460	0
6461	0
6462	0
6463	0
6464	1
6465	0
6466	0
6467	1
6468	0
6469	0
6470	1
6471	0
6472	0
6473	0
6474	0
6475	0
6476	0
6477	0
6478	1
6479	0
6480	0
6481	0
6482	0
6483	0
6484	1
6485	1
6486	0
6487	0
6488	1
6489	1
6490	1
6491	0
6492	0
6493	1
6494	1
6495	0
6496	0
6497	0
6498	0
6499	0
6500	0
6501	0
6502	0
6503	1
6504	0
6505	2
6506	0
6507	0
6508	0
6509	0
6510	0
6511	0
6512	0
6513	0
6514	0
6515	1
6516	0
6517	0
6518	0
6519	1
6520	0
6521	0
6522	2
6523	1
6524	0
6525	0
6526	0
6527	1
6528	0
6529	0
6530	0
6531	0
6532	0
6533	0
6534	0
6535	0
6536	0
6537	0
6538	0
6539	0
6540	0
6541	0
6542	0
6543	0
6544	0
6545	1
6546	0
6547	0
6548	0
6549	0
6550	0
6551	1
6552	0
6553	1
6554	1
6555	0
6556	1
6557	0
6558	0
6559	0
6560	0
6561	0
6562	0
6563	0
6564	0
6565	0
6566	0
6567	0
6568	0
6569	0
6570	0
6571	0
6572	0
6573	0
6574	0
6575	0
6576	0
6577	0
6578	1
6579	0
6580	0
6581	0
6582	0
6583	1
6584	0
6585	0
6586	1
6587	0
6588	2
6589	0
6590	0
6591	2
6592	0
6593	0
6594	0
6595	1
6596	0
6597	0
6598	0
6599	0
6600	0
6601	0
6602	0
6603	0
6604	0
6605	0
6606	0
6607	0
6608	0
6609	0
6610	2
6611	0
6612	0
6613	1
6614	0
6615	0
6616	0
6617	0
6618	1
6619	0
6620	0
6621	0
6622	0
6623	0
6624	0
6625	0
6626	1
6627	2
6628	0
6629	0
6630	0
6631	0
6632	0
6633	0
6634	0
6635	0
6636	0
6637	0
6638	0
6639	0
6640	1
6641	1
6642	0
6643	0
6644	1
6645	0
6646	0
6647	0
6648	0
6649	1
6650	1
6651	0
6652	0
6653	0
6654	0
6655	1
6656	0
6657	0
6658	1
6659	0
6660	0
6661	0
6662	0
6663	0
6664	1
6665	0
6666	0
6667	0
6668	0
6669	2
6670	0
6671	0
6672	0
6673	0
6674	0
6675	0
6676	0
6677	0
6678	0
6679	0
6680	0
6681	0
6682	0
6683	0
6684	1
6685	0
6686	0
6687	1
6688	0
6689	0
6690	0
6691	0
6692	0
6693	1
6694	1
6695	0
6696	1
6697	0
6698	0
6699	0
6700	0
6701	0
6702	0
6703	0
6704	0
6705	0
6706	0
6707	0
6708	0
6709	0
6710	0
6711	1
6712	0
6713	0
6714	1
6715	0
6716	0
6717	0
6718	1
6719	0
6720	0
6721	0
6722	0
6723	0
6724	0
6725	0
6726	0
6727	0
6728	1
6729	0
6730	0
6731	0
6732	0
6733	0
6734	0
6735	1
6736	0
6737	0
6738	0
6739	0
6740	0
6741	0
6742	0
6743	0
6744	0
6745	0
6746	0
6747	0
6748	0
6749	0
6750	0
6751	0
6752	0
6753	0
6754	0
6755	0
6756	1
6757	0
6758	1
6759	0
6760	0
6761	0
6762	0
6763	0
6764	0
6765	1
6766	1
6767	0
6768	0
6769	0
6770	0
6771	0
6772	0
6773	0
6774	2
6775	1
6776	0
6777	0
6778	0
6779	0
6780	1
6781	0
6782	0
6783	1
6784	0
6785	0
6786	0
6787	0
6788	0
6789	0
6790	0
6791	0
6792	0
6793	0
6794	0
6795	1
6796	0
6797	0
6798	0
6799	1
6800	0
6801	0
6802	0
6803	0
6804	0
6805	0
6806	0
6807	0
6808	0
6809	0
6810	0
6811	0
6812	1
6813	0
6814	0
6815	0
6816	0
6817	0
6818	0
6819	0
6820	0
6821	0
6822	0
6823	0
6824	0
6825	0
6826	0
6827	0
6828	0
6829	0
6830	1
6831	0
6832	0
6833	0
6834	0
6835	2
6836	0
6837	0
6838	0
6839	1
6840	0
6841	0
6842	1
6843	1
6844	0
6845	1
6846	0
6847	0
6848	0
6849	0
6850	0
6851	0
6852	0
6853	0
6854	0
6855	0
6856	0
6857	0
6858	0
6859	0
6860	1
6861	0
6862	0
6863	0
6864	0
6865	1
6866	0
6867	0
6868	0
6869	0
6870	0
6871	0
6872	0
6873	0
6874	2
6875	0
6876	0
6877	0
6878	1
6879	0
6880	0
6881	0
6882	1
6883	1
6884	0
6885	0
6886	0
6887	0
6888	0
6889	0
6890	0
6891	0
6892	0
6893	0
6894	0
6895	0
6896	0
6897	0
6898	0
6899	0
6900	0
6901	0
6902	0
6903	0
6904	0
6905	0
6906	0
6907	0
6908	0
6909	0
6910	0
6911	0
6912	0
6913	0
6914	0
6915	0
6916	0
6917	0
6918	0
6919	1
6920	1
6921	0
6922	0
6923	0
6924	0
6925	0
6926	0
6927	0
6928	0
6929	0
6930	0
6931	0
6932	0
6933	0
6934	0
6935	0
6936	1
6937	0
6938	2
6939	0
6940	1
6941	0
6942	1
6943	0
6944	0
6945	0
6946	1
6947	0
6948	0
6949	1
6950	0
6951	0
6952	0
6953	0
6954	1
6955	0
6956	0
6957	0
6958	0
6959	0
6960	1
6961	1
6962	0
6963	0
6964	0
6965	0
6966	0
6967	0
6968	0
6969	0
6970	1
6971	1
6972	0
6973	0
6974	0
6975	0
6976	0
6977	0
6978	0
6979	0
6980	0
6981	0
6982	0
6983	0
6984	0
6985	0
6986	0
6987	0
6988	0
6989	0
6990	2
6991	0
6992	0
6993	1
6994	0
6995	0
6996	0
6997	0
6998	1
6999	0
7000	1
7001	0
7002	0
7003	0
7004	0
7005	0
7006	0
7007	0
7008	0
7009	0
7010	0
7011	0
7012	0
7013	0
7014	1
7015	0
7016	0
7017	0
7018	0
7019	1
7020	0
7021	0
7022	0
7023	0
7024	0
7025	0
7026	0
7027	0
7028	0
7029	0
7030	0
7031	0
7032	0
7033	0
7034	0
7035	0
7036	0
7037	0
7038	0
7039	0
7040	0
7041	0
7042	0
7043	0
7044	0
7045	0
7046	0
7047	0
7048	0
7049	0
7050	0
7051	0
7052	0
7053	1
7054	0
7055	0
7056	0
7057	0
7058	0
7059	0
7060	1
7061	0
7062	0
7063	0
7064	1
7065	0
7066	0
7067	0
7068	1
7069	0
7070	2
7071	0
7072	0
7073	0
7074	0
7075	0
7076	0
7077	0
7078	0
7079	1
7080	0
7081	0
7082	0
7083	0
7084	0
7085	0
7086	0
7087	0
7088	0
7089	0
7090	1
7091	0
7092	0
7093	0
7094	0
7095	0
7096	0
7097	1
7098	0
7099	0
7100	0
7101	0
7102	0
7103	0
7104	0
7105	0
7106	0
7107	0
7108	0
7109	0
7110	0
7111	0
7112	0
7113	1
7114	0
7115	0
7116	0
7117	0
7118	0
7119	0
7120	0
7121	0
7122	0
7123	1
7124	1
7125	0
7126	0
7127	0
7128	0
7129	0
7130	0
7131	0
7132	0
7133	0
7134	0
7135	0
7136	0
7137	0
7138	0
7139	0
7140	1
7141	0
7142	0
7143	0
7144	0
7145	0
7146	0
7147	0
7148	0
7149	0
7150	0
7151	0
7152	0
7153	0
7154	0
7155	1
7156	0
7157	0
7158	0
7159	0
7160	0
7161	0
7162	0
7163	0
7164	0
7165	0
7166	0
7167	2
7168	0
7169	0
7170	0
7171	0
7172	0
7173	0
7174	0
7175	0
7176	0
7177	0
7178	0
7179	1
7180	0
7181	2
7182	0
7183	0
7184	0
7185	0
7186	0
7187	0
7188	0
7189	0
7190	0
7191	0
7192	0
7193	0
7194	0
7195	0
7196	0
7197	0
7198	0
7199	0
7200	1
7201	0
7202	0
7203	0
7204	0
7205	0
7206	1
7207	0
7208	0
7209	0
7210	0
7211	0
7212	0
7213	0
7214	0
7215	0
7216	0
7217	0
7218	0
7219	0
7220	0
7221	0
7222	0
7223	0
7224	0
7225	0
7226	0
7227	0
7228	0
7229	0
7230	0
7231	0
7232	0
7233	0
7234	0
7235	0
7236	0
7237	0
7238	0
7239	0
7240	0
7241	0
7242	0
7243	0
7244	0
7245	0
7246	0
7247	0
7248	0
7249	0
7250	0
7251	0
7252	0
7253	0
7254	0
7255	1
7256	0
7257	1
7258	0
7259	0
7260	1
7261	0
7262	0
7263	0
7264	0
7265	0
7266	0
7267	0
7268	0
7269	1
7270	0
7271	0
7272	0
7273	0
7274	0
7275	0
7276	0
7277	1
7278	0
7279	0
7280	0
7281	0
7282	0
7283	0
7284	0
7285	0
7286	0
7287	0
7288	0
7289	0
7290	0
7291	1
7292	0
7293	0
7294	0
7295	0
7296	0
7297	0
7298	0
7299	0
7300	0
7301	0
7302	0
7303	0
7304	0
7305	0
7306	0
7307	0
7308	0
7309	1
7310	0
7311	0
7312	1
7313	0
7314	0
7315	0
7316	0
7317	0
7318	0
7319	0
7320	0
7321	0
7322	1
7323	0
7324	0
7325	0
7326	0
7327	0
7328	0
7329	0
7330	0
7331	0
7332	0
7333	0
7334	0
7335	0
7336	0
7337	0
7338	0
7339	0
7340	0
7341	0
7342	0
7343	0
7344	0
7345	0
7346	0
7347	0
7348	0
7349	0
7350	0
7351	0
7352	0
7353	0
7354	0
7355	0
7356	0
7357	0
7358	0
7359	0
7360	0
7361	0
7362	0
7363	0
7364	0
7365	0
7366	0
7367	0
7368	0
7369	0
7370	0
7371	0
7372	0
7373	0
7374	0
7375	0
7376	0
7377	0
7378	0
7379	0
7380	0
7381	0
7382	0
7383	0
7384	1
7385	0
7386	0
7387	0
7388	0
7389	0
7390	0
7391	0
7392	0
7393	0
7394	0
7395	0
7396	0
7397	1
7398	0
7399	0
7400	0
7401	0
7402	0
7403	0
7404	0
7405	1
7406	0
7407	0
7408	0
7409	0
7410	0
7411	0
7412	0
7413	0
7414	0
7415	0
7416	0
7417	1
7418	0
7419	0
7420	0
7421	0
7422	0
7423	0
7424	0
7425	0
7426	0
7427	0
7428	0
7429	0
7430	0
7431	0
7432	0
7433	2
7434	0
7435	0
7436	0
7437	0
7438	0
7439	0
7440	1
7441	0
7442	0
7443	1
7444	0
7445	0
7446	0
7447	1
7448	0
7449	0
7450	0
7451	0
7452	1
7453	1
7454	0
7455	0
7456	0
7457	0
7458	0
7459	0
7460	1
7461	0
7462	0
7463	0
7464	0
7465	0
7466	0
7467	0
7468	0
7469	1
7470	0
7471	0
7472	0
7473	0
7474	0
7475	1
7476	0
7477	0
7478	0
7479	0
7480	0
7481	0
7482	1
7483	0
7484	0
7485	0
7486	0
7487	0
7488	0
7489	0
7490	0
7491	0
7492	0
7493	1
7494	0
7495	1
7496	0
7497	0
7498	0
7499	0
7500	0
7501	0
7502	0
7503	0
7504	0
7505	0
7506	0
7507	0
7508	0
7509	0
7510	0
7511	0
7512	1
7513	0
7514	1
7515	0
7516	0
7517	1
7518	0
7519	0
7520	1
7521	0
7522	0
7523	0
7524	1
7525	0
7526	0
7527	0
7528	0
7529	0
7530	0
7531	1
7532	0
7533	0
7534	0
7535	0
7536	0
7537	0
7538	0
7539	0
7540	0
7541	0
7542	0
7543	0
7544	0
7545	0
7546	0
7547	0
7548	0
7549	0
7550	0
7551	0
7552	0
7553	0
7554	0
7555	0
7556	0
7557	0
7558	0
7559	0
7560	0
7561	0
7562	0
7563	0
7564	0
7565	0
7566	1
7567	0
7568	0
7569	0
7570	0
7571	0
7572	1
7573	0
7574	0
7575	0
7576	0
7577	0
7578	0
7579	0
7580	0
7581	0
7582	0
7583	0
7584	0
7585	0
7586	0
7587	0
7588	0
7589	1
7590	0
7591	0
7592	0
7593	0
7594	0
7595	0
7596	1
7597	0
7598	0
7599	0
7600	1
7601	0
7602	0
7603	1
7604	0
7605	0
7606	0
7607	0
7608	0
7609	0
7610	0
7611	0
7612	0
7613	0
7614	0
7615	1
7616	0
7617	0
7618	0
7619	0
7620	0
7621	0
7622	0
7623	0
7624	0
7625	0
7626	0
7627	0
7628	0
7629	0
7630	0
7631	0
7632	0
7633	0
7634	0
7635	0
7636	0
7637	0
7638	0
7639	0
7640	0
7641	0
7642	0
7643	0
7644	0
7645	1
7646	0
7647	0
7648	1
7649	0
7650	1
7651	0
7652	0
7653	0
7654	0
7655	0
7656	0
7657	0
7658	1
7659	0
7660	0
7661	0
7662	0
7663	0
7664	0
7665	0
7666	0
7667	0
7668	0
7669	0
7670	0
7671	0
7672	0
7673	0
7674	0
7675	1
7676	0
7677	0
7678	0
7679	0
7680	1
7681	0
7682	0
7683	0
7684	0
7685	0
7686	2
7687	0
7688	0
7689	0
7690	0
7691	0
7692	0
7693	0
7694	0
7695	0
7696	0
7697	0
7698	0
7699	0
7700	0
7701	0
7702	1
7703	0
7704	0
7705	0
7706	0
7707	0
7708	0
7709	0
7710	1
7711	0
7712	0
7713	0
7714	0
7715	0
7716	0
7717	0
7718	1
7719	0
7720	0
7721	0
7722	0
7723	0
7724	0
7725	0
7726	0
7727	0
7728	0
7729	0
7730	2
7731	0
7732	0
7733	0
7734	0
7735	0
7736	0
7737	0
7738	0
7739	0
7740	0
7741	0
7742	0
7743	0
7744	0
7745	0
7746	0
7747	0
7748	0
7749	1
7750	0
7751	0
7752	0
7753	0
7754	0
7755	1
7756	0
7757	1
7758	1
7759	0
7760	0
7761	0
7762	0
7763	0
7764	0
7765	0
7766	1
7767	0
7768	0
7769	0
7770	0
7771	0
7772	0
7773	0
7774	0
7775	0
7776	0
7777	0
7778	1
7779	0
7780	0
7781	0
7782	0
7783	0
7784	0
7785	0
7786	0
7787	0
7788	1
7789	0
7790	0
7791	0
7792	0
7793	0
7794	0
7795	0
7796	0
7797	0
7798	0
7799	0
7800	0
7801	0
7802	0
7803	0
7804	0
7805	1
7806	0
7807	0
7808	0
7809	0
7810	0
7811	0
7812	0
7813	0
7814	1
7815	1
7816	0
7817	1
7818	0
7819	0
7820	0
7821	0
7822	0
7823	0
7824	0
7825	0
7826	1
7827	0
7828	1
7829	0
7830	0
7831	0
7832	0
7833	0
7834	0
7835	0
7836	0
7837	0
7838	0
7839	1
7840	0
7841	0
7842	0
7843	0
7844	1
7845	0
7846	0
7847	0
7848	0
7849	0
7850	0
7851	0
7852	0
7853	0
7854	0
7855	0
7856	0
7857	0
7858	0
7859	0
7860	0
7861	0
7862	0
7863	0
7864	0
7865	1
7866	0
7867	0
7868	0
7869	0
7870	0
7871	0
7872	0
7873	0
7874	0
7875	0
7876	0
7877	1
7878	0
7879	1
7880	0
7881	0
7882	0
7883	0
7884	0
7885	0
7886	0
7887	0
7888	0
7889	0
7890	0
7891	0
7892	1
7893	0
7894	1
7895	0
7896	0
7897	0
7898	1
7899	1
7900	0
7901	0
7902	0
7903	0
7904	0
7905	0
7906	1
7907	1
7908	1
7909	0
7910	0
7911	0
7912	0
7913	0
7914	1
7915	0
7916	0
7917	0
7918	0
7919	0
7920	0
7921	0
7922	0
7923	0
7924	0
7925	1
7926	0
7927	0
7928	0
7929	0
7930	0
7931	0
7932	0
7933	1
7934	0
7935	0
7936	0
7937	0
7938	0
7939	3
7940	0
7941	0
7942	0
7943	0
7944	1
7945	0
7946	0
7947	1
7948	0
7949	0
7950	0
7951	0
7952	0
7953	0
7954	0
7955	0
7956	0
7957	0
7958	1
7959	0
7960	2
7961	0
7962	0
7963	0
7964	0
7965	0
7966	2
7967	0
7968	1
7969	0
7970	0
7971	1
7972	0
7973	0
7974	0
7975	0
7976	0
7977	0
7978	1
7979	0
7980	1
7981	1
7982	0
7983	0
7984	0
7985	0
7986	0
7987	0
7988	0
7989	0
7990	0
7991	0
7992	0
7993	0
7994	1
7995	0
7996	0
7997	0
7998	0
7999	0
8000	1
8001	0
8002	0
8003	0
8004	1
8005	0
8006	0
8007	0
8008	0
8009	0
8010	0
8011	0
8012	0
8013	0
8014	0
8015	0
8016	0
8017	0
8018	0
8019	0
8020	0
8021	0
8022	0
8023	0
8024	0
8025	0
8026	0
8027	0
8028	0
8029	0
8030	1
8031	0
8032	0
8033	0
8034	0
8035	0
8036	0
8037	0
8038	0
8039	0
8040	0
8041	0
8042	0
8043	0
8044	0
8045	0
8046	0
8047	0
8048	0
8049	0
8050	0
8051	0
8052	0
8053	0
8054	0
8055	0
8056	0
8057	0
8058	0
8059	0
8060	0
8061	0
8062	0
8063	0
8064	0
8065	0
8066	0
8067	0
8068	0
8069	0
8070	0
8071	0
8072	0
8073	0
8074	0
8075	0
8076	0
8077	0
8078	0
8079	0
8080	0
8081	0
8082	0
8083	0
8084	0
8085	0
8086	0
8087	0
8088	0
8089	0
8090	0
8091	0
8092	0
8093	0
8094	0
8095	0
8096	0
8097	0
8098	0
8099	0
8100	0
8101	0
8102	0
8103	0
8104	0
8105	0
8106	0
8107	0
8108	0
8109	0
8110	0
8111	0
8112	0
8113	0
8114	0
8115	0
8116	0
8117	0
8118	0
8119	0
8120	0
8121	0
8122	0
8123	0
8124	0
8125	0
8126	0
8127	0
8128	0
8129	0
8130	0
8131	0
8132	0
8133	0
8134	0
8135	0
8136	0
8137	0
8138	0
8139	0
8140	0
8141	0
8142	0
8143	0
8144	0
8145	0
8146	0
8147	0
8148	0
8149	0
8150	0
8151	0
8152	0
8153	0
8154	0
8155	0
8156	0
8157	0
8158	0
8159	0
8160	0
8161	0
8162	0
8163	0
8164	0
8165	0
8166	0
8167	0
8168	0
8169	0
8170	0
8171	0
8172	0
8173	0
8174	0
8175	0
8176	0
8177	0
8178	0
8179	0
8180	0
8181	0
8182	0
8183	0
8184	0
8185	0
8186	0
8187	0
8188	0
8189	0
8190	0
8191	0
