0	0
1	0
2	0
3	0
4	0
5	0
6	0
7	0
8	0
9	0
10	0
11	0
12	0
13	0
14	0
15	0
16	0
17	0
18	0
19	0
20	0
21	0
22	0
23	0
24	0
25	0
26	0
27	0
28	0
29	0
30	0
31	0
32	0
33	0
34	0
35	0
36	0
37	0
38	0
39	0
40	0
41	0
42	0
43	0
44	0
45	0
46	0
47	0
48	0
49	0
50	0
51	0
52	0
53	0
54	0
55	0
56	0
57	0
58	0
59	0
60	0
61	0
62	0
63	0
64	1
65	0
66	0
67	2
68	27
69	117
70	299
71	391
72	473
73	459
74	476
75	462
76	448
77	429
78	432
79	452
80	444
81	408
82	412
83	443
84	428
85	431
86	445
87	438
88	436
89	410
90	441
91	442
92	427
93	388
94	415
95	409
96	418
97	425
98	399
99	437
100	458
101	427
102	446
103	398
104	400
105	442
106	402
107	403
108	414
109	414
110	392
111	396
112	421
113	423
114	402
115	420
116	405
117	432
118	423
119	381
120	406
121	414
122	374
123	386
124	390
125	415
126	379
127	393
128	368
129	417
130	359
131	384
132	375
133	408
134	384
135	374
136	400
137	345
138	387
139	403
140	383
141	371
142	378
143	369
144	370
145	367
146	409
147	392
148	378
149	375
150	379
151	375
152	350
153	374
154	361
155	334
156	353
157	384
158	367
159	357
160	379
161	382
162	388
163	380
164	342
165	372
166	353
167	384
168	376
169	376
170	364
171	315
172	386
173	352
174	368
175	372
176	370
177	347
178	338
179	321
180	352
181	355
182	356
183	376
184	353
185	342
186	363
187	387
188	371
189	353
190	355
191	354
192	357
193	355
194	369
195	364
196	353
197	379
198	374
199	336
200	347
201	334
202	390
203	346
204	389
205	352
206	335
207	344
208	330
209	300
210	330
211	321
212	366
213	330
214	352
215	367
216	367
217	332
218	365
219	369
220	339
221	362
222	324
223	352
224	356
225	345
226	371
227	328
228	361
229	348
230	303
231	381
232	360
233	344
234	335
235	343
236	344
237	377
238	323
239	328
240	336
241	342
242	301
243	367
244	333
245	333
246	323
247	328
248	340
249	345
250	350
251	331
252	310
253	326
254	354
255	341
256	335
257	346
258	331
259	376
260	349
261	361
262	330
263	340
264	343
265	334
266	375
267	356
268	335
269	357
270	332
271	326
272	324
273	359
274	382
275	353
276	330
277	358
278	353
279	352
280	338
281	342
282	360
283	306
284	342
285	329
286	344
287	342
288	364
289	388
290	344
291	323
292	333
293	375
294	363
295	349
296	370
297	346
298	361
299	309
300	376
301	369
302	348
303	353
304	351
305	372
306	382
307	352
308	361
309	347
310	342
311	354
312	371
313	354
314	333
315	370
316	298
317	345
318	366
319	359
320	384
321	375
322	372
323	354
324	361
325	364
326	372
327	340
328	378
329	330
330	352
331	357
332	350
333	344
334	358
335	371
336	399
337	382
338	352
339	350
340	346
341	362
342	359
343	351
344	365
345	370
346	361
347	376
348	402
349	368
350	390
351	356
352	389
353	360
354	393
355	380
356	377
357	384
358	373
359	370
360	359
361	389
362	404
363	371
364	419
365	430
366	444
367	374
368	409
369	369
370	377
371	353
372	399
373	381
374	357
375	355
376	367
377	357
378	406
379	388
380	391
381	388
382	418
383	346
384	391
385	346
386	311
387	365
388	373
389	359
390	345
391	391
392	361
393	343
394	371
395	361
396	388
397	361
398	371
399	351
400	354
401	358
402	377
403	385
404	394
405	376
406	372
407	386
408	392
409	393
410	382
411	369
412	395
413	365
414	382
415	373
416	365
417	388
418	397
419	371
420	385
421	387
422	374
423	371
424	391
425	414
426	373
427	356
428	360
429	374
430	401
431	364
432	363
433	383
434	358
435	384
436	386
437	350
438	371
439	398
440	375
441	358
442	373
443	393
444	359
445	369
446	361
447	387
448	355
449	359
450	394
451	371
452	377
453	357
454	365
455	362
456	379
457	374
458	381
459	431
460	358
461	368
462	415
463	400
464	373
465	358
466	383
467	389
468	388
469	376
470	389
471	350
472	369
473	362
474	335
475	396
476	364
477	343
478	376
479	351
480	360
481	356
482	362
483	401
484	352
485	406
486	347
487	406
488	359
489	393
490	380
491	378
492	380
493	373
494	390
495	397
496	379
497	397
498	387
499	345
500	362
501	423
502	378
503	379
504	368
505	364
506	394
507	412
508	388
509	399
510	394
511	400
512	430
513	387
514	386
515	372
516	409
517	384
518	392
519	368
520	390
521	375
522	376
523	382
524	382
525	408
526	390
527	396
528	396
529	379
530	400
531	387
532	347
533	422
534	368
535	355
536	376
537	392
538	390
539	372
540	418
541	375
542	423
543	393
544	363
545	407
546	373
547	370
548	378
549	388
550	383
551	387
552	373
553	408
554	394
555	354
556	375
557	391
558	372
559	379
560	400
561	384
562	388
563	395
564	412
565	399
566	389
567	368
568	374
569	414
570	389
571	407
572	382
573	370
574	411
575	369
576	407
577	423
578	394
579	388
580	391
581	349
582	411
583	429
584	375
585	383
586	386
587	410
588	360
589	429
590	351
591	429
592	395
593	428
594	422
595	395
596	404
597	403
598	416
599	398
600	408
601	425
602	393
603	395
604	415
605	364
606	396
607	380
608	410
609	355
610	412
611	397
612	404
613	423
614	412
615	374
616	398
617	403
618	421
619	396
620	412
621	430
622	407
623	382
624	373
625	399
626	392
627	382
628	401
629	379
630	414
631	374
632	396
633	383
634	418
635	402
636	412
637	428
638	388
639	390
640	381
641	347
642	440
643	361
644	436
645	371
646	389
647	422
648	421
649	390
650	394
651	401
652	416
653	394
654	412
655	446
656	420
657	413
658	427
659	411
660	388
661	404
662	419
663	396
664	384
665	380
666	416
667	401
668	401
669	420
670	394
671	408
672	410
673	422
674	415
675	387
676	363
677	386
678	379
679	387
680	402
681	406
682	410
683	354
684	396
685	397
686	358
687	379
688	419
689	375
690	408
691	398
692	405
693	361
694	413
695	417
696	400
697	392
698	395
699	412
700	397
701	367
702	403
703	411
704	384
705	380
706	403
707	373
708	389
709	394
710	365
711	406
712	383
713	392
714	352
715	379
716	418
717	388
718	412
719	390
720	404
721	392
722	430
723	402
724	384
725	391
726	388
727	395
728	387
729	402
730	375
731	392
732	408
733	413
734	375
735	388
736	433
737	412
738	344
739	394
740	366
741	407
742	399
743	390
744	418
745	351
746	385
747	354
748	369
749	344
750	398
751	401
752	378
753	400
754	353
755	390
756	405
757	401
758	447
759	384
760	414
761	371
762	387
763	407
764	393
765	394
766	380
767	380
768	406
769	388
770	391
771	408
772	404
773	377
774	396
775	413
776	401
777	404
778	389
779	371
780	342
781	368
782	412
783	368
784	384
785	369
786	428
787	377
788	373
789	416
790	395
791	414
792	409
793	387
794	390
795	416
796	363
797	370
798	361
799	400
800	389
801	394
802	366
803	397
804	391
805	392
806	359
807	368
808	406
809	396
810	409
811	352
812	367
813	377
814	367
815	377
816	380
817	405
818	370
819	419
820	372
821	403
822	398
823	362
824	358
825	371
826	368
827	364
828	373
829	354
830	409
831	362
832	420
833	370
834	365
835	353
836	375
837	407
838	377
839	379
840	369
841	413
842	373
843	343
844	369
845	400
846	383
847	370
848	407
849	377
850	358
851	389
852	399
853	403
854	344
855	373
856	356
857	424
858	371
859	375
860	395
861	394
862	368
863	387
864	381
865	394
866	395
867	369
868	375
869	379
870	368
871	400
872	389
873	354
874	353
875	384
876	390
877	370
878	392
879	371
880	373
881	413
882	413
883	346
884	387
885	395
886	362
887	373
888	398
889	381
890	394
891	360
892	395
893	394
894	413
895	381
896	401
897	364
898	389
899	377
900	363
901	415
902	430
903	397
904	405
905	427
906	386
907	396
908	352
909	402
910	384
911	428
912	412
913	385
914	398
915	398
916	398
917	408
918	431
919	423
920	433
921	444
922	442
923	460
924	427
925	436
926	470
927	442
928	451
929	478
930	467
931	496
932	471
933	522
934	525
935	502
936	549
937	510
938	511
939	535
940	520
941	554
942	531
943	552
944	538
945	541
946	531
947	507
948	534
949	508
950	505
951	522
952	522
953	521
954	512
955	516
956	504
957	496
958	516
959	551
960	489
961	474
962	467
963	551
964	479
965	492
966	519
967	505
968	498
969	491
970	506
971	472
972	492
973	501
974	531
975	509
976	518
977	504
978	484
979	513
980	503
981	454
982	479
983	496
984	473
985	466
986	494
987	495
988	466
989	475
990	483
991	452
992	484
993	439
994	487
995	399
996	472
997	480
998	476
999	450
1000	501
1001	472
1002	493
1003	477
1004	490
1005	462
1006	468
1007	467
1008	429
1009	465
1010	443
1011	496
1012	416
1013	467
1014	459
1015	435
1016	451
1017	473
1018	473
1019	425
1020	404
1021	421
1022	469
1023	439
1024	442
1025	486
1026	456
1027	449
1028	473
1029	441
1030	444
1031	453
1032	451
1033	454
1034	483
1035	453
1036	428
1037	410
1038	446
1039	422
1040	443
1041	440
1042	452
1043	413
1044	415
1045	429
1046	434
1047	445
1048	415
1049	484
1050	424
1051	471
1052	439
1053	487
1054	449
1055	456
1056	444
1057	427
1058	449
1059	418
1060	443
1061	468
1062	453
1063	418
1064	413
1065	450
1066	433
1067	452
1068	436
1069	418
1070	478
1071	435
1072	441
1073	406
1074	449
1075	415
1076	452
1077	436
1078	449
1079	415
1080	421
1081	407
1082	440
1083	421
1084	463
1085	419
1086	410
1087	445
1088	452
1089	435
1090	452
1091	453
1092	450
1093	478
1094	405
1095	435
1096	417
1097	447
1098	402
1099	419
1100	434
1101	436
1102	421
1103	411
1104	439
1105	422
1106	441
1107	407
1108	445
1109	409
1110	468
1111	428
1112	398
1113	422
1114	429
1115	451
1116	408
1117	418
1118	437
1119	441
1120	391
1121	396
1122	407
1123	413
1124	443
1125	425
1126	435
1127	399
1128	449
1129	475
1130	399
1131	391
1132	385
1133	368
1134	408
1135	382
1136	440
1137	428
1138	439
1139	381
1140	395
1141	419
1142	366
1143	408
1144	409
1145	388
1146	430
1147	439
1148	416
1149	384
1150	369
1151	416
1152	374
1153	373
1154	391
1155	420
1156	382
1157	394
1158	407
1159	402
1160	407
1161	379
1162	407
1163	395
1164	416
1165	371
1166	377
1167	420
1168	354
1169	397
1170	379
1171	377
1172	417
1173	403
1174	395
1175	370
1176	375
1177	385
1178	365
1179	376
1180	360
1181	373
1182	356
1183	364
1184	366
1185	354
1186	368
1187	353
1188	407
1189	355
1190	362
1191	351
1192	372
1193	351
1194	381
1195	398
1196	372
1197	393
1198	389
1199	374
1200	366
1201	367
1202	385
1203	331
1204	319
1205	360
1206	379
1207	353
1208	357
1209	435
1210	389
1211	369
1212	402
1213	377
1214	398
1215	343
1216	348
1217	363
1218	346
1219	358
1220	362
1221	345
1222	364
1223	354
1224	369
1225	390
1226	355
1227	356
1228	315
1229	369
1230	374
1231	331
1232	328
1233	380
1234	353
1235	349
1236	352
1237	354
1238	352
1239	362
1240	337
1241	351
1242	302
1243	344
1244	354
1245	339
1246	392
1247	333
1248	359
1249	343
1250	350
1251	365
1252	358
1253	332
1254	360
1255	349
1256	344
1257	325
1258	322
1259	325
1260	319
1261	354
1262	336
1263	322
1264	353
1265	340
1266	358
1267	341
1268	339
1269	331
1270	322
1271	325
1272	327
1273	307
1274	345
1275	310
1276	355
1277	317
1278	329
1279	340
1280	328
1281	304
1282	335
1283	338
1284	337
1285	309
1286	348
1287	317
1288	332
1289	368
1290	305
1291	322
1292	349
1293	331
1294	353
1295	332
1296	330
1297	340
1298	332
1299	329
1300	359
1301	316
1302	303
1303	307
1304	296
1305	310
1306	325
1307	322
1308	326
1309	282
1310	329
1311	323
1312	296
1313	344
1314	341
1315	291
1316	318
1317	339
1318	339
1319	331
1320	301
1321	335
1322	296
1323	326
1324	330
1325	291
1326	310
1327	317
1328	288
1329	309
1330	303
1331	324
1332	342
1333	310
1334	306
1335	321
1336	330
1337	303
1338	311
1339	329
1340	295
1341	326
1342	311
1343	345
1344	310
1345	316
1346	314
1347	291
1348	288
1349	298
1350	355
1351	297
1352	273
1353	294
1354	317
1355	306
1356	282
1357	311
1358	310
1359	308
1360	332
1361	310
1362	310
1363	282
1364	307
1365	291
1366	317
1367	315
1368	275
1369	292
1370	307
1371	314
1372	310
1373	296
1374	316
1375	305
1376	334
1377	310
1378	334
1379	300
1380	298
1381	294
1382	327
1383	290
1384	316
1385	300
1386	302
1387	294
1388	324
1389	332
1390	311
1391	289
1392	293
1393	290
1394	296
1395	288
1396	311
1397	310
1398	327
1399	301
1400	279
1401	301
1402	315
1403	303
1404	308
1405	287
1406	322
1407	284
1408	297
1409	302
1410	285
1411	266
1412	284
1413	302
1414	318
1415	326
1416	280
1417	274
1418	276
1419	299
1420	301
1421	288
1422	262
1423	281
1424	307
1425	327
1426	302
1427	278
1428	314
1429	267
1430	293
1431	296
1432	317
1433	302
1434	272
1435	292
1436	304
1437	287
1438	307
1439	296
1440	293
1441	313
1442	295
1443	273
1444	286
1445	288
1446	309
1447	308
1448	304
1449	327
1450	283
1451	265
1452	291
1453	278
1454	306
1455	280
1456	279
1457	296
1458	286
1459	291
1460	275
1461	259
1462	297
1463	311
1464	313
1465	295
1466	317
1467	259
1468	310
1469	288
1470	263
1471	265
1472	301
1473	271
1474	288
1475	300
1476	285
1477	283
1478	316
1479	282
1480	285
1481	268
1482	315
1483	306
1484	278
1485	307
1486	280
1487	294
1488	311
1489	278
1490	293
1491	317
1492	301
1493	288
1494	309
1495	278
1496	273
1497	286
1498	271
1499	288
1500	279
1501	296
1502	282
1503	291
1504	307
1505	313
1506	285
1507	293
1508	280
1509	259
1510	293
1511	267
1512	295
1513	263
1514	285
1515	273
1516	317
1517	292
1518	265
1519	277
1520	290
1521	274
1522	275
1523	289
1524	281
1525	272
1526	288
1527	286
1528	284
1529	281
1530	269
1531	273
1532	296
1533	275
1534	271
1535	296
1536	259
1537	274
1538	296
1539	260
1540	306
1541	250
1542	266
1543	281
1544	310
1545	290
1546	273
1547	280
1548	298
1549	293
1550	263
1551	271
1552	273
1553	275
1554	293
1555	278
1556	295
1557	313
1558	311
1559	276
1560	305
1561	289
1562	300
1563	261
1564	280
1565	257
1566	274
1567	282
1568	290
1569	240
1570	270
1571	278
1572	280
1573	282
1574	269
1575	278
1576	289
1577	287
1578	284
1579	288
1580	294
1581	295
1582	278
1583	314
1584	272
1585	272
1586	261
1587	263
1588	275
1589	252
1590	244
1591	277
1592	296
1593	277
1594	252
1595	279
1596	280
1597	255
1598	288
1599	284
1600	274
1601	269
1602	290
1603	285
1604	292
1605	254
1606	272
1607	263
1608	266
1609	258
1610	278
1611	259
1612	238
1613	279
1614	276
1615	297
1616	289
1617	291
1618	286
1619	275
1620	262
1621	290
1622	279
1623	300
1624	277
1625	278
1626	252
1627	297
1628	265
1629	261
1630	286
1631	246
1632	270
1633	272
1634	266
1635	265
1636	255
1637	258
1638	259
1639	272
1640	283
1641	261
1642	287
1643	279
1644	299
1645	284
1646	285
1647	284
1648	288
1649	247
1650	256
1651	271
1652	276
1653	270
1654	260
1655	257
1656	289
1657	269
1658	271
1659	286
1660	254
1661	270
1662	271
1663	288
1664	252
1665	239
1666	279
1667	294
1668	267
1669	303
1670	273
1671	307
1672	276
1673	288
1674	270
1675	268
1676	261
1677	279
1678	281
1679	273
1680	299
1681	288
1682	282
1683	278
1684	285
1685	260
1686	280
1687	296
1688	276
1689	274
1690	277
1691	270
1692	284
1693	273
1694	299
1695	254
1696	279
1697	283
1698	263
1699	271
1700	289
1701	262
1702	270
1703	266
1704	275
1705	279
1706	283
1707	270
1708	256
1709	275
1710	253
1711	274
1712	271
1713	269
1714	239
1715	254
1716	272
1717	271
1718	266
1719	266
1720	267
1721	286
1722	270
1723	271
1724	289
1725	298
1726	284
1727	308
1728	277
1729	292
1730	268
1731	260
1732	232
1733	264
1734	284
1735	288
1736	259
1737	272
1738	266
1739	276
1740	290
1741	287
1742	275
1743	271
1744	296
1745	272
1746	284
1747	275
1748	310
1749	274
1750	265
1751	266
1752	291
1753	273
1754	272
1755	310
1756	272
1757	280
1758	252
1759	257
1760	275
1761	298
1762	252
1763	275
1764	262
1765	241
1766	284
1767	275
1768	240
1769	270
1770	291
1771	260
1772	276
1773	263
1774	277
1775	283
1776	271
1777	298
1778	278
1779	290
1780	283
1781	285
1782	253
1783	275
1784	278
1785	242
1786	262
1787	270
1788	301
1789	283
1790	272
1791	245
1792	278
1793	280
1794	312
1795	285
1796	290
1797	288
1798	314
1799	288
1800	269
1801	251
1802	282
1803	283
1804	265
1805	278
1806	263
1807	251
1808	266
1809	263
1810	284
1811	279
1812	296
1813	293
1814	290
1815	287
1816	278
1817	290
1818	294
1819	277
1820	280
1821	277
1822	249
1823	328
1824	266
1825	272
1826	288
1827	297
1828	290
1829	288
1830	263
1831	302
1832	261
1833	244
1834	280
1835	294
1836	301
1837	303
1838	270
1839	286
1840	244
1841	292
1842	266
1843	278
1844	252
1845	267
1846	239
1847	266
1848	263
1849	299
1850	286
1851	298
1852	295
1853	273
1854	319
1855	294
1856	265
1857	278
1858	286
1859	259
1860	286
1861	263
1862	281
1863	258
1864	265
1865	268
1866	318
1867	251
1868	313
1869	264
1870	265
1871	278
1872	285
1873	255
1874	284
1875	315
1876	267
1877	269
1878	274
1879	271
1880	285
1881	305
1882	275
1883	262
1884	271
1885	278
1886	280
1887	301
1888	279
1889	230
1890	276
1891	258
1892	279
1893	281
1894	312
1895	277
1896	279
1897	233
1898	285
1899	275
1900	277
1901	268
1902	252
1903	293
1904	289
1905	291
1906	303
1907	295
1908	268
1909	296
1910	306
1911	276
1912	281
1913	297
1914	267
1915	283
1916	297
1917	303
1918	282
1919	277
1920	289
1921	317
1922	266
1923	290
1924	287
1925	302
1926	281
1927	296
1928	291
1929	283
1930	307
1931	286
1932	269
1933	287
1934	282
1935	291
1936	266
1937	311
1938	279
1939	272
1940	282
1941	295
1942	314
1943	268
1944	285
1945	285
1946	266
1947	289
1948	292
1949	279
1950	282
1951	266
1952	277
1953	302
1954	277
1955	278
1956	281
1957	285
1958	284
1959	277
1960	284
1961	296
1962	296
1963	281
1964	259
1965	321
1966	331
1967	305
1968	296
1969	309
1970	276
1971	263
1972	277
1973	304
1974	330
1975	305
1976	289
1977	309
1978	265
1979	294
1980	280
1981	286
1982	324
1983	312
1984	287
1985	297
1986	280
1987	299
1988	294
1989	280
1990	292
1991	317
1992	299
1993	314
1994	274
1995	268
1996	276
1997	311
1998	298
1999	282
2000	283
2001	258
2002	298
2003	315
2004	307
2005	320
2006	286
2007	285
2008	288
2009	275
2010	297
2011	279
2012	317
2013	319
2014	307
2015	299
2016	286
2017	287
2018	272
2019	278
2020	279
2021	304
2022	289
2023	280
2024	260
2025	324
2026	255
2027	350
2028	315
2029	304
2030	317
2031	308
2032	307
2033	270
2034	317
2035	293
2036	277
2037	300
2038	309
2039	312
2040	274
2041	291
2042	322
2043	285
2044	301
2045	296
2046	304
2047	315
2048	297
2049	307
2050	307
2051	300
2052	347
2053	287
2054	305
2055	294
2056	328
2057	284
2058	332
2059	273
2060	319
2061	298
2062	304
2063	329
2064	330
2065	318
2066	274
2067	289
2068	319
2069	287
2070	330
2071	301
2072	321
2073	300
2074	325
2075	314
2076	307
2077	300
2078	294
2079	323
2080	298
2081	319
2082	304
2083	296
2084	288
2085	303
2086	316
2087	294
2088	314
2089	319
2090	328
2091	323
2092	313
2093	321
2094	340
2095	334
2096	317
2097	311
2098	316
2099	313
2100	315
2101	332
2102	309
2103	315
2104	317
2105	303
2106	305
2107	308
2108	334
2109	337
2110	305
2111	297
2112	335
2113	285
2114	304
2115	317
2116	317
2117	306
2118	288
2119	319
2120	357
2121	354
2122	311
2123	331
2124	325
2125	312
2126	329
2127	319
2128	319
2129	315
2130	309
2131	293
2132	299
2133	329
2134	310
2135	329
2136	286
2137	338
2138	321
2139	311
2140	307
2141	332
2142	323
2143	283
2144	315
2145	324
2146	307
2147	311
2148	332
2149	322
2150	311
2151	353
2152	353
2153	299
2154	320
2155	310
2156	330
2157	318
2158	349
2159	320
2160	331
2161	324
2162	315
2163	335
2164	327
2165	348
2166	376
2167	324
2168	322
2169	322
2170	343
2171	334
2172	347
2173	364
2174	322
2175	345
2176	325
2177	334
2178	358
2179	333
2180	350
2181	344
2182	336
2183	354
2184	337
2185	342
2186	318
2187	335
2188	337
2189	330
2190	293
2191	328
2192	350
2193	354
2194	368
2195	348
2196	344
2197	354
2198	330
2199	343
2200	322
2201	329
2202	367
2203	347
2204	356
2205	360
2206	361
2207	358
2208	343
2209	349
2210	336
2211	377
2212	376
2213	354
2214	335
2215	345
2216	351
2217	330
2218	353
2219	328
2220	299
2221	354
2222	346
2223	353
2224	342
2225	354
2226	367
2227	334
2228	312
2229	334
2230	352
2231	372
2232	323
2233	326
2234	346
2235	351
2236	359
2237	364
2238	357
2239	354
2240	349
2241	360
2242	360
2243	357
2244	363
2245	364
2246	347
2247	357
2248	416
2249	353
2250	392
2251	381
2252	332
2253	370
2254	404
2255	367
2256	349
2257	365
2258	353
2259	352
2260	363
2261	347
2262	324
2263	373
2264	380
2265	359
2266	367
2267	343
2268	375
2269	384
2270	376
2271	375
2272	367
2273	392
2274	392
2275	363
2276	377
2277	389
2278	367
2279	384
2280	387
2281	339
2282	391
2283	382
2284	354
2285	367
2286	387
2287	366
2288	383
2289	396
2290	354
2291	356
2292	400
2293	386
2294	386
2295	361
2296	373
2297	415
2298	406
2299	365
2300	390
2301	379
2302	390
2303	407
2304	375
2305	399
2306	379
2307	384
2308	348
2309	389
2310	387
2311	383
2312	374
2313	371
2314	365
2315	382
2316	385
2317	391
2318	393
2319	363
2320	395
2321	373
2322	407
2323	385
2324	410
2325	391
2326	387
2327	354
2328	394
2329	419
2330	379
2331	399
2332	396
2333	390
2334	391
2335	384
2336	399
2337	417
2338	393
2339	395
2340	437
2341	388
2342	433
2343	383
2344	362
2345	382
2346	398
2347	375
2348	365
2349	392
2350	379
2351	408
2352	454
2353	426
2354	359
2355	457
2356	410
2357	423
2358	431
2359	405
2360	387
2361	377
2362	402
2363	401
2364	418
2365	387
2366	389
2367	432
2368	379
2369	424
2370	395
2371	447
2372	420
2373	401
2374	402
2375	381
2376	394
2377	396
2378	419
2379	415
2380	453
2381	415
2382	391
2383	409
2384	395
2385	437
2386	403
2387	399
2388	389
2389	410
2390	447
2391	459
2392	433
2393	424
2394	381
2395	404
2396	448
2397	405
2398	412
2399	417
2400	405
2401	375
2402	413
2403	420
2404	402
2405	416
2406	402
2407	418
2408	391
2409	432
2410	453
2411	404
2412	424
2413	413
2414	388
2415	391
2416	394
2417	389
2418	422
2419	396
2420	386
2421	395
2422	385
2423	369
2424	370
2425	432
2426	382
2427	383
2428	358
2429	372
2430	368
2431	384
2432	400
2433	385
2434	364
2435	409
2436	350
2437	363
2438	375
2439	369
2440	364
2441	347
2442	313
2443	339
2444	341
2445	334
2446	316
2447	321
2448	338
2449	354
2450	322
2451	322
2452	313
2453	323
2454	286
2455	299
2456	288
2457	267
2458	279
2459	294
2460	273
2461	242
2462	264
2463	264
2464	270
2465	252
2466	266
2467	253
2468	284
2469	235
2470	266
2471	258
2472	281
2473	266
2474	248
2475	244
2476	244
2477	224
2478	271
2479	236
2480	258
2481	251
2482	239
2483	248
2484	259
2485	242
2486	214
2487	220
2488	220
2489	226
2490	241
2491	241
2492	200
2493	214
2494	250
2495	239
2496	251
2497	216
2498	244
2499	215
2500	221
2501	203
2502	225
2503	223
2504	211
2505	230
2506	216
2507	206
2508	205
2509	214
2510	240
2511	222
2512	249
2513	200
2514	204
2515	217
2516	220
2517	210
2518	221
2519	195
2520	185
2521	212
2522	203
2523	202
2524	200
2525	207
2526	223
2527	221
2528	220
2529	203
2530	224
2531	178
2532	213
2533	216
2534	203
2535	205
2536	181
2537	224
2538	174
2539	191
2540	203
2541	187
2542	210
2543	186
2544	210
2545	205
2546	213
2547	177
2548	205
2549	201
2550	194
2551	180
2552	179
2553	175
2554	180
2555	177
2556	204
2557	177
2558	197
2559	175
2560	163
2561	176
2562	161
2563	180
2564	202
2565	210
2566	192
2567	184
2568	192
2569	181
2570	176
2571	212
2572	180
2573	181
2574	202
2575	172
2576	171
2577	176
2578	191
2579	222
2580	190
2581	197
2582	193
2583	190
2584	186
2585	159
2586	173
2587	167
2588	190
2589	184
2590	182
2591	162
2592	161
2593	164
2594	178
2595	163
2596	190
2597	169
2598	155
2599	148
2600	171
2601	170
2602	160
2603	177
2604	174
2605	169
2606	180
2607	176
2608	171
2609	172
2610	173
2611	150
2612	157
2613	177
2614	152
2615	180
2616	160
2617	182
2618	163
2619	158
2620	171
2621	152
2622	145
2623	183
2624	176
2625	169
2626	179
2627	171
2628	163
2629	177
2630	169
2631	148
2632	138
2633	152
2634	154
2635	147
2636	166
2637	168
2638	159
2639	163
2640	149
2641	146
2642	140
2643	157
2644	146
2645	135
2646	150
2647	155
2648	173
2649	172
2650	132
2651	174
2652	140
2653	161
2654	150
2655	147
2656	159
2657	124
2658	165
2659	134
2660	144
2661	121
2662	130
2663	133
2664	151
2665	146
2666	131
2667	127
2668	150
2669	146
2670	158
2671	151
2672	131
2673	146
2674	152
2675	121
2676	137
2677	160
2678	155
2679	132
2680	120
2681	131
2682	155
2683	121
2684	135
2685	130
2686	128
2687	135
2688	132
2689	128
2690	153
2691	136
2692	125
2693	141
2694	150
2695	116
2696	129
2697	126
2698	116
2699	128
2700	123
2701	114
2702	129
2703	120
2704	123
2705	118
2706	124
2707	132
2708	122
2709	133
2710	134
2711	119
2712	131
2713	137
2714	116
2715	123
2716	119
2717	132
2718	120
2719	120
2720	111
2721	123
2722	115
2723	109
2724	108
2725	109
2726	132
2727	118
2728	111
2729	101
2730	115
2731	121
2732	106
2733	110
2734	108
2735	107
2736	105
2737	110
2738	121
2739	106
2740	109
2741	128
2742	110
2743	102
2744	123
2745	118
2746	121
2747	101
2748	88
2749	97
2750	95
2751	107
2752	89
2753	120
2754	115
2755	120
2756	123
2757	105
2758	113
2759	108
2760	99
2761	89
2762	110
2763	88
2764	108
2765	101
2766	108
2767	88
2768	108
2769	106
2770	100
2771	96
2772	83
2773	103
2774	109
2775	73
2776	89
2777	110
2778	118
2779	113
2780	80
2781	102
2782	93
2783	88
2784	105
2785	86
2786	96
2787	89
2788	89
2789	89
2790	81
2791	85
2792	98
2793	109
2794	74
2795	107
2796	84
2797	103
2798	89
2799	101
2800	96
2801	94
2802	74
2803	54
2804	96
2805	73
2806	89
2807	86
2808	88
2809	69
2810	77
2811	78
2812	100
2813	96
2814	89
2815	77
2816	87
2817	69
2818	79
2819	75
2820	89
2821	84
2822	79
2823	75
2824	92
2825	71
2826	93
2827	64
2828	100
2829	79
2830	70
2831	97
2832	71
2833	72
2834	72
2835	83
2836	68
2837	88
2838	79
2839	79
2840	84
2841	72
2842	59
2843	73
2844	69
2845	70
2846	76
2847	69
2848	60
2849	70
2850	72
2851	80
2852	77
2853	71
2854	82
2855	77
2856	77
2857	82
2858	70
2859	71
2860	69
2861	56
2862	84
2863	64
2864	79
2865	73
2866	83
2867	69
2868	71
2869	66
2870	55
2871	57
2872	51
2873	73
2874	64
2875	65
2876	66
2877	57
2878	66
2879	59
2880	58
2881	64
2882	64
2883	71
2884	61
2885	71
2886	67
2887	56
2888	66
2889	64
2890	61
2891	76
2892	67
2893	79
2894	56
2895	68
2896	76
2897	67
2898	61
2899	68
2900	58
2901	71
2902	71
2903	61
2904	64
2905	50
2906	59
2907	64
2908	64
2909	60
2910	63
2911	55
2912	60
2913	71
2914	61
2915	53
2916	73
2917	64
2918	58
2919	52
2920	56
2921	45
2922	59
2923	55
2924	59
2925	63
2926	52
2927	81
2928	59
2929	58
2930	49
2931	54
2932	55
2933	50
2934	65
2935	68
2936	52
2937	66
2938	65
2939	56
2940	44
2941	59
2942	60
2943	61
2944	74
2945	57
2946	51
2947	57
2948	74
2949	56
2950	67
2951	60
2952	46
2953	62
2954	52
2955	58
2956	56
2957	59
2958	55
2959	54
2960	55
2961	55
2962	57
2963	46
2964	62
2965	46
2966	56
2967	53
2968	60
2969	48
2970	66
2971	60
2972	45
2973	59
2974	65
2975	43
2976	61
2977	58
2978	56
2979	63
2980	53
2981	54
2982	49
2983	66
2984	59
2985	56
2986	68
2987	49
2988	62
2989	71
2990	57
2991	72
2992	62
2993	71
2994	68
2995	67
2996	67
2997	60
2998	52
2999	54
3000	47
3001	61
3002	59
3003	54
3004	56
3005	69
3006	48
3007	55
3008	49
3009	52
3010	54
3011	70
3012	44
3013	55
3014	56
3015	50
3016	48
3017	60
3018	52
3019	46
3020	68
3021	61
3022	57
3023	59
3024	46
3025	59
3026	50
3027	38
3028	56
3029	56
3030	45
3031	52
3032	63
3033	59
3034	50
3035	46
3036	59
3037	52
3038	40
3039	50
3040	47
3041	46
3042	53
3043	47
3044	47
3045	61
3046	55
3047	42
3048	43
3049	43
3050	48
3051	48
3052	43
3053	48
3054	64
3055	38
3056	53
3057	60
3058	54
3059	57
3060	51
3061	53
3062	52
3063	46
3064	41
3065	51
3066	58
3067	45
3068	54
3069	40
3070	50
3071	50
3072	62
3073	49
3074	55
3075	50
3076	58
3077	37
3078	52
3079	52
3080	51
3081	52
3082	41
3083	52
3084	51
3085	64
3086	58
3087	48
3088	32
3089	44
3090	49
3091	29
3092	55
3093	38
3094	52
3095	46
3096	50
3097	47
3098	64
3099	51
3100	56
3101	48
3102	59
3103	51
3104	48
3105	46
3106	50
3107	52
3108	57
3109	53
3110	40
3111	47
3112	37
3113	53
3114	40
3115	47
3116	43
3117	58
3118	41
3119	44
3120	60
3121	46
3122	49
3123	44
3124	62
3125	43
3126	60
3127	75
3128	59
3129	62
3130	58
3131	55
3132	68
3133	55
3134	61
3135	46
3136	51
3137	60
3138	54
3139	55
3140	60
3141	50
3142	54
3143	55
3144	40
3145	51
3146	45
3147	50
3148	42
3149	41
3150	53
3151	53
3152	51
3153	55
3154	52
3155	42
3156	52
3157	65
3158	44
3159	38
3160	47
3161	45
3162	45
3163	46
3164	43
3165	44
3166	35
3167	47
3168	50
3169	49
3170	53
3171	50
3172	33
3173	41
3174	37
3175	49
3176	47
3177	43
3178	47
3179	45
3180	39
3181	48
3182	45
3183	43
3184	40
3185	34
3186	47
3187	45
3188	34
3189	48
3190	54
3191	51
3192	46
3193	50
3194	37
3195	44
3196	61
3197	40
3198	52
3199	38
3200	48
3201	52
3202	58
3203	58
3204	49
3205	51
3206	32
3207	38
3208	44
3209	53
3210	60
3211	58
3212	47
3213	53
3214	48
3215	43
3216	59
3217	43
3218	44
3219	48
3220	59
3221	58
3222	46
3223	57
3224	57
3225	45
3226	57
3227	38
3228	44
3229	52
3230	38
3231	57
3232	36
3233	46
3234	43
3235	38
3236	44
3237	36
3238	46
3239	45
3240	42
3241	44
3242	52
3243	43
3244	49
3245	39
3246	35
3247	36
3248	49
3249	38
3250	47
3251	45
3252	50
3253	46
3254	48
3255	37
3256	53
3257	34
3258	60
3259	50
3260	49
3261	41
3262	47
3263	35
3264	38
3265	52
3266	35
3267	37
3268	31
3269	45
3270	42
3271	46
3272	57
3273	40
3274	50
3275	46
3276	55
3277	36
3278	47
3279	47
3280	49
3281	43
3282	38
3283	44
3284	43
3285	40
3286	44
3287	49
3288	59
3289	43
3290	44
3291	44
3292	53
3293	39
3294	55
3295	37
3296	52
3297	36
3298	31
3299	49
3300	57
3301	51
3302	54
3303	57
3304	55
3305	52
3306	56
3307	44
3308	31
3309	50
3310	46
3311	45
3312	37
3313	34
3314	44
3315	38
3316	40
3317	49
3318	57
3319	43
3320	59
3321	42
3322	53
3323	50
3324	38
3325	43
3326	52
3327	49
3328	52
3329	58
3330	39
3331	45
3332	49
3333	33
3334	42
3335	54
3336	45
3337	50
3338	45
3339	56
3340	45
3341	58
3342	60
3343	41
3344	50
3345	49
3346	49
3347	50
3348	47
3349	51
3350	48
3351	62
3352	51
3353	42
3354	50
3355	50
3356	53
3357	54
3358	56
3359	50
3360	62
3361	58
3362	66
3363	53
3364	52
3365	59
3366	54
3367	46
3368	55
3369	63
3370	49
3371	55
3372	65
3373	56
3374	56
3375	66
3376	57
3377	67
3378	70
3379	62
3380	61
3381	73
3382	77
3383	67
3384	76
3385	76
3386	115
3387	119
3388	169
3389	328
3390	632
3391	1376
3392	2544
3393	4576
3394	8028
3395	12478
3396	17894
3397	23266
3398	27556
3399	29302
3400	27641
3401	24089
3402	18314
3403	12660
3404	7779
3405	4303
3406	2172
3407	961
3408	416
3409	189
3410	74
3411	42
3412	38
3413	33
3414	41
3415	28
3416	29
3417	26
3418	36
3419	27
3420	16
3421	19
3422	21
3423	16
3424	14
3425	22
3426	19
3427	27
3428	16
3429	21
3430	16
3431	13
3432	17
3433	18
3434	19
3435	14
3436	22
3437	15
3438	19
3439	18
3440	17
3441	14
3442	12
3443	15
3444	14
3445	20
3446	16
3447	7
3448	17
3449	13
3450	12
3451	19
3452	17
3453	15
3454	13
3455	9
3456	13
3457	17
3458	15
3459	17
3460	12
3461	15
3462	17
3463	13
3464	16
3465	10
3466	9
3467	19
3468	14
3469	5
3470	10
3471	7
3472	15
3473	17
3474	9
3475	14
3476	13
3477	13
3478	20
3479	12
3480	3
3481	10
3482	12
3483	15
3484	11
3485	9
3486	8
3487	11
3488	6
3489	12
3490	15
3491	11
3492	16
3493	13
3494	10
3495	10
3496	12
3497	13
3498	8
3499	13
3500	10
3501	13
3502	12
3503	15
3504	8
3505	16
3506	11
3507	6
3508	7
3509	10
3510	10
3511	7
3512	14
3513	11
3514	16
3515	12
3516	8
3517	7
3518	5
3519	6
3520	11
3521	8
3522	6
3523	10
3524	6
3525	8
3526	21
3527	16
3528	10
3529	15
3530	14
3531	13
3532	14
3533	13
3534	4
3535	7
3536	11
3537	11
3538	7
3539	8
3540	9
3541	8
3542	7
3543	7
3544	14
3545	8
3546	11
3547	8
3548	17
3549	13
3550	5
3551	8
3552	7
3553	11
3554	10
3555	3
3556	14
3557	12
3558	9
3559	9
3560	6
3561	15
3562	6
3563	7
3564	5
3565	10
3566	9
3567	11
3568	13
3569	6
3570	9
3571	11
3572	7
3573	11
3574	7
3575	11
3576	8
3577	8
3578	7
3579	10
3580	6
3581	12
3582	7
3583	6
3584	8
3585	10
3586	6
3587	6
3588	10
3589	8
3590	8
3591	9
3592	9
3593	8
3594	16
3595	5
3596	11
3597	8
3598	7
3599	9
3600	11
3601	9
3602	5
3603	11
3604	11
3605	7
3606	3
3607	7
3608	4
3609	9
3610	4
3611	10
3612	9
3613	6
3614	4
3615	10
3616	9
3617	7
3618	5
3619	7
3620	9
3621	10
3622	7
3623	13
3624	13
3625	10
3626	11
3627	3
3628	10
3629	3
3630	13
3631	9
3632	10
3633	7
3634	11
3635	12
3636	9
3637	9
3638	8
3639	5
3640	3
3641	6
3642	6
3643	1
3644	5
3645	7
3646	8
3647	7
3648	11
3649	16
3650	3
3651	11
3652	7
3653	5
3654	7
3655	8
3656	4
3657	9
3658	4
3659	10
3660	6
3661	5
3662	6
3663	5
3664	8
3665	8
3666	9
3667	7
3668	9
3669	3
3670	5
3671	6
3672	10
3673	9
3674	14
3675	6
3676	8
3677	13
3678	11
3679	11
3680	5
3681	5
3682	4
3683	9
3684	13
3685	7
3686	15
3687	5
3688	7
3689	7
3690	5
3691	8
3692	9
3693	8
3694	9
3695	4
3696	8
3697	9
3698	5
3699	9
3700	9
3701	5
3702	7
3703	2
3704	4
3705	6
3706	6
3707	7
3708	5
3709	10
3710	12
3711	6
3712	6
3713	6
3714	9
3715	13
3716	4
3717	7
3718	6
3719	9
3720	5
3721	3
3722	9
3723	6
3724	5
3725	3
3726	5
3727	6
3728	10
3729	13
3730	4
3731	7
3732	6
3733	13
3734	13
3735	6
3736	11
3737	12
3738	14
3739	13
3740	11
3741	7
3742	10
3743	6
3744	7
3745	10
3746	6
3747	10
3748	6
3749	9
3750	2
3751	9
3752	11
3753	3
3754	10
3755	5
3756	5
3757	5
3758	10
3759	6
3760	13
3761	6
3762	10
3763	8
3764	6
3765	11
3766	12
3767	8
3768	11
3769	6
3770	10
3771	9
3772	9
3773	4
3774	8
3775	6
3776	10
3777	11
3778	7
3779	4
3780	6
3781	5
3782	6
3783	6
3784	6
3785	7
3786	11
3787	4
3788	8
3789	6
3790	11
3791	2
3792	4
3793	0
3794	6
3795	7
3796	5
3797	2
3798	5
3799	8
3800	9
3801	6
3802	5
3803	6
3804	7
3805	6
3806	4
3807	2
3808	9
3809	7
3810	5
3811	14
3812	4
3813	4
3814	9
3815	9
3816	11
3817	3
3818	5
3819	8
3820	8
3821	3
3822	5
3823	3
3824	5
3825	3
3826	6
3827	10
3828	9
3829	8
3830	6
3831	7
3832	11
3833	7
3834	7
3835	2
3836	3
3837	9
3838	9
3839	6
3840	5
3841	8
3842	3
3843	9
3844	8
3845	5
3846	3
3847	5
3848	4
3849	1
3850	9
3851	6
3852	5
3853	2
3854	5
3855	7
3856	11
3857	8
3858	5
3859	6
3860	7
3861	4
3862	5
3863	3
3864	8
3865	5
3866	11
3867	7
3868	7
3869	9
3870	6
3871	4
3872	5
3873	8
3874	5
3875	6
3876	2
3877	3
3878	8
3879	7
3880	8
3881	4
3882	8
3883	4
3884	5
3885	9
3886	1
3887	4
3888	8
3889	8
3890	6
3891	7
3892	5
3893	5
3894	11
3895	7
3896	4
3897	5
3898	7
3899	8
3900	7
3901	6
3902	8
3903	13
3904	5
3905	7
3906	5
3907	5
3908	9
3909	7
3910	6
3911	9
3912	7
3913	4
3914	7
3915	7
3916	6
3917	7
3918	4
3919	3
3920	8
3921	7
3922	9
3923	6
3924	8
3925	9
3926	5
3927	11
3928	10
3929	7
3930	6
3931	7
3932	6
3933	8
3934	4
3935	2
3936	8
3937	8
3938	4
3939	12
3940	7
3941	4
3942	4
3943	7
3944	5
3945	8
3946	4
3947	12
3948	5
3949	9
3950	6
3951	12
3952	7
3953	6
3954	7
3955	8
3956	7
3957	8
3958	11
3959	12
3960	7
3961	6
3962	5
3963	2
3964	4
3965	2
3966	6
3967	7
3968	5
3969	8
3970	5
3971	8
3972	5
3973	15
3974	9
3975	6
3976	11
3977	8
3978	4
3979	1
3980	2
3981	5
3982	8
3983	6
3984	4
3985	10
3986	9
3987	3
3988	6
3989	3
3990	12
3991	1
3992	3
3993	3
3994	7
3995	7
3996	4
3997	8
3998	8
3999	11
4000	5
4001	6
4002	16
4003	10
4004	11
4005	17
4006	8
4007	15
4008	12
4009	8
4010	8
4011	7
4012	3
4013	3
4014	8
4015	8
4016	8
4017	6
4018	9
4019	8
4020	5
4021	4
4022	3
4023	7
4024	3
4025	2
4026	4
4027	5
4028	9
4029	6
4030	7
4031	5
4032	2
4033	7
4034	7
4035	6
4036	4
4037	10
4038	6
4039	4
4040	11
4041	2
4042	4
4043	10
4044	3
4045	7
4046	6
4047	4
4048	9
4049	6
4050	7
4051	5
4052	5
4053	2
4054	7
4055	6
4056	8
4057	4
4058	4
4059	3
4060	4
4061	8
4062	9
4063	6
4064	5
4065	7
4066	2
4067	5
4068	12
4069	5
4070	3
4071	12
4072	4
4073	9
4074	3
4075	5
4076	7
4077	1
4078	5
4079	6
4080	8
4081	8
4082	4
4083	6
4084	6
4085	6
4086	4
4087	8
4088	7
4089	5
4090	6
4091	2
4092	5
4093	3
4094	5
4095	4
4096	5
4097	10
4098	2
4099	3
4100	4
4101	4
4102	4
4103	1
4104	4
4105	5
4106	4
4107	7
4108	5
4109	5
4110	4
4111	3
4112	3
4113	4
4114	3
4115	10
4116	6
4117	8
4118	4
4119	5
4120	7
4121	8
4122	4
4123	7
4124	2
4125	4
4126	3
4127	6
4128	9
4129	4
4130	7
4131	6
4132	7
4133	5
4134	6
4135	6
4136	5
4137	3
4138	8
4139	7
4140	3
4141	5
4142	8
4143	5
4144	5
4145	6
4146	7
4147	3
4148	2
4149	4
4150	4
4151	5
4152	3
4153	10
4154	8
4155	4
4156	4
4157	3
4158	3
4159	5
4160	5
4161	5
4162	10
4163	7
4164	4
4165	6
4166	7
4167	7
4168	7
4169	5
4170	3
4171	3
4172	6
4173	6
4174	5
4175	2
4176	6
4177	6
4178	3
4179	6
4180	4
4181	5
4182	5
4183	6
4184	3
4185	1
4186	2
4187	3
4188	6
4189	6
4190	7
4191	3
4192	3
4193	2
4194	4
4195	5
4196	2
4197	7
4198	4
4199	6
4200	5
4201	4
4202	6
4203	4
4204	2
4205	7
4206	6
4207	5
4208	6
4209	7
4210	4
4211	4
4212	10
4213	2
4214	3
4215	7
4216	9
4217	3
4218	4
4219	4
4220	5
4221	3
4222	3
4223	3
4224	3
4225	6
4226	2
4227	4
4228	4
4229	3
4230	5
4231	6
4232	5
4233	4
4234	5
4235	2
4236	7
4237	1
4238	1
4239	7
4240	5
4241	3
4242	4
4243	4
4244	5
4245	8
4246	5
4247	4
4248	4
4249	6
4250	10
4251	4
4252	6
4253	9
4254	3
4255	3
4256	6
4257	5
4258	6
4259	7
4260	3
4261	9
4262	7
4263	3
4264	4
4265	5
4266	6
4267	3
4268	2
4269	3
4270	7
4271	4
4272	2
4273	4
4274	2
4275	6
4276	2
4277	3
4278	6
4279	5
4280	6
4281	6
4282	2
4283	4
4284	5
4285	3
4286	6
4287	9
4288	7
4289	4
4290	5
4291	5
4292	2
4293	6
4294	3
4295	7
4296	3
4297	7
4298	5
4299	5
4300	8
4301	7
4302	5
4303	4
4304	2
4305	3
4306	5
4307	6
4308	3
4309	7
4310	5
4311	2
4312	7
4313	8
4314	8
4315	2
4316	4
4317	5
4318	3
4319	8
4320	5
4321	1
4322	5
4323	6
4324	6
4325	4
4326	5
4327	0
4328	10
4329	5
4330	5
4331	4
4332	11
4333	7
4334	8
4335	2
4336	3
4337	2
4338	4
4339	5
4340	5
4341	2
4342	5
4343	6
4344	1
4345	5
4346	6
4347	3
4348	1
4349	7
4350	1
4351	2
4352	5
4353	6
4354	4
4355	6
4356	8
4357	5
4358	4
4359	6
4360	10
4361	5
4362	8
4363	4
4364	1
4365	4
4366	3
4367	5
4368	3
4369	3
4370	5
4371	3
4372	5
4373	3
4374	2
4375	2
4376	5
4377	4
4378	6
4379	7
4380	6
4381	3
4382	5
4383	5
4384	8
4385	5
4386	2
4387	4
4388	6
4389	4
4390	9
4391	3
4392	8
4393	6
4394	4
4395	6
4396	4
4397	2
4398	5
4399	6
4400	4
4401	2
4402	5
4403	10
4404	5
4405	1
4406	7
4407	3
4408	2
4409	7
4410	1
4411	6
4412	3
4413	6
4414	5
4415	3
4416	4
4417	1
4418	4
4419	3
4420	5
4421	2
4422	3
4423	5
4424	3
4425	6
4426	4
4427	5
4428	5
4429	1
4430	3
4431	5
4432	10
4433	6
4434	0
4435	0
4436	2
4437	5
4438	4
4439	2
4440	1
4441	7
4442	1
4443	5
4444	1
4445	3
4446	8
4447	4
4448	2
4449	6
4450	7
4451	2
4452	4
4453	2
4454	7
4455	3
4456	5
4457	3
4458	4
4459	10
4460	6
4461	2
4462	12
4463	8
4464	3
4465	5
4466	4
4467	9
4468	5
4469	9
4470	6
4471	2
4472	4
4473	1
4474	0
4475	4
4476	4
4477	4
4478	3
4479	4
4480	4
4481	5
4482	1
4483	1
4484	5
4485	10
4486	2
4487	1
4488	2
4489	9
4490	1
4491	2
4492	5
4493	6
4494	4
4495	5
4496	6
4497	2
4498	2
4499	7
4500	5
4501	6
4502	3
4503	1
4504	5
4505	3
4506	3
4507	3
4508	6
4509	5
4510	4
4511	5
4512	4
4513	3
4514	6
4515	2
4516	7
4517	3
4518	8
4519	3
4520	4
4521	3
4522	1
4523	2
4524	7
4525	1
4526	3
4527	3
4528	4
4529	2
4530	5
4531	2
4532	2
4533	7
4534	5
4535	6
4536	8
4537	7
4538	3
4539	5
4540	5
4541	2
4542	5
4543	2
4544	3
4545	8
4546	4
4547	4
4548	6
4549	3
4550	4
4551	3
4552	5
4553	6
4554	3
4555	8
4556	3
4557	3
4558	0
4559	5
4560	2
4561	4
4562	6
4563	4
4564	5
4565	4
4566	4
4567	1
4568	3
4569	2
4570	7
4571	7
4572	2
4573	4
4574	5
4575	1
4576	5
4577	4
4578	4
4579	5
4580	4
4581	2
4582	5
4583	8
4584	2
4585	7
4586	3
4587	4
4588	5
4589	4
4590	7
4591	2
4592	3
4593	3
4594	3
4595	5
4596	7
4597	0
4598	4
4599	0
4600	3
4601	3
4602	7
4603	2
4604	7
4605	3
4606	5
4607	7
4608	2
4609	5
4610	2
4611	2
4612	5
4613	4
4614	3
4615	4
4616	2
4617	3
4618	5
4619	5
4620	6
4621	2
4622	2
4623	5
4624	9
4625	5
4626	6
4627	6
4628	3
4629	3
4630	4
4631	8
4632	5
4633	9
4634	3
4635	4
4636	2
4637	9
4638	8
4639	1
4640	2
4641	2
4642	5
4643	2
4644	8
4645	1
4646	4
4647	5
4648	7
4649	5
4650	11
4651	3
4652	5
4653	3
4654	7
4655	4
4656	3
4657	2
4658	3
4659	1
4660	6
4661	4
4662	5
4663	1
4664	2
4665	9
4666	6
4667	4
4668	2
4669	2
4670	2
4671	3
4672	3
4673	6
4674	6
4675	3
4676	5
4677	3
4678	5
4679	1
4680	5
4681	3
4682	4
4683	8
4684	8
4685	7
4686	9
4687	4
4688	9
4689	3
4690	10
4691	11
4692	11
4693	6
4694	10
4695	9
4696	7
4697	3
4698	6
4699	7
4700	5
4701	2
4702	3
4703	2
4704	2
4705	5
4706	10
4707	4
4708	6
4709	3
4710	2
4711	5
4712	5
4713	5
4714	2
4715	4
4716	2
4717	9
4718	4
4719	5
4720	4
4721	3
4722	4
4723	2
4724	2
4725	5
4726	2
4727	2
4728	8
4729	2
4730	5
4731	3
4732	3
4733	3
4734	4
4735	4
4736	5
4737	1
4738	1
4739	3
4740	5
4741	3
4742	2
4743	3
4744	1
4745	5
4746	2
4747	4
4748	3
4749	5
4750	2
4751	3
4752	8
4753	3
4754	4
4755	5
4756	4
4757	3
4758	3
4759	4
4760	5
4761	1
4762	3
4763	2
4764	4
4765	4
4766	6
4767	1
4768	2
4769	1
4770	2
4771	3
4772	1
4773	3
4774	1
4775	4
4776	6
4777	2
4778	3
4779	1
4780	4
4781	1
4782	5
4783	4
4784	7
4785	4
4786	2
4787	3
4788	3
4789	1
4790	2
4791	3
4792	1
4793	2
4794	3
4795	3
4796	4
4797	4
4798	6
4799	3
4800	3
4801	4
4802	3
4803	2
4804	2
4805	3
4806	7
4807	5
4808	4
4809	4
4810	4
4811	4
4812	2
4813	6
4814	5
4815	3
4816	1
4817	2
4818	0
4819	1
4820	4
4821	1
4822	2
4823	3
4824	1
4825	3
4826	4
4827	4
4828	3
4829	2
4830	1
4831	2
4832	4
4833	8
4834	3
4835	4
4836	4
4837	1
4838	1
4839	6
4840	1
4841	3
4842	1
4843	3
4844	2
4845	0
4846	2
4847	1
4848	0
4849	2
4850	2
4851	2
4852	3
4853	1
4854	4
4855	5
4856	4
4857	0
4858	2
4859	2
4860	2
4861	1
4862	2
4863	1
4864	2
4865	3
4866	4
4867	2
4868	2
4869	1
4870	4
4871	3
4872	4
4873	7
4874	3
4875	3
4876	4
4877	5
4878	3
4879	2
4880	1
4881	5
4882	4
4883	1
4884	3
4885	2
4886	1
4887	3
4888	1
4889	6
4890	3
4891	5
4892	2
4893	5
4894	2
4895	2
4896	3
4897	5
4898	5
4899	4
4900	4
4901	2
4902	6
4903	3
4904	3
4905	1
4906	5
4907	3
4908	0
4909	4
4910	2
4911	2
4912	1
4913	4
4914	1
4915	4
4916	7
4917	0
4918	4
4919	3
4920	0
4921	6
4922	6
4923	3
4924	2
4925	0
4926	3
4927	2
4928	0
4929	3
4930	2
4931	2
4932	3
4933	5
4934	3
4935	5
4936	5
4937	5
4938	1
4939	8
4940	4
4941	7
4942	3
4943	7
4944	1
4945	1
4946	2
4947	5
4948	6
4949	2
4950	1
4951	5
4952	3
4953	2
4954	2
4955	2
4956	6
4957	5
4958	8
4959	7
4960	8
4961	6
4962	9
4963	11
4964	7
4965	16
4966	9
4967	11
4968	7
4969	9
4970	4
4971	4
4972	4
4973	11
4974	1
4975	4
4976	4
4977	1
4978	2
4979	4
4980	5
4981	4
4982	3
4983	2
4984	3
4985	4
4986	5
4987	3
4988	12
4989	8
4990	10
4991	4
4992	4
4993	3
4994	5
4995	5
4996	6
4997	4
4998	2
4999	4
5000	2
5001	2
5002	4
5003	4
5004	1
5005	2
5006	4
5007	2
5008	1
5009	4
5010	1
5011	3
5012	2
5013	3
5014	3
5015	3
5016	3
5017	1
5018	2
5019	4
5020	6
5021	3
5022	3
5023	1
5024	2
5025	2
5026	4
5027	1
5028	3
5029	4
5030	3
5031	5
5032	2
5033	4
5034	2
5035	3
5036	2
5037	2
5038	1
5039	3
5040	3
5041	4
5042	0
5043	3
5044	2
5045	3
5046	4
5047	4
5048	2
5049	3
5050	1
5051	1
5052	1
5053	2
5054	5
5055	4
5056	1
5057	4
5058	1
5059	3
5060	1
5061	1
5062	3
5063	3
5064	5
5065	5
5066	3
5067	2
5068	1
5069	6
5070	2
5071	2
5072	2
5073	3
5074	6
5075	3
5076	5
5077	4
5078	4
5079	4
5080	3
5081	2
5082	3
5083	3
5084	2
5085	2
5086	3
5087	3
5088	1
5089	1
5090	0
5091	1
5092	3
5093	2
5094	1
5095	2
5096	5
5097	2
5098	1
5099	1
5100	5
5101	6
5102	4
5103	3
5104	3
5105	2
5106	2
5107	3
5108	3
5109	3
5110	2
5111	2
5112	4
5113	0
5114	0
5115	0
5116	1
5117	3
5118	5
5119	1
5120	2
5121	6
5122	3
5123	2
5124	3
5125	3
5126	6
5127	1
5128	3
5129	3
5130	2
5131	2
5132	5
5133	2
5134	4
5135	1
5136	3
5137	2
5138	4
5139	3
5140	3
5141	3
5142	2
5143	3
5144	1
5145	1
5146	3
5147	3
5148	1
5149	4
5150	0
5151	2
5152	1
5153	6
5154	2
5155	0
5156	1
5157	2
5158	0
5159	4
5160	2
5161	3
5162	1
5163	2
5164	1
5165	2
5166	1
5167	2
5168	1
5169	1
5170	1
5171	2
5172	2
5173	4
5174	1
5175	4
5176	4
5177	1
5178	2
5179	2
5180	5
5181	3
5182	0
5183	3
5184	3
5185	4
5186	2
5187	1
5188	2
5189	4
5190	4
5191	3
5192	4
5193	1
5194	2
5195	1
5196	4
5197	1
5198	5
5199	0
5200	2
5201	3
5202	2
5203	2
5204	1
5205	3
5206	1
5207	4
5208	1
5209	2
5210	3
5211	3
5212	2
5213	0
5214	1
5215	3
5216	3
5217	4
5218	4
5219	1
5220	3
5221	4
5222	0
5223	4
5224	4
5225	3
5226	8
5227	2
5228	1
5229	3
5230	3
5231	2
5232	5
5233	2
5234	0
5235	3
5236	2
5237	5
5238	3
5239	2
5240	2
5241	1
5242	2
5243	2
5244	3
5245	1
5246	1
5247	1
5248	2
5249	2
5250	2
5251	1
5252	1
5253	2
5254	2
5255	4
5256	3
5257	3
5258	2
5259	6
5260	1
5261	0
5262	4
5263	5
5264	2
5265	1
5266	3
5267	0
5268	2
5269	6
5270	5
5271	2
5272	2
5273	4
5274	1
5275	1
5276	5
5277	1
5278	6
5279	1
5280	2
5281	2
5282	1
5283	3
5284	1
5285	7
5286	2
5287	2
5288	0
5289	3
5290	1
5291	1
5292	3
5293	0
5294	3
5295	1
5296	3
5297	5
5298	3
5299	3
5300	0
5301	3
5302	6
5303	1
5304	2
5305	3
5306	7
5307	1
5308	2
5309	4
5310	3
5311	5
5312	2
5313	1
5314	3
5315	2
5316	3
5317	3
5318	2
5319	3
5320	4
5321	1
5322	1
5323	3
5324	4
5325	1
5326	4
5327	4
5328	1
5329	2
5330	2
5331	2
5332	5
5333	2
5334	2
5335	2
5336	0
5337	4
5338	2
5339	3
5340	2
5341	3
5342	3
5343	2
5344	3
5345	3
5346	2
5347	1
5348	2
5349	3
5350	1
5351	0
5352	1
5353	0
5354	1
5355	3
5356	1
5357	2
5358	3
5359	4
5360	0
5361	2
5362	2
5363	1
5364	3
5365	1
5366	2
5367	2
5368	2
5369	1
5370	1
5371	2
5372	3
5373	5
5374	3
5375	5
5376	0
5377	3
5378	3
5379	2
5380	5
5381	1
5382	0
5383	0
5384	2
5385	3
5386	3
5387	3
5388	3
5389	3
5390	3
5391	1
5392	5
5393	1
5394	3
5395	2
5396	3
5397	0
5398	3
5399	4
5400	3
5401	3
5402	2
5403	5
5404	1
5405	2
5406	3
5407	5
5408	2
5409	5
5410	1
5411	0
5412	3
5413	1
5414	0
5415	4
5416	3
5417	2
5418	1
5419	1
5420	2
5421	4
5422	3
5423	0
5424	1
5425	2
5426	2
5427	1
5428	7
5429	1
5430	4
5431	3
5432	3
5433	3
5434	3
5435	3
5436	2
5437	2
5438	5
5439	1
5440	1
5441	3
5442	4
5443	1
5444	1
5445	4
5446	4
5447	3
5448	4
5449	3
5450	3
5451	3
5452	1
5453	0
5454	3
5455	4
5456	2
5457	2
5458	1
5459	3
5460	4
5461	3
5462	4
5463	1
5464	4
5465	5
5466	2
5467	4
5468	2
5469	4
5470	5
5471	4
5472	1
5473	0
5474	1
5475	3
5476	0
5477	3
5478	2
5479	2
5480	1
5481	3
5482	4
5483	4
5484	1
5485	3
5486	1
5487	4
5488	2
5489	3
5490	2
5491	3
5492	0
5493	2
5494	3
5495	1
5496	2
5497	2
5498	0
5499	5
5500	3
5501	2
5502	2
5503	2
5504	2
5505	3
5506	2
5507	0
5508	2
5509	4
5510	2
5511	2
5512	2
5513	3
5514	0
5515	4
5516	4
5517	2
5518	2
5519	1
5520	4
5521	4
5522	3
5523	1
5524	1
5525	2
5526	3
5527	2
5528	1
5529	2
5530	2
5531	1
5532	7
5533	2
5534	2
5535	0
5536	2
5537	3
5538	2
5539	3
5540	3
5541	4
5542	2
5543	2
5544	2
5545	2
5546	6
5547	3
5548	4
5549	5
5550	4
5551	3
5552	1
5553	2
5554	1
5555	3
5556	2
5557	0
5558	1
5559	6
5560	0
5561	4
5562	2
5563	5
5564	1
5565	4
5566	2
5567	3
5568	1
5569	1
5570	0
5571	2
5572	1
5573	2
5574	4
5575	5
5576	0
5577	1
5578	2
5579	5
5580	1
5581	2
5582	1
5583	1
5584	1
5585	7
5586	4
5587	6
5588	4
5589	6
5590	9
5591	10
5592	8
5593	12
5594	5
5595	6
5596	5
5597	5
5598	9
5599	2
5600	3
5601	4
5602	4
5603	1
5604	1
5605	3
5606	3
5607	3
5608	4
5609	2
5610	2
5611	3
5612	1
5613	4
5614	5
5615	2
5616	2
5617	4
5618	2
5619	2
5620	3
5621	2
5622	2
5623	0
5624	6
5625	1
5626	4
5627	1
5628	3
5629	3
5630	4
5631	2
5632	2
5633	3
5634	3
5635	1
5636	3
5637	2
5638	2
5639	5
5640	2
5641	0
5642	3
5643	3
5644	1
5645	3
5646	1
5647	2
5648	5
5649	2
5650	3
5651	0
5652	2
5653	1
5654	2
5655	2
5656	5
5657	1
5658	5
5659	2
5660	3
5661	3
5662	5
5663	3
5664	1
5665	5
5666	0
5667	2
5668	6
5669	1
5670	1
5671	1
5672	0
5673	2
5674	2
5675	2
5676	3
5677	4
5678	4
5679	0
5680	1
5681	3
5682	3
5683	1
5684	3
5685	1
5686	1
5687	1
5688	1
5689	2
5690	4
5691	3
5692	1
5693	2
5694	2
5695	2
5696	0
5697	0
5698	1
5699	3
5700	3
5701	1
5702	1
5703	0
5704	4
5705	0
5706	1
5707	4
5708	3
5709	4
5710	0
5711	1
5712	5
5713	1
5714	0
5715	1
5716	5
5717	3
5718	8
5719	4
5720	2
5721	1
5722	3
5723	6
5724	6
5725	8
5726	7
5727	10
5728	4
5729	6
5730	12
5731	5
5732	13
5733	6
5734	6
5735	2
5736	3
5737	2
5738	0
5739	4
5740	7
5741	3
5742	2
5743	4
5744	2
5745	2
5746	5
5747	2
5748	3
5749	3
5750	1
5751	1
5752	4
5753	2
5754	2
5755	0
5756	2
5757	1
5758	2
5759	0
5760	1
5761	7
5762	0
5763	2
5764	7
5765	1
5766	5
5767	3
5768	2
5769	4
5770	7
5771	7
5772	7
5773	8
5774	8
5775	7
5776	3
5777	0
5778	3
5779	2
5780	4
5781	5
5782	3
5783	2
5784	2
5785	3
5786	3
5787	4
5788	1
5789	3
5790	3
5791	4
5792	2
5793	1
5794	6
5795	3
5796	1
5797	2
5798	3
5799	1
5800	2
5801	4
5802	0
5803	2
5804	1
5805	3
5806	1
5807	2
5808	3
5809	1
5810	1
5811	1
5812	4
5813	0
5814	1
5815	0
5816	2
5817	2
5818	0
5819	3
5820	0
5821	4
5822	2
5823	3
5824	3
5825	3
5826	1
5827	0
5828	2
5829	1
5830	4
5831	2
5832	1
5833	1
5834	1
5835	1
5836	3
5837	0
5838	3
5839	2
5840	1
5841	3
5842	1
5843	1
5844	2
5845	3
5846	3
5847	4
5848	1
5849	2
5850	1
5851	3
5852	4
5853	4
5854	2
5855	0
5856	5
5857	4
5858	1
5859	1
5860	3
5861	1
5862	3
5863	2
5864	3
5865	4
5866	3
5867	0
5868	2
5869	2
5870	3
5871	1
5872	1
5873	0
5874	2
5875	1
5876	2
5877	2
5878	2
5879	3
5880	2
5881	0
5882	0
5883	3
5884	3
5885	0
5886	3
5887	0
5888	0
5889	1
5890	1
5891	0
5892	2
5893	2
5894	2
5895	4
5896	0
5897	1
5898	3
5899	2
5900	0
5901	2
5902	4
5903	1
5904	2
5905	1
5906	1
5907	3
5908	1
5909	1
5910	0
5911	1
5912	2
5913	2
5914	1
5915	1
5916	2
5917	2
5918	2
5919	2
5920	3
5921	1
5922	3
5923	3
5924	0
5925	0
5926	0
5927	0
5928	5
5929	0
5930	0
5931	1
5932	0
5933	1
5934	4
5935	2
5936	2
5937	1
5938	2
5939	0
5940	3
5941	1
5942	1
5943	1
5944	3
5945	5
5946	5
5947	4
5948	2
5949	1
5950	1
5951	4
5952	1
5953	2
5954	4
5955	2
5956	1
5957	4
5958	1
5959	3
5960	1
5961	4
5962	2
5963	1
5964	3
5965	2
5966	3
5967	2
5968	0
5969	3
5970	1
5971	0
5972	3
5973	2
5974	0
5975	0
5976	1
5977	2
5978	1
5979	1
5980	2
5981	2
5982	0
5983	2
5984	2
5985	1
5986	2
5987	0
5988	2
5989	2
5990	3
5991	1
5992	4
5993	3
5994	3
5995	2
5996	5
5997	1
5998	0
5999	1
6000	0
6001	1
6002	5
6003	3
6004	0
6005	0
6006	1
6007	1
6008	2
6009	3
6010	4
6011	1
6012	2
6013	5
6014	5
6015	0
6016	2
6017	3
6018	0
6019	0
6020	5
6021	1
6022	2
6023	0
6024	1
6025	1
6026	1
6027	2
6028	0
6029	3
6030	2
6031	3
6032	2
6033	0
6034	2
6035	2
6036	1
6037	2
6038	1
6039	1
6040	5
6041	5
6042	3
6043	1
6044	0
6045	1
6046	3
6047	1
6048	1
6049	2
6050	3
6051	0
6052	3
6053	0
6054	2
6055	2
6056	4
6057	1
6058	0
6059	0
6060	2
6061	3
6062	3
6063	0
6064	1
6065	4
6066	1
6067	0
6068	5
6069	4
6070	1
6071	1
6072	2
6073	3
6074	3
6075	3
6076	2
6077	0
6078	3
6079	1
6080	2
6081	3
6082	2
6083	3
6084	1
6085	0
6086	1
6087	0
6088	2
6089	1
6090	1
6091	3
6092	1
6093	1
6094	3
6095	1
6096	0
6097	1
6098	2
6099	3
6100	1
6101	0
6102	2
6103	0
6104	3
6105	1
6106	2
6107	1
6108	2
6109	1
6110	2
6111	3
6112	1
6113	1
6114	4
6115	2
6116	2
6117	2
6118	1
6119	1
6120	1
6121	2
6122	1
6123	1
6124	0
6125	0
6126	1
6127	3
6128	2
6129	0
6130	1
6131	0
6132	0
6133	2
6134	0
6135	2
6136	3
6137	3
6138	3
6139	0
6140	2
6141	2
6142	3
6143	2
6144	1
6145	1
6146	1
6147	3
6148	0
6149	1
6150	3
6151	2
6152	0
6153	2
6154	1
6155	0
6156	3
6157	3
6158	1
6159	3
6160	3
6161	1
6162	4
6163	3
6164	0
6165	0
6166	1
6167	3
6168	3
6169	2
6170	3
6171	5
6172	1
6173	1
6174	4
6175	3
6176	3
6177	3
6178	2
6179	3
6180	3
6181	3
6182	1
6183	0
6184	1
6185	2
6186	0
6187	2
6188	2
6189	1
6190	0
6191	2
6192	4
6193	3
6194	2
6195	1
6196	2
6197	5
6198	3
6199	2
6200	2
6201	2
6202	1
6203	0
6204	0
6205	2
6206	0
6207	3
6208	0
6209	4
6210	3
6211	1
6212	0
6213	0
6214	2
6215	2
6216	5
6217	0
6218	0
6219	2
6220	1
6221	2
6222	3
6223	0
6224	1
6225	0
6226	4
6227	0
6228	2
6229	2
6230	1
6231	1
6232	6
6233	1
6234	1
6235	1
6236	2
6237	3
6238	1
6239	1
6240	0
6241	1
6242	1
6243	4
6244	0
6245	3
6246	5
6247	2
6248	1
6249	3
6250	0
6251	2
6252	4
6253	4
6254	4
6255	2
6256	1
6257	0
6258	2
6259	2
6260	1
6261	1
6262	4
6263	2
6264	4
6265	4
6266	0
6267	4
6268	2
6269	1
6270	1
6271	0
6272	1
6273	1
6274	2
6275	3
6276	0
6277	0
6278	1
6279	2
6280	2
6281	2
6282	5
6283	1
6284	2
6285	0
6286	3
6287	1
6288	0
6289	2
6290	2
6291	0
6292	3
6293	2
6294	0
6295	1
6296	0
6297	0
6298	3
6299	1
6300	0
6301	1
6302	3
6303	1
6304	0
6305	0
6306	0
6307	0
6308	1
6309	3
6310	1
6311	1
6312	1
6313	2
6314	2
6315	4
6316	3
6317	1
6318	1
6319	1
6320	0
6321	1
6322	1
6323	2
6324	4
6325	2
6326	3
6327	3
6328	0
6329	4
6330	5
6331	3
6332	2
6333	1
6334	1
6335	1
6336	0
6337	2
6338	1
6339	1
6340	1
6341	0
6342	1
6343	4
6344	2
6345	0
6346	2
6347	1
6348	3
6349	2
6350	2
6351	1
6352	0
6353	2
6354	3
6355	1
6356	1
6357	2
6358	0
6359	1
6360	3
6361	5
6362	4
6363	3
6364	2
6365	2
6366	1
6367	0
6368	3
6369	2
6370	0
6371	3
6372	3
6373	4
6374	1
6375	3
6376	3
6377	1
6378	1
6379	4
6380	4
6381	4
6382	2
6383	2
6384	4
6385	3
6386	3
6387	3
6388	1
6389	3
6390	5
6391	0
6392	4
6393	1
6394	0
6395	1
6396	3
6397	4
6398	0
6399	2
6400	1
6401	2
6402	2
6403	2
6404	0
6405	2
6406	1
6407	1
6408	1
6409	1
6410	1
6411	1
6412	1
6413	0
6414	1
6415	1
6416	2
6417	3
6418	2
6419	1
6420	1
6421	4
6422	0
6423	3
6424	0
6425	3
6426	1
6427	0
6428	0
6429	0
6430	1
6431	4
6432	1
6433	1
6434	0
6435	1
6436	1
6437	1
6438	1
6439	2
6440	1
6441	0
6442	3
6443	3
6444	0
6445	1
6446	3
6447	0
6448	2
6449	0
6450	1
6451	2
6452	1
6453	3
6454	1
6455	1
6456	0
6457	1
6458	1
6459	0
6460	1
6461	0
6462	2
6463	0
6464	0
6465	1
6466	2
6467	0
6468	3
6469	3
6470	2
6471	2
6472	0
6473	0
6474	0
6475	2
6476	1
6477	1
6478	1
6479	1
6480	1
6481	0
6482	2
6483	3
6484	1
6485	1
6486	1
6487	1
6488	0
6489	1
6490	3
6491	2
6492	2
6493	0
6494	0
6495	0
6496	0
6497	2
6498	2
6499	0
6500	2
6501	0
6502	1
6503	0
6504	2
6505	2
6506	0
6507	1
6508	1
6509	3
6510	3
6511	0
6512	1
6513	1
6514	0
6515	4
6516	1
6517	2
6518	2
6519	2
6520	2
6521	0
6522	2
6523	0
6524	1
6525	1
6526	2
6527	1
6528	1
6529	0
6530	3
6531	0
6532	4
6533	1
6534	1
6535	0
6536	1
6537	0
6538	0
6539	1
6540	1
6541	0
6542	3
6543	2
6544	0
6545	2
6546	0
6547	0
6548	3
6549	1
6550	2
6551	3
6552	2
6553	0
6554	2
6555	4
6556	1
6557	1
6558	2
6559	3
6560	1
6561	1
6562	2
6563	1
6564	3
6565	2
6566	0
6567	2
6568	1
6569	1
6570	0
6571	1
6572	0
6573	1
6574	3
6575	2
6576	2
6577	0
6578	0
6579	0
6580	1
6581	0
6582	0
6583	2
6584	2
6585	1
6586	2
6587	2
6588	2
6589	1
6590	0
6591	1
6592	0
6593	1
6594	2
6595	2
6596	1
6597	2
6598	0
6599	2
6600	4
6601	2
6602	0
6603	1
6604	1
6605	0
6606	5
6607	3
6608	1
6609	2
6610	2
6611	1
6612	3
6613	0
6614	3
6615	1
6616	1
6617	0
6618	2
6619	1
6620	0
6621	0
6622	2
6623	1
6624	2
6625	2
6626	3
6627	1
6628	0
6629	2
6630	1
6631	0
6632	2
6633	1
6634	0
6635	1
6636	1
6637	0
6638	2
6639	2
6640	1
6641	1
6642	1
6643	1
6644	0
6645	0
6646	1
6647	1
6648	2
6649	2
6650	3
6651	1
6652	0
6653	2
6654	0
6655	1
6656	2
6657	3
6658	2
6659	2
6660	1
6661	1
6662	1
6663	0
6664	2
6665	2
6666	1
6667	3
6668	1
6669	1
6670	1
6671	0
6672	0
6673	0
6674	1
6675	2
6676	2
6677	1
6678	2
6679	0
6680	2
6681	6
6682	1
6683	1
6684	1
6685	2
6686	1
6687	2
6688	0
6689	2
6690	1
6691	3
6692	3
6693	4
6694	2
6695	5
6696	1
6697	1
6698	2
6699	2
6700	2
6701	2
6702	2
6703	2
6704	1
6705	2
6706	2
6707	0
6708	0
6709	0
6710	1
6711	1
6712	3
6713	1
6714	0
6715	2
6716	0
6717	2
6718	1
6719	1
6720	1
6721	2
6722	1
6723	0
6724	1
6725	3
6726	1
6727	0
6728	1
6729	0
6730	0
6731	1
6732	2
6733	0
6734	1
6735	0
6736	0
6737	0
6738	0
6739	2
6740	1
6741	2
6742	1
6743	0
6744	1
6745	3
6746	3
6747	0
6748	2
6749	2
6750	3
6751	0
6752	2
6753	0
6754	1
6755	1
6756	1
6757	2
6758	4
6759	2
6760	1
6761	1
6762	1
6763	1
6764	2
6765	1
6766	2
6767	1
6768	2
6769	1
6770	3
6771	0
6772	3
6773	4
6774	1
6775	2
6776	1
6777	2
6778	0
6779	3
6780	2
6781	1
6782	1
6783	1
6784	2
6785	2
6786	1
6787	1
6788	1
6789	1
6790	3
6791	1
6792	2
6793	1
6794	0
6795	2
6796	1
6797	0
6798	3
6799	0
6800	0
6801	1
6802	5
6803	0
6804	2
6805	2
6806	1
6807	2
6808	4
6809	0
6810	1
6811	1
6812	0
6813	1
6814	2
6815	2
6816	5
6817	4
6818	1
6819	0
6820	0
6821	1
6822	5
6823	3
6824	1
6825	2
6826	2
6827	0
6828	1
6829	2
6830	1
6831	0
6832	1
6833	0
6834	0
6835	0
6836	1
6837	2
6838	0
6839	0
6840	2
6841	0
6842	0
6843	0
6844	0
6845	0
6846	1
6847	0
6848	1
6849	1
6850	0
6851	0
6852	1
6853	0
6854	1
6855	0
6856	1
6857	1
6858	0
6859	2
6860	1
6861	1
6862	2
6863	1
6864	0
6865	0
6866	1
6867	1
6868	3
6869	2
6870	1
6871	1
6872	0
6873	1
6874	1
6875	0
6876	1
6877	0
6878	1
6879	0
6880	1
6881	2
6882	0
6883	1
6884	1
6885	0
6886	0
6887	2
6888	1
6889	0
6890	0
6891	1
6892	1
6893	0
6894	0
6895	1
6896	0
6897	0
6898	0
6899	1
6900	1
6901	1
6902	0
6903	1
6904	0
6905	1
6906	0
6907	1
6908	1
6909	0
6910	0
6911	1
6912	1
6913	0
6914	1
6915	0
6916	1
6917	0
6918	1
6919	2
6920	0
6921	1
6922	0
6923	0
6924	2
6925	0
6926	0
6927	0
6928	0
6929	2
6930	0
6931	1
6932	0
6933	0
6934	0
6935	0
6936	0
6937	0
6938	1
6939	0
6940	1
6941	0
6942	0
6943	2
6944	1
6945	0
6946	0
6947	0
6948	1
6949	2
6950	0
6951	1
6952	2
6953	0
6954	0
6955	0
6956	0
6957	1
6958	0
6959	1
6960	0
6961	0
6962	1
6963	0
6964	1
6965	0
6966	0
6967	0
6968	0
6969	1
6970	2
6971	0
6972	0
6973	0
6974	1
6975	1
6976	0
6977	0
6978	0
6979	1
6980	0
6981	0
6982	0
6983	0
6984	1
6985	0
6986	1
6987	0
6988	1
6989	2
6990	1
6991	1
6992	0
6993	3
6994	2
6995	0
6996	1
6997	0
6998	0
6999	1
7000	1
7001	0
7002	0
7003	0
7004	1
7005	2
7006	1
7007	0
7008	0
7009	1
7010	2
7011	0
7012	0
7013	0
7014	0
7015	1
7016	0
7017	1
7018	0
7019	0
7020	2
7021	0
7022	0
7023	1
7024	0
7025	0
7026	1
7027	1
7028	0
7029	0
7030	0
7031	1
7032	1
7033	0
7034	0
7035	2
7036	1
7037	0
7038	3
7039	2
7040	1
7041	1
7042	1
7043	0
7044	1
7045	0
7046	1
7047	1
7048	0
7049	0
7050	1
7051	0
7052	0
7053	0
7054	0
7055	0
7056	0
7057	0
7058	1
7059	1
7060	0
7061	0
7062	2
7063	1
7064	0
7065	1
7066	0
7067	0
7068	0
7069	0
7070	0
7071	1
7072	0
7073	1
7074	1
7075	0
7076	0
7077	0
7078	0
7079	0
7080	2
7081	0
7082	0
7083	1
7084	1
7085	1
7086	0
7087	0
7088	0
7089	1
7090	1
7091	2
7092	2
7093	0
7094	0
7095	0
7096	2
7097	0
7098	1
7099	2
7100	1
7101	2
7102	2
7103	2
7104	2
7105	1
7106	2
7107	1
7108	0
7109	2
7110	2
7111	2
7112	0
7113	0
7114	1
7115	0
7116	0
7117	0
7118	0
7119	1
7120	0
7121	1
7122	0
7123	3
7124	0
7125	0
7126	0
7127	1
7128	1
7129	1
7130	0
7131	1
7132	0
7133	0
7134	1
7135	2
7136	0
7137	0
7138	1
7139	1
7140	0
7141	0
7142	1
7143	2
7144	0
7145	0
7146	1
7147	2
7148	1
7149	0
7150	0
7151	4
7152	1
7153	1
7154	0
7155	1
7156	2
7157	0
7158	0
7159	1
7160	0
7161	0
7162	1
7163	1
7164	0
7165	0
7166	0
7167	0
7168	0
7169	0
7170	2
7171	1
7172	0
7173	1
7174	1
7175	0
7176	0
7177	2
7178	2
7179	1
7180	0
7181	0
7182	0
7183	0
7184	0
7185	0
7186	0
7187	0
7188	0
7189	1
7190	0
7191	0
7192	1
7193	0
7194	0
7195	0
7196	1
7197	0
7198	0
7199	0
7200	1
7201	3
7202	2
7203	0
7204	0
7205	1
7206	1
7207	0
7208	1
7209	0
7210	0
7211	2
7212	0
7213	0
7214	0
7215	0
7216	0
7217	0
7218	1
7219	1
7220	0
7221	1
7222	0
7223	4
7224	1
7225	2
7226	2
7227	1
7228	0
7229	0
7230	1
7231	1
7232	1
7233	2
7234	0
7235	1
7236	1
7237	2
7238	0
7239	1
7240	0
7241	0
7242	2
7243	0
7244	0
7245	0
7246	1
7247	1
7248	1
7249	2
7250	0
7251	2
7252	1
7253	4
7254	2
7255	3
7256	10
7257	14
7258	14
7259	5
7260	18
7261	14
7262	10
7263	7
7264	11
7265	8
7266	5
7267	4
7268	3
7269	1
7270	1
7271	2
7272	1
7273	1
7274	2
7275	0
7276	1
7277	0
7278	0
7279	1
7280	0
7281	0
7282	0
7283	1
7284	1
7285	0
7286	0
7287	1
7288	0
7289	0
7290	0
7291	1
7292	1
7293	0
7294	0
7295	0
7296	1
7297	0
7298	1
7299	0
7300	1
7301	1
7302	0
7303	0
7304	0
7305	2
7306	0
7307	1
7308	1
7309	0
7310	0
7311	0
7312	0
7313	0
7314	0
7315	0
7316	1
7317	0
7318	0
7319	0
7320	0
7321	0
7322	0
7323	0
7324	1
7325	1
7326	1
7327	0
7328	1
7329	0
7330	1
7331	0
7332	0
7333	1
7334	0
7335	0
7336	0
7337	0
7338	1
7339	0
7340	0
7341	0
7342	2
7343	0
7344	0
7345	0
7346	0
7347	0
7348	0
7349	0
7350	0
7351	0
7352	0
7353	0
7354	1
7355	0
7356	1
7357	1
7358	0
7359	2
7360	0
7361	0
7362	0
7363	1
7364	0
7365	0
7366	1
7367	0
7368	0
7369	0
7370	0
7371	0
7372	1
7373	0
7374	1
7375	0
7376	1
7377	1
7378	0
7379	1
7380	0
7381	0
7382	1
7383	0
7384	0
7385	2
7386	0
7387	0
7388	0
7389	0
7390	0
7391	0
7392	0
7393	1
7394	0
7395	0
7396	1
7397	1
7398	0
7399	0
7400	0
7401	0
7402	0
7403	1
7404	0
7405	0
7406	0
7407	1
7408	2
7409	1
7410	0
7411	0
7412	0
7413	1
7414	0
7415	0
7416	0
7417	0
7418	0
7419	1
7420	0
7421	0
7422	1
7423	0
7424	0
7425	1
7426	0
7427	0
7428	0
7429	0
7430	0
7431	1
7432	0
7433	0
7434	0
7435	1
7436	1
7437	0
7438	0
7439	0
7440	0
7441	1
7442	0
7443	5
7444	0
7445	1
7446	0
7447	0
7448	0
7449	0
7450	0
7451	0
7452	0
7453	0
7454	1
7455	0
7456	0
7457	2
7458	2
7459	0
7460	0
7461	1
7462	1
7463	1
7464	0
7465	0
7466	1
7467	0
7468	1
7469	0
7470	0
7471	1
7472	0
7473	0
7474	0
7475	0
7476	0
7477	0
7478	0
7479	1
7480	0
7481	0
7482	0
7483	2
7484	0
7485	0
7486	0
7487	0
7488	0
7489	1
7490	1
7491	1
7492	1
7493	1
7494	0
7495	1
7496	0
7497	1
7498	0
7499	2
7500	0
7501	0
7502	0
7503	0
7504	0
7505	1
7506	1
7507	0
7508	0
7509	0
7510	2
7511	0
7512	0
7513	0
7514	0
7515	0
7516	1
7517	4
7518	5
7519	3
7520	1
7521	4
7522	4
7523	3
7524	7
7525	9
7526	6
7527	13
7528	19
7529	33
7530	28
7531	41
7532	27
7533	31
7534	35
7535	21
7536	29
7537	32
7538	19
7539	24
7540	13
7541	6
7542	3
7543	2
7544	1
7545	0
7546	1
7547	0
7548	0
7549	0
7550	0
7551	0
7552	0
7553	0
7554	0
7555	1
7556	1
7557	1
7558	1
7559	0
7560	0
7561	0
7562	0
7563	1
7564	0
7565	1
7566	0
7567	0
7568	0
7569	0
7570	0
7571	0
7572	1
7573	0
7574	0
7575	0
7576	1
7577	0
7578	1
7579	0
7580	0
7581	0
7582	0
7583	1
7584	0
7585	0
7586	0
7587	0
7588	0
7589	1
7590	0
7591	0
7592	0
7593	0
7594	0
7595	1
7596	0
7597	0
7598	1
7599	1
7600	0
7601	0
7602	0
7603	0
7604	0
7605	0
7606	0
7607	0
7608	0
7609	1
7610	0
7611	0
7612	0
7613	0
7614	1
7615	0
7616	0
7617	0
7618	0
7619	0
7620	0
7621	1
7622	1
7623	0
7624	0
7625	1
7626	0
7627	1
7628	0
7629	0
7630	0
7631	0
7632	0
7633	0
7634	2
7635	0
7636	0
7637	1
7638	2
7639	0
7640	0
7641	1
7642	0
7643	0
7644	0
7645	0
7646	2
7647	0
7648	0
7649	0
7650	1
7651	1
7652	0
7653	0
7654	2
7655	1
7656	0
7657	0
7658	1
7659	0
7660	0
7661	0
7662	1
7663	1
7664	0
7665	0
7666	0
7667	0
7668	0
7669	0
7670	0
7671	1
7672	1
7673	0
7674	0
7675	0
7676	0
7677	0
7678	1
7679	0
7680	0
7681	0
7682	0
7683	0
7684	0
7685	1
7686	1
7687	0
7688	1
7689	0
7690	0
7691	0
7692	0
7693	1
7694	0
7695	0
7696	0
7697	0
7698	0
7699	0
7700	0
7701	0
7702	0
7703	1
7704	0
7705	0
7706	0
7707	0
7708	1
7709	0
7710	1
7711	1
7712	1
7713	0
7714	0
7715	1
7716	0
7717	0
7718	1
7719	0
7720	0
7721	1
7722	0
7723	0
7724	0
7725	1
7726	0
7727	0
7728	0
7729	0
7730	0
7731	0
7732	0
7733	0
7734	0
7735	0
7736	0
7737	0
7738	1
7739	0
7740	2
7741	0
7742	0
7743	1
7744	1
7745	0
7746	0
7747	2
7748	1
7749	0
7750	0
7751	0
7752	0
7753	0
7754	0
7755	0
7756	0
7757	1
7758	0
7759	0
7760	0
7761	0
7762	1
7763	0
7764	0
7765	0
7766	0
7767	0
7768	0
7769	0
7770	0
7771	0
7772	0
7773	0
7774	0
7775	0
7776	2
7777	1
7778	0
7779	0
7780	0
7781	2
7782	1
7783	0
7784	0
7785	0
7786	1
7787	0
7788	0
7789	0
7790	0
7791	0
7792	0
7793	0
7794	0
7795	0
7796	0
7797	0
7798	0
7799	0
7800	0
7801	0
7802	0
7803	1
7804	1
7805	0
7806	0
7807	1
7808	1
7809	1
7810	1
7811	0
7812	1
7813	1
7814	0
7815	0
7816	0
7817	1
7818	0
7819	0
7820	0
7821	0
7822	1
7823	1
7824	0
7825	0
7826	0
7827	0
7828	0
7829	0
7830	0
7831	0
7832	0
7833	0
7834	2
7835	0
7836	0
7837	1
7838	0
7839	0
7840	0
7841	0
7842	0
7843	0
7844	0
7845	1
7846	0
7847	0
7848	0
7849	0
7850	0
7851	0
7852	0
7853	0
7854	0
7855	1
7856	1
7857	0
7858	0
7859	1
7860	1
7861	1
7862	0
7863	0
7864	1
7865	0
7866	1
7867	0
7868	0
7869	0
7870	0
7871	0
7872	0
7873	1
7874	0
7875	0
7876	0
7877	1
7878	0
7879	0
7880	0
7881	0
7882	0
7883	0
7884	0
7885	0
7886	0
7887	0
7888	0
7889	1
7890	0
7891	0
7892	0
7893	0
7894	1
7895	0
7896	1
7897	1
7898	0
7899	0
7900	0
7901	1
7902	1
7903	0
7904	0
7905	1
7906	0
7907	1
7908	1
7909	1
7910	0
7911	0
7912	0
7913	0
7914	0
7915	0
7916	0
7917	0
7918	0
7919	0
7920	0
7921	0
7922	0
7923	1
7924	0
7925	0
7926	0
7927	1
7928	1
7929	1
7930	0
7931	0
7932	0
7933	0
7934	1
7935	0
7936	0
7937	0
7938	0
7939	0
7940	0
7941	0
7942	0
7943	0
7944	0
7945	1
7946	0
7947	0
7948	0
7949	0
7950	0
7951	0
7952	0
7953	1
7954	0
7955	0
7956	0
7957	0
7958	0
7959	0
7960	0
7961	0
7962	1
7963	0
7964	0
7965	0
7966	0
7967	1
7968	0
7969	0
7970	0
7971	1
7972	0
7973	0
7974	0
7975	1
7976	0
7977	0
7978	0
7979	1
7980	0
7981	0
7982	0
7983	0
7984	1
7985	0
7986	0
7987	0
7988	1
7989	0
7990	0
7991	0
7992	0
7993	0
7994	0
7995	0
7996	0
7997	0
7998	1
7999	0
8000	0
8001	0
8002	0
8003	0
8004	1
8005	0
8006	0
8007	0
8008	1
8009	1
8010	0
8011	0
8012	0
8013	0
8014	1
8015	0
8016	0
8017	1
8018	0
8019	0
8020	0
8021	0
8022	0
8023	0
8024	0
8025	0
8026	0
8027	0
8028	0
8029	0
8030	0
8031	1
8032	0
8033	0
8034	1
8035	0
8036	0
8037	0
8038	0
8039	0
8040	0
8041	0
8042	1
8043	0
8044	0
8045	1
8046	1
8047	0
8048	1
8049	1
8050	0
8051	0
8052	0
8053	0
8054	1
8055	0
8056	0
8057	0
8058	0
8059	0
8060	0
8061	0
8062	0
8063	0
8064	0
8065	0
8066	0
8067	1
8068	0
8069	0
8070	1
8071	0
8072	0
8073	0
8074	0
8075	0
8076	0
8077	0
8078	1
8079	0
8080	1
8081	1
8082	0
8083	0
8084	0
8085	0
8086	0
8087	1
8088	1
8089	0
8090	1
8091	0
8092	0
8093	0
8094	0
8095	0
8096	0
8097	0
8098	0
8099	0
8100	0
8101	0
8102	0
8103	0
8104	0
8105	0
8106	0
8107	0
8108	0
8109	0
8110	0
8111	0
8112	0
8113	0
8114	0
8115	0
8116	0
8117	0
8118	0
8119	0
8120	0
8121	0
8122	0
8123	0
8124	0
8125	0
8126	0
8127	0
8128	0
8129	0
8130	0
8131	0
8132	0
8133	0
8134	0
8135	0
8136	0
8137	0
8138	0
8139	0
8140	0
8141	0
8142	0
8143	0
8144	0
8145	0
8146	0
8147	0
8148	0
8149	0
8150	0
8151	0
8152	0
8153	0
8154	0
8155	0
8156	0
8157	0
8158	0
8159	0
8160	0
8161	0
8162	0
8163	0
8164	0
8165	0
8166	0
8167	0
8168	0
8169	0
8170	0
8171	0
8172	0
8173	0
8174	0
8175	0
8176	0
8177	0
8178	0
8179	0
8180	0
8181	0
8182	0
8183	0
8184	0
8185	0
8186	0
8187	0
8188	0
8189	0
8190	0
8191	0
