0	0
1	0
2	0
3	0
4	0
5	0
6	0
7	0
8	0
9	0
10	0
11	0
12	0
13	0
14	0
15	0
16	0
17	0
18	0
19	0
20	0
21	0
22	0
23	0
24	0
25	0
26	0
27	0
28	0
29	0
30	0
31	0
32	0
33	0
34	0
35	0
36	0
37	0
38	0
39	0
40	0
41	0
42	0
43	0
44	0
45	0
46	0
47	0
48	0
49	0
50	0
51	0
52	0
53	0
54	0
55	0
56	0
57	0
58	0
59	0
60	0
61	0
62	0
63	0
64	0
65	0
66	0
67	0
68	13
69	76
70	132
71	192
72	178
73	179
74	182
75	201
76	192
77	190
78	186
79	222
80	204
81	190
82	194
83	207
84	188
85	179
86	177
87	199
88	226
89	194
90	202
91	189
92	209
93	191
94	198
95	200
96	216
97	204
98	229
99	204
100	202
101	222
102	226
103	203
104	231
105	188
106	215
107	201
108	213
109	191
110	220
111	210
112	213
113	215
114	222
115	243
116	210
117	213
118	236
119	220
120	230
121	218
122	199
123	213
124	230
125	211
126	207
127	192
128	171
129	202
130	208
131	238
132	213
133	204
134	226
135	209
136	224
137	213
138	212
139	209
140	204
141	230
142	221
143	243
144	212
145	232
146	224
147	240
148	217
149	216
150	216
151	217
152	214
153	224
154	239
155	226
156	222
157	234
158	218
159	215
160	226
161	223
162	254
163	224
164	227
165	213
166	221
167	209
168	224
169	240
170	233
171	202
172	244
173	216
174	237
175	203
176	261
177	248
178	231
179	237
180	224
181	234
182	237
183	254
184	241
185	254
186	244
187	239
188	234
189	230
190	241
191	257
192	257
193	250
194	219
195	234
196	249
197	251
198	274
199	246
200	242
201	237
202	237
203	281
204	266
205	262
206	226
207	234
208	222
209	252
210	238
211	261
212	252
213	239
214	269
215	261
216	269
217	252
218	275
219	228
220	247
221	256
222	282
223	284
224	284
225	235
226	260
227	238
228	270
229	263
230	268
231	254
232	285
233	268
234	281
235	262
236	270
237	278
238	284
239	284
240	268
241	281
242	250
243	309
244	297
245	290
246	268
247	305
248	304
249	306
250	278
251	292
252	308
253	296
254	287
255	302
256	298
257	280
258	279
259	266
260	283
261	307
262	305
263	321
264	295
265	298
266	317
267	295
268	313
269	318
270	338
271	324
272	291
273	351
274	320
275	325
276	321
277	305
278	319
279	313
280	344
281	360
282	354
283	364
284	366
285	345
286	354
287	369
288	318
289	362
290	372
291	331
292	370
293	326
294	384
295	373
296	349
297	339
298	333
299	382
300	357
301	354
302	375
303	341
304	364
305	337
306	327
307	336
308	371
309	322
310	320
311	325
312	320
313	356
314	374
315	325
316	387
317	327
318	321
319	330
320	360
321	331
322	324
323	341
324	305
325	338
326	335
327	336
328	376
329	302
330	322
331	352
332	337
333	352
334	338
335	323
336	358
337	365
338	364
339	326
340	344
341	349
342	317
343	365
344	324
345	342
346	347
347	328
348	352
349	351
350	357
351	325
352	330
353	324
354	372
355	330
356	350
357	365
358	353
359	353
360	345
361	357
362	335
363	355
364	363
365	347
366	345
367	386
368	332
369	324
370	353
371	318
372	359
373	329
374	347
375	353
376	354
377	334
378	342
379	355
380	359
381	338
382	318
383	321
384	310
385	332
386	336
387	320
388	322
389	336
390	327
391	308
392	334
393	349
394	323
395	352
396	321
397	335
398	380
399	338
400	339
401	345
402	337
403	330
404	371
405	318
406	340
407	335
408	348
409	368
410	346
411	358
412	347
413	326
414	307
415	315
416	341
417	359
418	322
419	358
420	353
421	344
422	333
423	362
424	329
425	354
426	344
427	370
428	358
429	338
430	376
431	357
432	347
433	345
434	332
435	340
436	381
437	331
438	378
439	354
440	350
441	311
442	347
443	344
444	398
445	375
446	351
447	359
448	320
449	321
450	329
451	386
452	374
453	336
454	323
455	337
456	359
457	331
458	372
459	321
460	364
461	345
462	388
463	365
464	322
465	348
466	362
467	346
468	350
469	325
470	346
471	351
472	329
473	373
474	333
475	364
476	369
477	371
478	376
479	346
480	364
481	343
482	365
483	356
484	357
485	329
486	335
487	374
488	367
489	336
490	378
491	365
492	359
493	361
494	346
495	391
496	381
497	351
498	347
499	375
500	382
501	329
502	336
503	345
504	373
505	362
506	363
507	361
508	347
509	351
510	379
511	340
512	354
513	382
514	336
515	373
516	343
517	352
518	373
519	348
520	359
521	361
522	349
523	364
524	393
525	320
526	370
527	364
528	327
529	340
530	355
531	349
532	322
533	393
534	355
535	381
536	333
537	365
538	372
539	324
540	372
541	353
542	366
543	334
544	346
545	358
546	331
547	337
548	328
549	327
550	404
551	358
552	374
553	373
554	377
555	369
556	334
557	332
558	339
559	368
560	367
561	325
562	366
563	393
564	365
565	393
566	341
567	371
568	365
569	334
570	357
571	317
572	388
573	357
574	342
575	372
576	360
577	317
578	386
579	369
580	365
581	338
582	369
583	367
584	327
585	351
586	344
587	357
588	319
589	350
590	356
591	327
592	322
593	333
594	340
595	358
596	365
597	367
598	377
599	372
600	346
601	367
602	338
603	356
604	353
605	350
606	336
607	355
608	337
609	350
610	324
611	349
612	381
613	346
614	342
615	320
616	404
617	360
618	343
619	343
620	359
621	335
622	366
623	344
624	334
625	355
626	366
627	338
628	345
629	339
630	355
631	362
632	349
633	339
634	321
635	342
636	345
637	354
638	366
639	342
640	350
641	356
642	311
643	344
644	351
645	334
646	348
647	388
648	326
649	347
650	351
651	370
652	337
653	341
654	337
655	323
656	320
657	388
658	308
659	382
660	345
661	322
662	323
663	352
664	335
665	349
666	344
667	354
668	312
669	367
670	332
671	325
672	344
673	328
674	342
675	342
676	332
677	346
678	309
679	330
680	359
681	322
682	366
683	367
684	358
685	370
686	343
687	341
688	311
689	334
690	315
691	345
692	357
693	369
694	349
695	334
696	308
697	327
698	353
699	341
700	328
701	343
702	315
703	339
704	357
705	356
706	341
707	341
708	348
709	313
710	338
711	307
712	309
713	330
714	330
715	315
716	378
717	333
718	370
719	348
720	309
721	361
722	340
723	368
724	357
725	340
726	315
727	328
728	372
729	327
730	333
731	331
732	315
733	301
734	329
735	330
736	340
737	313
738	318
739	361
740	364
741	377
742	327
743	347
744	352
745	318
746	359
747	342
748	348
749	345
750	331
751	327
752	321
753	357
754	323
755	308
756	354
757	319
758	298
759	314
760	324
761	297
762	375
763	362
764	315
765	352
766	359
767	352
768	329
769	356
770	343
771	306
772	349
773	348
774	344
775	385
776	354
777	365
778	377
779	368
780	341
781	367
782	352
783	388
784	361
785	344
786	354
787	372
788	392
789	373
790	388
791	366
792	376
793	383
794	368
795	373
796	370
797	370
798	348
799	400
800	359
801	364
802	388
803	397
804	358
805	368
806	362
807	358
808	381
809	376
810	397
811	340
812	374
813	417
814	409
815	427
816	398
817	401
818	415
819	422
820	431
821	375
822	396
823	391
824	400
825	437
826	440
827	403
828	385
829	401
830	382
831	427
832	405
833	438
834	404
835	422
836	394
837	398
838	408
839	424
840	410
841	391
842	379
843	407
844	400
845	429
846	417
847	397
848	400
849	414
850	393
851	415
852	411
853	409
854	443
855	425
856	430
857	447
858	380
859	424
860	406
861	403
862	412
863	409
864	395
865	422
866	429
867	405
868	406
869	407
870	389
871	404
872	436
873	391
874	417
875	407
876	401
877	391
878	451
879	391
880	434
881	407
882	401
883	406
884	431
885	412
886	440
887	412
888	440
889	400
890	393
891	383
892	403
893	388
894	392
895	373
896	378
897	406
898	381
899	377
900	406
901	385
902	381
903	401
904	382
905	360
906	391
907	389
908	445
909	418
910	384
911	413
912	396
913	376
914	362
915	396
916	390
917	372
918	395
919	393
920	394
921	376
922	340
923	400
924	403
925	360
926	394
927	381
928	335
929	399
930	430
931	391
932	360
933	402
934	352
935	373
936	402
937	405
938	389
939	384
940	392
941	366
942	368
943	388
944	377
945	347
946	376
947	359
948	349
949	359
950	380
951	382
952	380
953	357
954	395
955	377
956	356
957	376
958	354
959	352
960	364
961	382
962	387
963	383
964	378
965	377
966	385
967	351
968	381
969	346
970	358
971	358
972	331
973	428
974	387
975	314
976	385
977	345
978	364
979	340
980	352
981	366
982	315
983	329
984	377
985	371
986	388
987	343
988	342
989	357
990	338
991	330
992	334
993	326
994	314
995	351
996	373
997	311
998	315
999	323
1000	347
1001	317
1002	310
1003	386
1004	308
1005	326
1006	328
1007	296
1008	344
1009	313
1010	311
1011	336
1012	297
1013	304
1014	331
1015	308
1016	327
1017	312
1018	333
1019	336
1020	347
1021	328
1022	322
1023	320
1024	335
1025	326
1026	368
1027	300
1028	311
1029	308
1030	334
1031	313
1032	322
1033	305
1034	306
1035	308
1036	313
1037	321
1038	307
1039	306
1040	294
1041	306
1042	292
1043	317
1044	296
1045	349
1046	292
1047	334
1048	309
1049	291
1050	304
1051	300
1052	308
1053	290
1054	274
1055	307
1056	316
1057	312
1058	290
1059	282
1060	288
1061	249
1062	292
1063	302
1064	287
1065	266
1066	279
1067	296
1068	295
1069	275
1070	302
1071	290
1072	292
1073	298
1074	286
1075	278
1076	295
1077	293
1078	278
1079	289
1080	257
1081	273
1082	322
1083	269
1084	255
1085	269
1086	273
1087	273
1088	278
1089	282
1090	287
1091	294
1092	274
1093	281
1094	286
1095	301
1096	242
1097	263
1098	253
1099	275
1100	289
1101	259
1102	247
1103	257
1104	258
1105	284
1106	243
1107	242
1108	258
1109	262
1110	253
1111	243
1112	246
1113	251
1114	266
1115	247
1116	284
1117	248
1118	242
1119	254
1120	269
1121	265
1122	257
1123	233
1124	253
1125	260
1126	270
1127	229
1128	249
1129	279
1130	215
1131	250
1132	231
1133	247
1134	260
1135	259
1136	236
1137	243
1138	231
1139	250
1140	239
1141	216
1142	214
1143	264
1144	247
1145	249
1146	242
1147	235
1148	253
1149	247
1150	262
1151	252
1152	240
1153	249
1154	240
1155	217
1156	236
1157	244
1158	257
1159	243
1160	243
1161	243
1162	233
1163	235
1164	231
1165	243
1166	227
1167	217
1168	229
1169	211
1170	220
1171	234
1172	225
1173	217
1174	241
1175	234
1176	223
1177	235
1178	225
1179	219
1180	235
1181	232
1182	239
1183	254
1184	246
1185	228
1186	247
1187	267
1188	217
1189	223
1190	234
1191	208
1192	250
1193	250
1194	225
1195	212
1196	223
1197	203
1198	212
1199	215
1200	259
1201	231
1202	201
1203	222
1204	210
1205	222
1206	225
1207	224
1208	223
1209	256
1210	225
1211	225
1212	242
1213	219
1214	245
1215	253
1216	232
1217	230
1218	238
1219	228
1220	241
1221	239
1222	219
1223	253
1224	248
1225	219
1226	206
1227	268
1228	235
1229	213
1230	208
1231	250
1232	236
1233	235
1234	231
1235	226
1236	210
1237	233
1238	242
1239	217
1240	224
1241	234
1242	227
1243	219
1244	212
1245	210
1246	224
1247	242
1248	208
1249	237
1250	240
1251	254
1252	222
1253	253
1254	226
1255	222
1256	236
1257	238
1258	232
1259	231
1260	228
1261	223
1262	224
1263	229
1264	246
1265	233
1266	220
1267	261
1268	268
1269	215
1270	231
1271	237
1272	245
1273	241
1274	239
1275	232
1276	248
1277	239
1278	234
1279	236
1280	219
1281	225
1282	223
1283	215
1284	212
1285	232
1286	233
1287	237
1288	236
1289	257
1290	257
1291	215
1292	218
1293	237
1294	201
1295	227
1296	254
1297	217
1298	238
1299	213
1300	230
1301	231
1302	235
1303	238
1304	228
1305	224
1306	221
1307	240
1308	210
1309	233
1310	229
1311	242
1312	252
1313	221
1314	234
1315	213
1316	215
1317	238
1318	225
1319	223
1320	261
1321	212
1322	228
1323	229
1324	252
1325	250
1326	196
1327	237
1328	219
1329	202
1330	243
1331	226
1332	222
1333	198
1334	261
1335	231
1336	230
1337	238
1338	231
1339	258
1340	257
1341	213
1342	239
1343	213
1344	240
1345	211
1346	218
1347	204
1348	211
1349	240
1350	212
1351	213
1352	228
1353	237
1354	205
1355	202
1356	210
1357	204
1358	223
1359	232
1360	228
1361	211
1362	202
1363	229
1364	222
1365	219
1366	213
1367	216
1368	216
1369	208
1370	218
1371	189
1372	229
1373	216
1374	211
1375	218
1376	233
1377	197
1378	193
1379	207
1380	195
1381	218
1382	203
1383	209
1384	229
1385	206
1386	211
1387	194
1388	184
1389	201
1390	203
1391	181
1392	222
1393	210
1394	177
1395	234
1396	221
1397	195
1398	185
1399	186
1400	190
1401	176
1402	206
1403	198
1404	219
1405	207
1406	199
1407	214
1408	198
1409	186
1410	177
1411	194
1412	186
1413	221
1414	195
1415	182
1416	205
1417	183
1418	187
1419	155
1420	193
1421	189
1422	177
1423	184
1424	178
1425	206
1426	190
1427	177
1428	202
1429	198
1430	201
1431	178
1432	182
1433	203
1434	203
1435	185
1436	224
1437	192
1438	177
1439	189
1440	179
1441	214
1442	198
1443	184
1444	173
1445	202
1446	197
1447	191
1448	208
1449	186
1450	183
1451	188
1452	184
1453	179
1454	185
1455	167
1456	178
1457	186
1458	158
1459	185
1460	159
1461	170
1462	184
1463	172
1464	182
1465	191
1466	199
1467	196
1468	198
1469	200
1470	180
1471	192
1472	161
1473	161
1474	212
1475	181
1476	201
1477	179
1478	185
1479	179
1480	151
1481	184
1482	187
1483	219
1484	199
1485	194
1486	185
1487	178
1488	196
1489	173
1490	164
1491	190
1492	175
1493	190
1494	162
1495	190
1496	151
1497	169
1498	156
1499	204
1500	194
1501	219
1502	177
1503	174
1504	197
1505	166
1506	200
1507	162
1508	196
1509	153
1510	187
1511	169
1512	183
1513	182
1514	168
1515	210
1516	190
1517	185
1518	195
1519	203
1520	195
1521	183
1522	184
1523	154
1524	178
1525	158
1526	166
1527	185
1528	167
1529	154
1530	184
1531	153
1532	187
1533	180
1534	153
1535	178
1536	195
1537	171
1538	160
1539	174
1540	179
1541	164
1542	184
1543	170
1544	181
1545	182
1546	173
1547	200
1548	155
1549	167
1550	176
1551	169
1552	167
1553	178
1554	148
1555	180
1556	178
1557	151
1558	203
1559	167
1560	182
1561	181
1562	187
1563	178
1564	168
1565	191
1566	184
1567	155
1568	180
1569	203
1570	181
1571	180
1572	173
1573	165
1574	194
1575	180
1576	166
1577	178
1578	173
1579	171
1580	183
1581	165
1582	187
1583	175
1584	179
1585	178
1586	173
1587	186
1588	172
1589	149
1590	195
1591	191
1592	188
1593	187
1594	177
1595	186
1596	171
1597	169
1598	162
1599	182
1600	168
1601	171
1602	166
1603	172
1604	189
1605	163
1606	186
1607	166
1608	172
1609	153
1610	189
1611	175
1612	190
1613	155
1614	183
1615	158
1616	160
1617	167
1618	175
1619	187
1620	183
1621	174
1622	178
1623	158
1624	180
1625	166
1626	185
1627	172
1628	169
1629	191
1630	185
1631	143
1632	148
1633	178
1634	192
1635	169
1636	158
1637	141
1638	192
1639	173
1640	170
1641	195
1642	158
1643	181
1644	145
1645	171
1646	188
1647	169
1648	162
1649	153
1650	170
1651	175
1652	180
1653	165
1654	163
1655	175
1656	182
1657	189
1658	155
1659	164
1660	176
1661	170
1662	165
1663	158
1664	175
1665	158
1666	167
1667	172
1668	165
1669	175
1670	165
1671	172
1672	159
1673	185
1674	151
1675	156
1676	161
1677	178
1678	192
1679	164
1680	175
1681	176
1682	189
1683	171
1684	187
1685	180
1686	152
1687	196
1688	166
1689	176
1690	155
1691	193
1692	164
1693	171
1694	188
1695	156
1696	174
1697	151
1698	185
1699	174
1700	181
1701	186
1702	157
1703	175
1704	165
1705	152
1706	175
1707	171
1708	167
1709	159
1710	183
1711	179
1712	163
1713	168
1714	178
1715	166
1716	188
1717	174
1718	141
1719	162
1720	173
1721	173
1722	162
1723	155
1724	163
1725	178
1726	161
1727	152
1728	150
1729	175
1730	183
1731	167
1732	155
1733	158
1734	174
1735	163
1736	158
1737	196
1738	172
1739	170
1740	153
1741	152
1742	164
1743	161
1744	178
1745	166
1746	173
1747	161
1748	173
1749	146
1750	150
1751	156
1752	176
1753	163
1754	142
1755	155
1756	164
1757	166
1758	166
1759	161
1760	148
1761	169
1762	163
1763	170
1764	140
1765	182
1766	166
1767	150
1768	162
1769	158
1770	184
1771	162
1772	185
1773	154
1774	155
1775	146
1776	156
1777	139
1778	161
1779	155
1780	163
1781	125
1782	165
1783	169
1784	188
1785	139
1786	147
1787	158
1788	166
1789	147
1790	164
1791	159
1792	142
1793	179
1794	158
1795	156
1796	166
1797	170
1798	155
1799	161
1800	176
1801	154
1802	141
1803	142
1804	116
1805	154
1806	157
1807	168
1808	145
1809	156
1810	150
1811	158
1812	149
1813	164
1814	162
1815	147
1816	161
1817	149
1818	148
1819	163
1820	141
1821	150
1822	143
1823	144
1824	163
1825	150
1826	148
1827	149
1828	145
1829	148
1830	169
1831	148
1832	174
1833	142
1834	170
1835	148
1836	137
1837	147
1838	153
1839	152
1840	144
1841	158
1842	134
1843	154
1844	149
1845	147
1846	130
1847	149
1848	139
1849	150
1850	156
1851	149
1852	152
1853	133
1854	151
1855	165
1856	155
1857	146
1858	152
1859	148
1860	144
1861	133
1862	167
1863	162
1864	154
1865	149
1866	146
1867	147
1868	188
1869	134
1870	155
1871	146
1872	146
1873	162
1874	161
1875	152
1876	152
1877	156
1878	151
1879	151
1880	171
1881	132
1882	121
1883	165
1884	164
1885	180
1886	149
1887	152
1888	154
1889	122
1890	149
1891	149
1892	145
1893	159
1894	160
1895	149
1896	163
1897	148
1898	135
1899	155
1900	155
1901	147
1902	146
1903	142
1904	148
1905	132
1906	156
1907	137
1908	160
1909	152
1910	142
1911	150
1912	162
1913	142
1914	167
1915	149
1916	149
1917	150
1918	141
1919	145
1920	161
1921	160
1922	136
1923	147
1924	145
1925	157
1926	159
1927	139
1928	150
1929	133
1930	144
1931	162
1932	157
1933	136
1934	143
1935	150
1936	120
1937	157
1938	134
1939	153
1940	152
1941	137
1942	143
1943	166
1944	168
1945	147
1946	143
1947	142
1948	143
1949	147
1950	162
1951	123
1952	147
1953	139
1954	147
1955	140
1956	145
1957	158
1958	138
1959	147
1960	152
1961	156
1962	152
1963	144
1964	139
1965	147
1966	147
1967	165
1968	143
1969	149
1970	183
1971	142
1972	168
1973	149
1974	146
1975	138
1976	164
1977	146
1978	134
1979	147
1980	146
1981	149
1982	137
1983	128
1984	168
1985	137
1986	118
1987	143
1988	142
1989	162
1990	174
1991	136
1992	159
1993	135
1994	134
1995	146
1996	141
1997	125
1998	132
1999	167
2000	148
2001	147
2002	145
2003	143
2004	140
2005	155
2006	139
2007	139
2008	131
2009	154
2010	134
2011	134
2012	120
2013	134
2014	145
2015	160
2016	146
2017	137
2018	141
2019	125
2020	125
2021	150
2022	164
2023	140
2024	147
2025	148
2026	128
2027	153
2028	137
2029	154
2030	136
2031	166
2032	147
2033	148
2034	134
2035	139
2036	146
2037	141
2038	134
2039	127
2040	139
2041	126
2042	170
2043	159
2044	141
2045	136
2046	145
2047	147
2048	134
2049	165
2050	127
2051	135
2052	150
2053	135
2054	126
2055	139
2056	135
2057	142
2058	155
2059	143
2060	139
2061	188
2062	123
2063	155
2064	139
2065	146
2066	142
2067	132
2068	160
2069	144
2070	146
2071	129
2072	136
2073	149
2074	150
2075	136
2076	151
2077	148
2078	147
2079	155
2080	139
2081	154
2082	148
2083	134
2084	158
2085	149
2086	131
2087	161
2088	146
2089	153
2090	167
2091	133
2092	141
2093	162
2094	136
2095	145
2096	134
2097	151
2098	133
2099	135
2100	141
2101	145
2102	153
2103	139
2104	138
2105	144
2106	131
2107	136
2108	132
2109	156
2110	147
2111	139
2112	145
2113	147
2114	142
2115	127
2116	149
2117	148
2118	152
2119	120
2120	125
2121	135
2122	133
2123	134
2124	144
2125	173
2126	143
2127	150
2128	131
2129	161
2130	131
2131	140
2132	139
2133	141
2134	150
2135	127
2136	160
2137	146
2138	139
2139	119
2140	163
2141	137
2142	150
2143	134
2144	126
2145	142
2146	141
2147	151
2148	121
2149	147
2150	144
2151	117
2152	130
2153	125
2154	138
2155	149
2156	152
2157	121
2158	149
2159	148
2160	127
2161	135
2162	130
2163	122
2164	127
2165	139
2166	133
2167	150
2168	133
2169	150
2170	117
2171	141
2172	143
2173	147
2174	149
2175	157
2176	136
2177	142
2178	138
2179	115
2180	131
2181	140
2182	155
2183	149
2184	144
2185	128
2186	132
2187	146
2188	166
2189	140
2190	127
2191	163
2192	133
2193	126
2194	139
2195	152
2196	146
2197	122
2198	161
2199	131
2200	154
2201	155
2202	140
2203	138
2204	124
2205	146
2206	143
2207	132
2208	118
2209	142
2210	161
2211	152
2212	133
2213	128
2214	133
2215	143
2216	143
2217	165
2218	132
2219	142
2220	152
2221	145
2222	123
2223	131
2224	116
2225	137
2226	123
2227	120
2228	127
2229	160
2230	137
2231	143
2232	130
2233	134
2234	146
2235	149
2236	149
2237	121
2238	145
2239	143
2240	122
2241	149
2242	143
2243	125
2244	133
2245	128
2246	128
2247	136
2248	135
2249	156
2250	135
2251	141
2252	142
2253	165
2254	129
2255	136
2256	126
2257	142
2258	134
2259	132
2260	134
2261	123
2262	151
2263	141
2264	138
2265	128
2266	140
2267	144
2268	152
2269	136
2270	150
2271	156
2272	144
2273	136
2274	126
2275	121
2276	136
2277	137
2278	151
2279	149
2280	132
2281	148
2282	133
2283	125
2284	142
2285	135
2286	123
2287	134
2288	138
2289	153
2290	139
2291	153
2292	115
2293	137
2294	130
2295	152
2296	151
2297	156
2298	137
2299	134
2300	148
2301	120
2302	153
2303	146
2304	136
2305	147
2306	147
2307	150
2308	174
2309	148
2310	136
2311	178
2312	147
2313	140
2314	134
2315	121
2316	140
2317	115
2318	152
2319	154
2320	125
2321	140
2322	142
2323	127
2324	148
2325	145
2326	145
2327	147
2328	144
2329	143
2330	150
2331	151
2332	126
2333	133
2334	151
2335	155
2336	134
2337	148
2338	145
2339	117
2340	151
2341	141
2342	140
2343	154
2344	168
2345	143
2346	141
2347	133
2348	160
2349	129
2350	141
2351	149
2352	150
2353	141
2354	125
2355	142
2356	159
2357	136
2358	152
2359	122
2360	149
2361	148
2362	141
2363	157
2364	137
2365	129
2366	124
2367	150
2368	150
2369	133
2370	182
2371	141
2372	142
2373	159
2374	162
2375	135
2376	155
2377	154
2378	143
2379	129
2380	142
2381	141
2382	156
2383	131
2384	141
2385	150
2386	147
2387	151
2388	137
2389	144
2390	172
2391	144
2392	156
2393	115
2394	145
2395	162
2396	130
2397	165
2398	150
2399	136
2400	138
2401	134
2402	146
2403	137
2404	160
2405	138
2406	167
2407	153
2408	157
2409	139
2410	176
2411	160
2412	149
2413	155
2414	147
2415	157
2416	137
2417	144
2418	162
2419	163
2420	174
2421	153
2422	152
2423	164
2424	176
2425	163
2426	150
2427	148
2428	176
2429	173
2430	155
2431	142
2432	160
2433	153
2434	157
2435	156
2436	176
2437	158
2438	159
2439	155
2440	172
2441	155
2442	153
2443	164
2444	171
2445	151
2446	160
2447	176
2448	164
2449	173
2450	178
2451	167
2452	191
2453	171
2454	164
2455	152
2456	147
2457	176
2458	152
2459	153
2460	154
2461	176
2462	169
2463	160
2464	157
2465	184
2466	159
2467	147
2468	176
2469	147
2470	165
2471	169
2472	160
2473	165
2474	164
2475	165
2476	165
2477	158
2478	177
2479	179
2480	164
2481	179
2482	164
2483	158
2484	161
2485	161
2486	173
2487	182
2488	174
2489	170
2490	161
2491	200
2492	156
2493	180
2494	163
2495	179
2496	168
2497	162
2498	145
2499	198
2500	167
2501	183
2502	196
2503	191
2504	150
2505	167
2506	161
2507	184
2508	174
2509	179
2510	166
2511	177
2512	157
2513	180
2514	160
2515	197
2516	152
2517	175
2518	164
2519	173
2520	179
2521	164
2522	186
2523	156
2524	157
2525	181
2526	159
2527	167
2528	172
2529	186
2530	154
2531	158
2532	191
2533	154
2534	181
2535	166
2536	154
2537	156
2538	181
2539	170
2540	151
2541	169
2542	162
2543	172
2544	158
2545	154
2546	182
2547	162
2548	161
2549	155
2550	169
2551	163
2552	156
2553	144
2554	161
2555	165
2556	167
2557	173
2558	158
2559	178
2560	161
2561	155
2562	173
2563	134
2564	179
2565	177
2566	195
2567	189
2568	145
2569	168
2570	176
2571	164
2572	171
2573	156
2574	174
2575	164
2576	134
2577	156
2578	173
2579	175
2580	146
2581	180
2582	153
2583	170
2584	149
2585	167
2586	152
2587	151
2588	153
2589	152
2590	187
2591	164
2592	152
2593	135
2594	166
2595	140
2596	141
2597	153
2598	161
2599	136
2600	141
2601	130
2602	154
2603	141
2604	156
2605	143
2606	148
2607	147
2608	156
2609	152
2610	141
2611	159
2612	153
2613	182
2614	146
2615	158
2616	120
2617	149
2618	125
2619	148
2620	160
2621	143
2622	140
2623	135
2624	143
2625	135
2626	130
2627	151
2628	121
2629	132
2630	148
2631	131
2632	141
2633	146
2634	126
2635	142
2636	131
2637	131
2638	125
2639	150
2640	146
2641	114
2642	140
2643	127
2644	132
2645	137
2646	123
2647	123
2648	136
2649	150
2650	136
2651	142
2652	147
2653	138
2654	129
2655	131
2656	122
2657	143
2658	115
2659	151
2660	147
2661	131
2662	117
2663	131
2664	143
2665	115
2666	138
2667	131
2668	146
2669	155
2670	124
2671	127
2672	129
2673	137
2674	135
2675	119
2676	134
2677	134
2678	131
2679	116
2680	146
2681	151
2682	132
2683	97
2684	114
2685	122
2686	127
2687	137
2688	141
2689	135
2690	119
2691	121
2692	128
2693	140
2694	146
2695	133
2696	113
2697	136
2698	122
2699	124
2700	129
2701	112
2702	123
2703	131
2704	122
2705	135
2706	110
2707	123
2708	151
2709	138
2710	129
2711	123
2712	124
2713	138
2714	126
2715	133
2716	124
2717	138
2718	134
2719	136
2720	146
2721	135
2722	134
2723	135
2724	126
2725	123
2726	128
2727	129
2728	119
2729	141
2730	119
2731	142
2732	137
2733	131
2734	135
2735	129
2736	135
2737	139
2738	152
2739	131
2740	112
2741	156
2742	120
2743	118
2744	139
2745	129
2746	126
2747	135
2748	118
2749	127
2750	114
2751	112
2752	114
2753	140
2754	109
2755	133
2756	126
2757	111
2758	121
2759	144
2760	114
2761	112
2762	157
2763	132
2764	137
2765	148
2766	120
2767	115
2768	123
2769	116
2770	136
2771	117
2772	105
2773	148
2774	115
2775	113
2776	118
2777	124
2778	108
2779	133
2780	164
2781	121
2782	120
2783	135
2784	147
2785	132
2786	118
2787	108
2788	128
2789	141
2790	109
2791	121
2792	150
2793	122
2794	128
2795	151
2796	126
2797	117
2798	119
2799	122
2800	122
2801	135
2802	134
2803	139
2804	161
2805	139
2806	132
2807	130
2808	163
2809	130
2810	144
2811	147
2812	125
2813	130
2814	138
2815	119
2816	117
2817	118
2818	118
2819	134
2820	132
2821	136
2822	128
2823	124
2824	145
2825	145
2826	151
2827	154
2828	122
2829	134
2830	132
2831	143
2832	134
2833	128
2834	114
2835	161
2836	137
2837	128
2838	139
2839	123
2840	95
2841	140
2842	121
2843	125
2844	131
2845	147
2846	140
2847	134
2848	121
2849	131
2850	124
2851	144
2852	124
2853	118
2854	144
2855	133
2856	124
2857	136
2858	128
2859	160
2860	148
2861	153
2862	147
2863	141
2864	128
2865	147
2866	150
2867	129
2868	127
2869	134
2870	157
2871	127
2872	151
2873	102
2874	149
2875	152
2876	123
2877	139
2878	125
2879	125
2880	117
2881	109
2882	154
2883	114
2884	135
2885	150
2886	155
2887	139
2888	135
2889	152
2890	126
2891	163
2892	120
2893	126
2894	159
2895	152
2896	139
2897	134
2898	137
2899	139
2900	139
2901	143
2902	142
2903	146
2904	146
2905	137
2906	143
2907	158
2908	121
2909	137
2910	140
2911	154
2912	154
2913	162
2914	152
2915	154
2916	118
2917	149
2918	133
2919	163
2920	161
2921	144
2922	187
2923	171
2924	137
2925	141
2926	150
2927	141
2928	137
2929	130
2930	152
2931	158
2932	148
2933	135
2934	133
2935	127
2936	127
2937	163
2938	137
2939	118
2940	138
2941	151
2942	122
2943	147
2944	126
2945	152
2946	154
2947	131
2948	154
2949	135
2950	158
2951	156
2952	142
2953	149
2954	145
2955	152
2956	131
2957	135
2958	128
2959	146
2960	152
2961	127
2962	147
2963	147
2964	123
2965	139
2966	142
2967	135
2968	146
2969	152
2970	160
2971	149
2972	142
2973	147
2974	154
2975	154
2976	153
2977	122
2978	141
2979	153
2980	147
2981	140
2982	167
2983	130
2984	142
2985	139
2986	134
2987	155
2988	151
2989	128
2990	161
2991	142
2992	134
2993	141
2994	124
2995	139
2996	145
2997	129
2998	177
2999	134
3000	144
3001	152
3002	140
3003	150
3004	134
3005	135
3006	129
3007	136
3008	156
3009	135
3010	154
3011	146
3012	154
3013	138
3014	155
3015	150
3016	147
3017	135
3018	158
3019	143
3020	147
3021	147
3022	123
3023	138
3024	145
3025	150
3026	141
3027	123
3028	143
3029	151
3030	152
3031	146
3032	151
3033	142
3034	132
3035	142
3036	147
3037	155
3038	162
3039	139
3040	143
3041	125
3042	143
3043	142
3044	136
3045	145
3046	152
3047	133
3048	141
3049	133
3050	161
3051	154
3052	164
3053	133
3054	156
3055	158
3056	138
3057	144
3058	143
3059	132
3060	141
3061	121
3062	149
3063	123
3064	129
3065	147
3066	138
3067	142
3068	137
3069	146
3070	132
3071	134
3072	140
3073	143
3074	142
3075	158
3076	137
3077	155
3078	141
3079	154
3080	152
3081	139
3082	165
3083	129
3084	148
3085	133
3086	138
3087	155
3088	156
3089	142
3090	130
3091	140
3092	147
3093	125
3094	144
3095	142
3096	131
3097	141
3098	148
3099	165
3100	152
3101	134
3102	140
3103	150
3104	131
3105	152
3106	150
3107	140
3108	141
3109	151
3110	138
3111	142
3112	126
3113	141
3114	155
3115	142
3116	156
3117	143
3118	147
3119	135
3120	144
3121	149
3122	145
3123	162
3124	114
3125	131
3126	135
3127	154
3128	140
3129	154
3130	130
3131	142
3132	126
3133	132
3134	143
3135	133
3136	161
3137	127
3138	116
3139	133
3140	140
3141	129
3142	143
3143	148
3144	134
3145	147
3146	143
3147	135
3148	142
3149	167
3150	146
3151	143
3152	167
3153	136
3154	162
3155	104
3156	146
3157	138
3158	152
3159	137
3160	148
3161	149
3162	137
3163	131
3164	144
3165	149
3166	158
3167	133
3168	128
3169	163
3170	131
3171	146
3172	144
3173	133
3174	152
3175	126
3176	133
3177	156
3178	121
3179	144
3180	160
3181	135
3182	145
3183	128
3184	157
3185	152
3186	157
3187	146
3188	143
3189	143
3190	113
3191	135
3192	147
3193	153
3194	122
3195	152
3196	139
3197	161
3198	147
3199	138
3200	165
3201	140
3202	142
3203	128
3204	124
3205	132
3206	135
3207	135
3208	153
3209	138
3210	135
3211	133
3212	152
3213	129
3214	155
3215	152
3216	136
3217	146
3218	149
3219	143
3220	153
3221	123
3222	126
3223	137
3224	137
3225	149
3226	152
3227	131
3228	163
3229	154
3230	131
3231	143
3232	148
3233	156
3234	145
3235	162
3236	162
3237	148
3238	141
3239	149
3240	155
3241	142
3242	161
3243	172
3244	146
3245	145
3246	160
3247	143
3248	170
3249	140
3250	141
3251	156
3252	159
3253	133
3254	123
3255	169
3256	135
3257	124
3258	156
3259	141
3260	134
3261	145
3262	154
3263	132
3264	167
3265	150
3266	157
3267	162
3268	159
3269	142
3270	157
3271	123
3272	133
3273	160
3274	136
3275	143
3276	147
3277	139
3278	151
3279	124
3280	138
3281	151
3282	144
3283	136
3284	132
3285	154
3286	137
3287	143
3288	146
3289	136
3290	136
3291	146
3292	155
3293	147
3294	124
3295	145
3296	140
3297	153
3298	165
3299	136
3300	168
3301	156
3302	150
3303	157
3304	144
3305	149
3306	141
3307	167
3308	150
3309	184
3310	111
3311	117
3312	141
3313	146
3314	135
3315	166
3316	145
3317	145
3318	124
3319	157
3320	148
3321	125
3322	126
3323	143
3324	140
3325	153
3326	149
3327	159
3328	147
3329	150
3330	127
3331	156
3332	174
3333	159
3334	140
3335	140
3336	149
3337	147
3338	139
3339	152
3340	144
3341	146
3342	156
3343	167
3344	134
3345	134
3346	144
3347	154
3348	141
3349	154
3350	151
3351	142
3352	166
3353	170
3354	152
3355	154
3356	142
3357	148
3358	160
3359	153
3360	138
3361	139
3362	149
3363	138
3364	153
3365	143
3366	153
3367	134
3368	165
3369	141
3370	146
3371	153
3372	156
3373	137
3374	149
3375	140
3376	132
3377	146
3378	148
3379	132
3380	134
3381	148
3382	131
3383	146
3384	149
3385	152
3386	147
3387	169
3388	139
3389	162
3390	136
3391	152
3392	159
3393	152
3394	140
3395	140
3396	132
3397	151
3398	135
3399	157
3400	141
3401	143
3402	134
3403	155
3404	153
3405	155
3406	119
3407	139
3408	126
3409	141
3410	145
3411	132
3412	134
3413	152
3414	136
3415	148
3416	124
3417	137
3418	145
3419	146
3420	142
3421	132
3422	138
3423	144
3424	127
3425	125
3426	134
3427	145
3428	153
3429	119
3430	125
3431	158
3432	145
3433	144
3434	131
3435	155
3436	134
3437	141
3438	136
3439	140
3440	139
3441	137
3442	135
3443	159
3444	156
3445	125
3446	125
3447	122
3448	116
3449	125
3450	140
3451	141
3452	145
3453	159
3454	157
3455	144
3456	139
3457	126
3458	146
3459	152
3460	130
3461	144
3462	148
3463	159
3464	160
3465	144
3466	163
3467	151
3468	129
3469	125
3470	131
3471	156
3472	144
3473	127
3474	126
3475	147
3476	129
3477	119
3478	121
3479	155
3480	144
3481	127
3482	134
3483	115
3484	125
3485	140
3486	139
3487	134
3488	122
3489	130
3490	137
3491	138
3492	132
3493	149
3494	117
3495	131
3496	138
3497	138
3498	141
3499	126
3500	131
3501	141
3502	137
3503	136
3504	139
3505	150
3506	154
3507	155
3508	141
3509	132
3510	135
3511	125
3512	159
3513	117
3514	138
3515	124
3516	121
3517	145
3518	133
3519	152
3520	125
3521	139
3522	127
3523	133
3524	134
3525	126
3526	132
3527	106
3528	126
3529	152
3530	143
3531	125
3532	132
3533	143
3534	134
3535	114
3536	140
3537	121
3538	142
3539	116
3540	132
3541	153
3542	136
3543	138
3544	123
3545	139
3546	130
3547	132
3548	144
3549	138
3550	126
3551	111
3552	135
3553	130
3554	138
3555	119
3556	121
3557	147
3558	129
3559	132
3560	127
3561	120
3562	108
3563	119
3564	124
3565	121
3566	117
3567	124
3568	117
3569	129
3570	123
3571	128
3572	111
3573	132
3574	134
3575	134
3576	128
3577	122
3578	120
3579	109
3580	132
3581	116
3582	145
3583	121
3584	137
3585	115
3586	126
3587	121
3588	149
3589	141
3590	133
3591	117
3592	109
3593	135
3594	125
3595	146
3596	134
3597	117
3598	110
3599	125
3600	114
3601	127
3602	118
3603	106
3604	129
3605	113
3606	116
3607	120
3608	125
3609	100
3610	127
3611	112
3612	125
3613	123
3614	115
3615	132
3616	132
3617	102
3618	125
3619	119
3620	134
3621	128
3622	125
3623	113
3624	109
3625	139
3626	120
3627	116
3628	95
3629	128
3630	128
3631	129
3632	122
3633	114
3634	109
3635	119
3636	140
3637	113
3638	122
3639	115
3640	103
3641	139
3642	106
3643	116
3644	126
3645	128
3646	98
3647	113
3648	127
3649	118
3650	118
3651	102
3652	117
3653	109
3654	126
3655	106
3656	102
3657	113
3658	111
3659	114
3660	104
3661	122
3662	110
3663	112
3664	91
3665	123
3666	116
3667	109
3668	107
3669	118
3670	129
3671	84
3672	118
3673	115
3674	94
3675	121
3676	105
3677	109
3678	100
3679	107
3680	121
3681	116
3682	121
3683	113
3684	99
3685	103
3686	109
3687	109
3688	112
3689	112
3690	109
3691	112
3692	120
3693	114
3694	113
3695	127
3696	106
3697	107
3698	109
3699	103
3700	110
3701	95
3702	97
3703	106
3704	114
3705	117
3706	103
3707	123
3708	126
3709	96
3710	96
3711	104
3712	102
3713	112
3714	112
3715	107
3716	100
3717	106
3718	98
3719	104
3720	85
3721	89
3722	121
3723	91
3724	107
3725	101
3726	102
3727	116
3728	106
3729	110
3730	66
3731	107
3732	94
3733	95
3734	98
3735	105
3736	104
3737	88
3738	106
3739	92
3740	105
3741	99
3742	104
3743	85
3744	120
3745	82
3746	93
3747	102
3748	114
3749	91
3750	100
3751	102
3752	90
3753	105
3754	100
3755	92
3756	97
3757	97
3758	113
3759	96
3760	96
3761	99
3762	94
3763	87
3764	93
3765	101
3766	101
3767	101
3768	105
3769	97
3770	92
3771	94
3772	94
3773	97
3774	93
3775	97
3776	92
3777	85
3778	90
3779	96
3780	98
3781	100
3782	92
3783	91
3784	100
3785	90
3786	96
3787	89
3788	89
3789	100
3790	102
3791	90
3792	98
3793	93
3794	90
3795	103
3796	104
3797	93
3798	77
3799	100
3800	95
3801	82
3802	97
3803	98
3804	90
3805	93
3806	95
3807	98
3808	90
3809	100
3810	88
3811	84
3812	89
3813	81
3814	97
3815	111
3816	83
3817	86
3818	99
3819	96
3820	105
3821	104
3822	99
3823	94
3824	82
3825	105
3826	90
3827	103
3828	96
3829	105
3830	100
3831	100
3832	92
3833	103
3834	91
3835	92
3836	80
3837	97
3838	92
3839	87
3840	79
3841	86
3842	90
3843	94
3844	87
3845	91
3846	91
3847	86
3848	89
3849	91
3850	95
3851	87
3852	92
3853	85
3854	85
3855	92
3856	84
3857	87
3858	109
3859	87
3860	98
3861	85
3862	86
3863	99
3864	79
3865	103
3866	89
3867	89
3868	82
3869	74
3870	103
3871	94
3872	84
3873	77
3874	84
3875	77
3876	86
3877	120
3878	110
3879	106
3880	112
3881	103
3882	95
3883	100
3884	90
3885	97
3886	87
3887	97
3888	101
3889	81
3890	68
3891	96
3892	67
3893	97
3894	108
3895	95
3896	89
3897	79
3898	110
3899	97
3900	99
3901	85
3902	95
3903	87
3904	96
3905	94
3906	81
3907	87
3908	88
3909	101
3910	90
3911	78
3912	86
3913	89
3914	89
3915	82
3916	94
3917	104
3918	78
3919	84
3920	93
3921	103
3922	81
3923	96
3924	91
3925	84
3926	103
3927	111
3928	83
3929	82
3930	88
3931	91
3932	87
3933	102
3934	88
3935	105
3936	94
3937	93
3938	86
3939	102
3940	83
3941	91
3942	109
3943	93
3944	96
3945	81
3946	94
3947	96
3948	90
3949	90
3950	86
3951	95
3952	102
3953	98
3954	77
3955	94
3956	104
3957	109
3958	99
3959	97
3960	91
3961	97
3962	81
3963	97
3964	85
3965	88
3966	103
3967	103
3968	85
3969	89
3970	93
3971	79
3972	100
3973	86
3974	84
3975	94
3976	91
3977	103
3978	95
3979	111
3980	93
3981	92
3982	97
3983	90
3984	84
3985	90
3986	96
3987	93
3988	98
3989	84
3990	88
3991	85
3992	98
3993	72
3994	94
3995	115
3996	75
3997	76
3998	91
3999	92
4000	100
4001	86
4002	86
4003	98
4004	87
4005	93
4006	104
4007	84
4008	108
4009	124
4010	88
4011	91
4012	103
4013	91
4014	99
4015	97
4016	76
4017	98
4018	92
4019	94
4020	92
4021	88
4022	76
4023	75
4024	93
4025	85
4026	76
4027	85
4028	95
4029	98
4030	89
4031	105
4032	88
4033	91
4034	111
4035	80
4036	80
4037	103
4038	88
4039	98
4040	77
4041	98
4042	116
4043	82
4044	85
4045	94
4046	80
4047	94
4048	89
4049	101
4050	115
4051	96
4052	100
4053	94
4054	74
4055	95
4056	100
4057	106
4058	81
4059	105
4060	72
4061	92
4062	79
4063	104
4064	86
4065	100
4066	83
4067	84
4068	89
4069	74
4070	104
4071	96
4072	89
4073	100
4074	83
4075	83
4076	90
4077	112
4078	85
4079	98
4080	90
4081	112
4082	112
4083	106
4084	94
4085	93
4086	89
4087	75
4088	83
4089	88
4090	83
4091	93
4092	102
4093	98
4094	95
4095	97
4096	93
4097	80
4098	89
4099	90
4100	72
4101	92
4102	92
4103	96
4104	95
4105	95
4106	92
4107	91
4108	90
4109	89
4110	83
4111	99
4112	77
4113	86
4114	105
4115	88
4116	101
4117	77
4118	74
4119	88
4120	85
4121	89
4122	91
4123	95
4124	97
4125	89
4126	91
4127	105
4128	94
4129	86
4130	106
4131	90
4132	99
4133	100
4134	83
4135	84
4136	100
4137	95
4138	90
4139	110
4140	85
4141	92
4142	77
4143	109
4144	84
4145	95
4146	69
4147	97
4148	83
4149	93
4150	89
4151	99
4152	90
4153	93
4154	97
4155	103
4156	80
4157	95
4158	93
4159	98
4160	87
4161	96
4162	98
4163	110
4164	92
4165	97
4166	98
4167	111
4168	85
4169	111
4170	114
4171	88
4172	105
4173	104
4174	83
4175	72
4176	97
4177	115
4178	96
4179	101
4180	98
4181	102
4182	103
4183	87
4184	99
4185	101
4186	98
4187	99
4188	94
4189	109
4190	117
4191	101
4192	118
4193	76
4194	98
4195	113
4196	96
4197	109
4198	120
4199	118
4200	92
4201	89
4202	105
4203	122
4204	100
4205	110
4206	106
4207	101
4208	112
4209	86
4210	107
4211	108
4212	97
4213	123
4214	110
4215	104
4216	117
4217	127
4218	108
4219	127
4220	137
4221	125
4222	113
4223	120
4224	121
4225	121
4226	150
4227	125
4228	125
4229	117
4230	137
4231	115
4232	116
4233	115
4234	125
4235	142
4236	135
4237	124
4238	141
4239	137
4240	136
4241	123
4242	141
4243	115
4244	109
4245	165
4246	124
4247	153
4248	117
4249	134
4250	133
4251	140
4252	155
4253	145
4254	130
4255	138
4256	124
4257	114
4258	144
4259	145
4260	144
4261	148
4262	152
4263	122
4264	143
4265	169
4266	147
4267	178
4268	166
4269	167
4270	186
4271	173
4272	173
4273	159
4274	160
4275	168
4276	162
4277	185
4278	172
4279	172
4280	160
4281	180
4282	170
4283	171
4284	188
4285	199
4286	174
4287	180
4288	191
4289	184
4290	191
4291	193
4292	208
4293	190
4294	181
4295	187
4296	201
4297	175
4298	182
4299	199
4300	198
4301	198
4302	180
4303	196
4304	212
4305	207
4306	220
4307	226
4308	191
4309	206
4310	228
4311	209
4312	224
4313	230
4314	204
4315	250
4316	235
4317	221
4318	233
4319	253
4320	194
4321	233
4322	202
4323	227
4324	233
4325	221
4326	265
4327	229
4328	235
4329	242
4330	235
4331	231
4332	209
4333	224
4334	214
4335	224
4336	239
4337	219
4338	244
4339	241
4340	241
4341	231
4342	254
4343	266
4344	253
4345	243
4346	253
4347	241
4348	275
4349	256
4350	262
4351	255
4352	240
4353	248
4354	250
4355	263
4356	269
4357	307
4358	279
4359	282
4360	261
4361	292
4362	307
4363	247
4364	280
4365	261
4366	233
4367	280
4368	265
4369	288
4370	270
4371	271
4372	296
4373	248
4374	257
4375	290
4376	282
4377	313
4378	280
4379	289
4380	284
4381	295
4382	263
4383	284
4384	289
4385	255
4386	290
4387	286
4388	278
4389	269
4390	273
4391	253
4392	277
4393	309
4394	275
4395	289
4396	260
4397	282
4398	277
4399	288
4400	291
4401	279
4402	279
4403	303
4404	303
4405	277
4406	310
4407	270
4408	279
4409	294
4410	305
4411	283
4412	281
4413	287
4414	291
4415	257
4416	288
4417	289
4418	282
4419	245
4420	258
4421	254
4422	269
4423	290
4424	273
4425	279
4426	288
4427	258
4428	241
4429	272
4430	273
4431	263
4432	236
4433	282
4434	277
4435	264
4436	248
4437	274
4438	254
4439	286
4440	271
4441	283
4442	252
4443	271
4444	232
4445	232
4446	241
4447	281
4448	264
4449	240
4450	236
4451	229
4452	261
4453	231
4454	257
4455	244
4456	238
4457	248
4458	249
4459	241
4460	230
4461	227
4462	272
4463	247
4464	234
4465	239
4466	231
4467	251
4468	213
4469	215
4470	199
4471	220
4472	227
4473	229
4474	214
4475	202
4476	217
4477	215
4478	196
4479	195
4480	199
4481	208
4482	221
4483	209
4484	204
4485	200
4486	191
4487	207
4488	183
4489	194
4490	210
4491	204
4492	187
4493	175
4494	177
4495	169
4496	191
4497	175
4498	202
4499	177
4500	179
4501	175
4502	171
4503	184
4504	166
4505	178
4506	158
4507	146
4508	153
4509	146
4510	179
4511	156
4512	135
4513	164
4514	144
4515	121
4516	174
4517	117
4518	180
4519	145
4520	126
4521	140
4522	132
4523	137
4524	143
4525	150
4526	152
4527	127
4528	145
4529	135
4530	123
4531	97
4532	119
4533	145
4534	117
4535	126
4536	120
4537	126
4538	143
4539	119
4540	108
4541	98
4542	119
4543	118
4544	127
4545	111
4546	103
4547	106
4548	89
4549	92
4550	88
4551	97
4552	106
4553	104
4554	106
4555	80
4556	84
4557	82
4558	83
4559	94
4560	104
4561	86
4562	79
4563	92
4564	84
4565	91
4566	113
4567	85
4568	85
4569	59
4570	75
4571	69
4572	79
4573	67
4574	65
4575	72
4576	67
4577	75
4578	60
4579	63
4580	67
4581	65
4582	52
4583	62
4584	53
4585	55
4586	71
4587	57
4588	58
4589	59
4590	70
4591	51
4592	57
4593	49
4594	49
4595	59
4596	49
4597	40
4598	51
4599	54
4600	55
4601	53
4602	54
4603	57
4604	39
4605	50
4606	45
4607	42
4608	42
4609	45
4610	43
4611	35
4612	48
4613	56
4614	43
4615	40
4616	39
4617	35
4618	37
4619	37
4620	41
4621	39
4622	45
4623	43
4624	41
4625	41
4626	36
4627	32
4628	43
4629	37
4630	37
4631	44
4632	24
4633	34
4634	30
4635	38
4636	36
4637	41
4638	31
4639	28
4640	19
4641	23
4642	35
4643	36
4644	35
4645	37
4646	31
4647	25
4648	35
4649	30
4650	18
4651	31
4652	34
4653	26
4654	27
4655	26
4656	32
4657	16
4658	27
4659	32
4660	28
4661	24
4662	28
4663	25
4664	26
4665	24
4666	25
4667	25
4668	26
4669	22
4670	29
4671	38
4672	45
4673	26
4674	26
4675	19
4676	32
4677	28
4678	32
4679	36
4680	15
4681	28
4682	28
4683	28
4684	25
4685	21
4686	27
4687	24
4688	19
4689	30
4690	26
4691	31
4692	18
4693	31
4694	33
4695	36
4696	28
4697	17
4698	20
4699	27
4700	29
4701	35
4702	22
4703	32
4704	15
4705	20
4706	20
4707	30
4708	21
4709	33
4710	30
4711	32
4712	31
4713	25
4714	32
4715	33
4716	38
4717	31
4718	25
4719	28
4720	26
4721	33
4722	38
4723	27
4724	29
4725	30
4726	31
4727	32
4728	25
4729	55
4730	38
4731	28
4732	26
4733	30
4734	36
4735	34
4736	41
4737	26
4738	25
4739	32
4740	28
4741	37
4742	50
4743	33
4744	29
4745	41
4746	35
4747	39
4748	33
4749	33
4750	36
4751	35
4752	39
4753	50
4754	33
4755	48
4756	38
4757	41
4758	51
4759	46
4760	34
4761	48
4762	35
4763	50
4764	43
4765	41
4766	41
4767	45
4768	45
4769	65
4770	47
4771	50
4772	56
4773	40
4774	49
4775	35
4776	41
4777	49
4778	55
4779	48
4780	51
4781	47
4782	38
4783	45
4784	57
4785	51
4786	48
4787	58
4788	58
4789	66
4790	52
4791	77
4792	61
4793	66
4794	65
4795	58
4796	61
4797	60
4798	57
4799	45
4800	73
4801	57
4802	68
4803	58
4804	60
4805	79
4806	82
4807	73
4808	70
4809	70
4810	69
4811	82
4812	85
4813	84
4814	74
4815	83
4816	76
4817	84
4818	90
4819	87
4820	85
4821	89
4822	74
4823	78
4824	76
4825	77
4826	79
4827	77
4828	85
4829	97
4830	78
4831	86
4832	91
4833	96
4834	86
4835	95
4836	113
4837	93
4838	91
4839	89
4840	111
4841	86
4842	107
4843	94
4844	92
4845	129
4846	99
4847	107
4848	97
4849	100
4850	94
4851	112
4852	105
4853	117
4854	124
4855	93
4856	142
4857	118
4858	114
4859	128
4860	120
4861	121
4862	127
4863	116
4864	139
4865	154
4866	139
4867	127
4868	154
4869	129
4870	134
4871	129
4872	121
4873	142
4874	132
4875	119
4876	143
4877	164
4878	145
4879	130
4880	142
4881	124
4882	169
4883	134
4884	150
4885	150
4886	164
4887	167
4888	158
4889	155
4890	175
4891	141
4892	164
4893	111
4894	138
4895	150
4896	183
4897	130
4898	174
4899	152
4900	179
4901	138
4902	178
4903	167
4904	190
4905	154
4906	176
4907	160
4908	170
4909	183
4910	149
4911	182
4912	164
4913	164
4914	190
4915	197
4916	178
4917	197
4918	174
4919	188
4920	206
4921	170
4922	186
4923	195
4924	178
4925	160
4926	179
4927	173
4928	199
4929	181
4930	185
4931	190
4932	185
4933	211
4934	187
4935	198
4936	190
4937	206
4938	192
4939	195
4940	196
4941	203
4942	188
4943	196
4944	206
4945	220
4946	196
4947	212
4948	183
4949	184
4950	212
4951	188
4952	220
4953	190
4954	182
4955	244
4956	195
4957	182
4958	240
4959	196
4960	218
4961	203
4962	210
4963	222
4964	201
4965	227
4966	202
4967	204
4968	229
4969	227
4970	213
4971	210
4972	219
4973	201
4974	210
4975	211
4976	241
4977	206
4978	212
4979	231
4980	228
4981	226
4982	228
4983	215
4984	219
4985	210
4986	217
4987	229
4988	206
4989	216
4990	212
4991	234
4992	208
4993	226
4994	224
4995	233
4996	223
4997	189
4998	202
4999	222
5000	232
5001	212
5002	211
5003	209
5004	206
5005	213
5006	218
5007	251
5008	224
5009	228
5010	193
5011	215
5012	195
5013	241
5014	205
5015	231
5016	223
5017	200
5018	209
5019	208
5020	196
5021	216
5022	208
5023	183
5024	204
5025	193
5026	218
5027	222
5028	235
5029	184
5030	193
5031	195
5032	198
5033	197
5034	196
5035	204
5036	199
5037	186
5038	184
5039	187
5040	202
5041	197
5042	199
5043	188
5044	164
5045	175
5046	178
5047	168
5048	182
5049	180
5050	202
5051	176
5052	180
5053	195
5054	177
5055	172
5056	182
5057	165
5058	182
5059	183
5060	151
5061	170
5062	182
5063	145
5064	158
5065	176
5066	169
5067	175
5068	165
5069	168
5070	169
5071	157
5072	158
5073	179
5074	142
5075	148
5076	130
5077	142
5078	163
5079	136
5080	173
5081	142
5082	165
5083	155
5084	150
5085	140
5086	149
5087	123
5088	157
5089	125
5090	144
5091	137
5092	118
5093	136
5094	143
5095	155
5096	125
5097	128
5098	123
5099	116
5100	114
5101	107
5102	113
5103	159
5104	121
5105	145
5106	117
5107	140
5108	122
5109	122
5110	110
5111	107
5112	124
5113	121
5114	119
5115	111
5116	113
5117	125
5118	84
5119	100
5120	105
5121	97
5122	114
5123	106
5124	94
5125	88
5126	84
5127	100
5128	96
5129	82
5130	95
5131	103
5132	101
5133	107
5134	94
5135	91
5136	81
5137	86
5138	87
5139	93
5140	86
5141	93
5142	94
5143	103
5144	76
5145	73
5146	94
5147	79
5148	96
5149	83
5150	86
5151	73
5152	73
5153	65
5154	88
5155	64
5156	72
5157	79
5158	69
5159	84
5160	71
5161	64
5162	62
5163	71
5164	76
5165	69
5166	75
5167	63
5168	54
5169	65
5170	69
5171	69
5172	60
5173	60
5174	46
5175	38
5176	58
5177	50
5178	57
5179	58
5180	54
5181	51
5182	43
5183	48
5184	52
5185	65
5186	33
5187	46
5188	51
5189	61
5190	50
5191	47
5192	44
5193	31
5194	47
5195	48
5196	45
5197	62
5198	45
5199	44
5200	43
5201	33
5202	44
5203	47
5204	48
5205	42
5206	40
5207	41
5208	31
5209	40
5210	36
5211	42
5212	40
5213	45
5214	25
5215	39
5216	39
5217	31
5218	40
5219	29
5220	34
5221	41
5222	39
5223	35
5224	31
5225	31
5226	33
5227	34
5228	34
5229	40
5230	27
5231	30
5232	30
5233	35
5234	40
5235	31
5236	35
5237	23
5238	26
5239	34
5240	33
5241	21
5242	32
5243	26
5244	18
5245	39
5246	23
5247	29
5248	32
5249	27
5250	30
5251	27
5252	22
5253	20
5254	22
5255	26
5256	17
5257	28
5258	26
5259	23
5260	29
5261	17
5262	16
5263	16
5264	20
5265	19
5266	20
5267	18
5268	29
5269	24
5270	24
5271	22
5272	31
5273	20
5274	20
5275	23
5276	19
5277	27
5278	17
5279	26
5280	17
5281	26
5282	20
5283	19
5284	25
5285	20
5286	18
5287	22
5288	19
5289	14
5290	12
5291	23
5292	23
5293	26
5294	18
5295	21
5296	14
5297	23
5298	19
5299	18
5300	14
5301	22
5302	17
5303	18
5304	15
5305	28
5306	26
5307	14
5308	18
5309	28
5310	16
5311	14
5312	22
5313	19
5314	19
5315	12
5316	17
5317	15
5318	19
5319	14
5320	16
5321	16
5322	15
5323	22
5324	22
5325	22
5326	18
5327	20
5328	11
5329	18
5330	14
5331	14
5332	17
5333	18
5334	25
5335	14
5336	17
5337	14
5338	19
5339	18
5340	15
5341	7
5342	14
5343	18
5344	18
5345	18
5346	10
5347	16
5348	19
5349	10
5350	14
5351	11
5352	14
5353	9
5354	15
5355	13
5356	18
5357	13
5358	16
5359	17
5360	15
5361	8
5362	16
5363	16
5364	10
5365	9
5366	9
5367	12
5368	12
5369	13
5370	18
5371	14
5372	13
5373	12
5374	16
5375	5
5376	13
5377	14
5378	5
5379	19
5380	9
5381	12
5382	10
5383	14
5384	14
5385	5
5386	11
5387	7
5388	8
5389	9
5390	12
5391	8
5392	8
5393	14
5394	11
5395	9
5396	5
5397	19
5398	11
5399	9
5400	6
5401	8
5402	10
5403	11
5404	8
5405	9
5406	11
5407	5
5408	11
5409	16
5410	8
5411	14
5412	9
5413	16
5414	6
5415	8
5416	3
5417	12
5418	12
5419	7
5420	18
5421	10
5422	9
5423	15
5424	12
5425	3
5426	5
5427	16
5428	10
5429	6
5430	11
5431	13
5432	9
5433	6
5434	8
5435	6
5436	13
5437	10
5438	7
5439	8
5440	9
5441	6
5442	9
5443	8
5444	4
5445	14
5446	9
5447	6
5448	12
5449	9
5450	14
5451	7
5452	8
5453	8
5454	6
5455	8
5456	11
5457	5
5458	17
5459	8
5460	7
5461	11
5462	10
5463	7
5464	7
5465	7
5466	4
5467	7
5468	5
5469	7
5470	12
5471	10
5472	3
5473	7
5474	13
5475	7
5476	1
5477	2
5478	8
5479	5
5480	11
5481	6
5482	6
5483	5
5484	6
5485	5
5486	6
5487	7
5488	4
5489	4
5490	3
5491	6
5492	5
5493	3
5494	6
5495	8
5496	4
5497	3
5498	5
5499	0
5500	4
5501	7
5502	5
5503	2
5504	4
5505	6
5506	8
5507	6
5508	5
5509	7
5510	7
5511	4
5512	4
5513	6
5514	4
5515	7
5516	4
5517	4
5518	6
5519	5
5520	1
5521	2
5522	3
5523	4
5524	13
5525	4
5526	5
5527	9
5528	4
5529	3
5530	3
5531	6
5532	2
5533	4
5534	3
5535	6
5536	4
5537	5
5538	2
5539	6
5540	1
5541	6
5542	5
5543	4
5544	3
5545	2
5546	1
5547	1
5548	5
5549	3
5550	5
5551	3
5552	3
5553	1
5554	2
5555	3
5556	1
5557	4
5558	0
5559	3
5560	5
5561	2
5562	5
5563	5
5564	4
5565	2
5566	2
5567	3
5568	8
5569	4
5570	3
5571	2
5572	2
5573	3
5574	5
5575	4
5576	8
5577	1
5578	3
5579	8
5580	6
5581	2
5582	3
5583	3
5584	3
5585	3
5586	2
5587	3
5588	3
5589	2
5590	1
5591	7
5592	3
5593	5
5594	1
5595	7
5596	6
5597	3
5598	3
5599	3
5600	4
5601	0
5602	1
5603	3
5604	6
5605	2
5606	0
5607	6
5608	1
5609	5
5610	1
5611	1
5612	5
5613	2
5614	5
5615	3
5616	3
5617	5
5618	3
5619	4
5620	3
5621	5
5622	3
5623	2
5624	3
5625	2
5626	3
5627	4
5628	3
5629	3
5630	3
5631	3
5632	4
5633	7
5634	3
5635	0
5636	3
5637	3
5638	4
5639	3
5640	3
5641	3
5642	3
5643	6
5644	5
5645	6
5646	2
5647	4
5648	2
5649	1
5650	3
5651	2
5652	5
5653	4
5654	2
5655	2
5656	2
5657	1
5658	3
5659	3
5660	5
5661	2
5662	1
5663	3
5664	1
5665	6
5666	4
5667	6
5668	0
5669	4
5670	4
5671	1
5672	3
5673	3
5674	4
5675	5
5676	3
5677	6
5678	1
5679	3
5680	7
5681	0
5682	5
5683	6
5684	2
5685	1
5686	2
5687	4
5688	7
5689	3
5690	1
5691	0
5692	1
5693	4
5694	1
5695	1
5696	4
5697	2
5698	2
5699	2
5700	1
5701	1
5702	3
5703	1
5704	0
5705	6
5706	3
5707	2
5708	1
5709	3
5710	6
5711	1
5712	3
5713	3
5714	3
5715	4
5716	2
5717	3
5718	2
5719	1
5720	5
5721	4
5722	3
5723	1
5724	1
5725	3
5726	2
5727	4
5728	1
5729	4
5730	4
5731	2
5732	5
5733	4
5734	3
5735	3
5736	3
5737	5
5738	2
5739	4
5740	0
5741	0
5742	2
5743	2
5744	7
5745	4
5746	2
5747	3
5748	2
5749	6
5750	4
5751	1
5752	6
5753	6
5754	1
5755	3
5756	7
5757	6
5758	2
5759	2
5760	1
5761	4
5762	2
5763	1
5764	1
5765	6
5766	2
5767	0
5768	2
5769	2
5770	3
5771	1
5772	1
5773	2
5774	3
5775	5
5776	1
5777	1
5778	7
5779	6
5780	3
5781	1
5782	1
5783	3
5784	2
5785	3
5786	4
5787	4
5788	2
5789	4
5790	1
5791	2
5792	1
5793	0
5794	0
5795	0
5796	3
5797	0
5798	3
5799	2
5800	5
5801	3
5802	4
5803	1
5804	4
5805	1
5806	3
5807	2
5808	4
5809	3
5810	1
5811	5
5812	4
5813	3
5814	3
5815	3
5816	2
5817	4
5818	1
5819	3
5820	2
5821	1
5822	5
5823	4
5824	4
5825	1
5826	4
5827	3
5828	3
5829	3
5830	2
5831	4
5832	3
5833	3
5834	5
5835	3
5836	3
5837	2
5838	2
5839	1
5840	3
5841	2
5842	5
5843	2
5844	1
5845	3
5846	2
5847	2
5848	4
5849	0
5850	3
5851	1
5852	5
5853	4
5854	5
5855	4
5856	3
5857	3
5858	1
5859	1
5860	1
5861	3
5862	3
5863	6
5864	8
5865	5
5866	1
5867	2
5868	1
5869	2
5870	4
5871	4
5872	0
5873	2
5874	0
5875	2
5876	3
5877	5
5878	1
5879	3
5880	4
5881	4
5882	1
5883	3
5884	3
5885	2
5886	5
5887	1
5888	4
5889	3
5890	2
5891	4
5892	0
5893	1
5894	1
5895	3
5896	4
5897	1
5898	3
5899	2
5900	2
5901	4
5902	2
5903	2
5904	0
5905	6
5906	3
5907	1
5908	4
5909	4
5910	5
5911	2
5912	1
5913	5
5914	0
5915	2
5916	1
5917	3
5918	6
5919	2
5920	3
5921	5
5922	6
5923	2
5924	3
5925	0
5926	5
5927	4
5928	3
5929	3
5930	1
5931	2
5932	6
5933	3
5934	0
5935	2
5936	5
5937	3
5938	2
5939	0
5940	2
5941	2
5942	2
5943	2
5944	1
5945	2
5946	1
5947	1
5948	1
5949	4
5950	0
5951	4
5952	2
5953	5
5954	2
5955	1
5956	2
5957	0
5958	3
5959	0
5960	2
5961	0
5962	1
5963	4
5964	4
5965	5
5966	3
5967	4
5968	2
5969	6
5970	3
5971	3
5972	2
5973	2
5974	3
5975	1
5976	3
5977	0
5978	3
5979	1
5980	1
5981	2
5982	2
5983	3
5984	2
5985	3
5986	6
5987	3
5988	2
5989	1
5990	2
5991	2
5992	3
5993	3
5994	5
5995	2
5996	4
5997	3
5998	2
5999	3
6000	1
6001	3
6002	1
6003	3
6004	2
6005	5
6006	5
6007	0
6008	2
6009	0
6010	4
6011	4
6012	0
6013	1
6014	2
6015	3
6016	5
6017	2
6018	3
6019	1
6020	2
6021	1
6022	2
6023	2
6024	0
6025	0
6026	1
6027	3
6028	7
6029	0
6030	1
6031	0
6032	5
6033	1
6034	1
6035	2
6036	1
6037	2
6038	3
6039	1
6040	1
6041	1
6042	1
6043	2
6044	1
6045	3
6046	2
6047	2
6048	0
6049	3
6050	2
6051	0
6052	3
6053	0
6054	0
6055	3
6056	5
6057	3
6058	4
6059	2
6060	2
6061	4
6062	2
6063	1
6064	2
6065	2
6066	2
6067	4
6068	4
6069	2
6070	3
6071	2
6072	1
6073	2
6074	3
6075	1
6076	1
6077	1
6078	3
6079	6
6080	3
6081	5
6082	0
6083	2
6084	2
6085	2
6086	4
6087	4
6088	1
6089	2
6090	0
6091	3
6092	0
6093	4
6094	3
6095	1
6096	3
6097	1
6098	2
6099	3
6100	1
6101	1
6102	1
6103	0
6104	1
6105	0
6106	7
6107	1
6108	2
6109	7
6110	3
6111	5
6112	4
6113	2
6114	2
6115	0
6116	2
6117	3
6118	3
6119	3
6120	3
6121	2
6122	2
6123	3
6124	0
6125	0
6126	1
6127	4
6128	1
6129	1
6130	5
6131	4
6132	2
6133	3
6134	0
6135	3
6136	1
6137	0
6138	2
6139	3
6140	1
6141	3
6142	2
6143	6
6144	0
6145	0
6146	1
6147	2
6148	3
6149	1
6150	1
6151	1
6152	3
6153	2
6154	1
6155	1
6156	5
6157	4
6158	0
6159	1
6160	0
6161	3
6162	3
6163	2
6164	1
6165	0
6166	1
6167	2
6168	0
6169	2
6170	1
6171	4
6172	0
6173	2
6174	3
6175	2
6176	0
6177	1
6178	1
6179	4
6180	0
6181	2
6182	3
6183	0
6184	3
6185	4
6186	1
6187	2
6188	0
6189	1
6190	2
6191	2
6192	2
6193	2
6194	3
6195	2
6196	2
6197	2
6198	1
6199	1
6200	2
6201	1
6202	2
6203	2
6204	2
6205	3
6206	3
6207	2
6208	3
6209	2
6210	2
6211	1
6212	0
6213	1
6214	3
6215	1
6216	1
6217	2
6218	0
6219	1
6220	0
6221	3
6222	1
6223	2
6224	1
6225	1
6226	3
6227	1
6228	3
6229	0
6230	3
6231	1
6232	2
6233	0
6234	0
6235	1
6236	3
6237	1
6238	5
6239	3
6240	1
6241	4
6242	6
6243	3
6244	2
6245	4
6246	2
6247	0
6248	3
6249	1
6250	1
6251	0
6252	2
6253	1
6254	4
6255	2
6256	1
6257	1
6258	4
6259	3
6260	1
6261	1
6262	1
6263	1
6264	0
6265	1
6266	1
6267	4
6268	2
6269	6
6270	2
6271	3
6272	0
6273	4
6274	2
6275	3
6276	5
6277	2
6278	3
6279	3
6280	3
6281	1
6282	3
6283	3
6284	3
6285	2
6286	3
6287	1
6288	1
6289	1
6290	3
6291	3
6292	4
6293	1
6294	0
6295	1
6296	2
6297	2
6298	2
6299	5
6300	0
6301	2
6302	0
6303	2
6304	1
6305	2
6306	2
6307	1
6308	1
6309	3
6310	3
6311	1
6312	0
6313	1
6314	1
6315	1
6316	0
6317	1
6318	1
6319	0
6320	2
6321	2
6322	2
6323	1
6324	2
6325	2
6326	3
6327	2
6328	3
6329	2
6330	1
6331	2
6332	3
6333	2
6334	2
6335	0
6336	1
6337	1
6338	4
6339	0
6340	1
6341	2
6342	2
6343	2
6344	1
6345	1
6346	3
6347	1
6348	1
6349	1
6350	3
6351	0
6352	0
6353	0
6354	4
6355	0
6356	4
6357	0
6358	1
6359	0
6360	1
6361	1
6362	2
6363	2
6364	2
6365	1
6366	3
6367	0
6368	2
6369	0
6370	4
6371	3
6372	1
6373	4
6374	1
6375	5
6376	2
6377	0
6378	2
6379	0
6380	2
6381	0
6382	3
6383	2
6384	1
6385	3
6386	1
6387	1
6388	0
6389	2
6390	1
6391	2
6392	1
6393	4
6394	2
6395	1
6396	1
6397	5
6398	1
6399	1
6400	3
6401	1
6402	1
6403	0
6404	3
6405	2
6406	0
6407	1
6408	2
6409	3
6410	2
6411	3
6412	3
6413	0
6414	4
6415	4
6416	1
6417	4
6418	3
6419	0
6420	3
6421	2
6422	1
6423	1
6424	3
6425	2
6426	0
6427	1
6428	1
6429	2
6430	1
6431	1
6432	1
6433	0
6434	2
6435	4
6436	1
6437	0
6438	0
6439	1
6440	3
6441	0
6442	2
6443	1
6444	2
6445	4
6446	1
6447	3
6448	0
6449	2
6450	1
6451	1
6452	1
6453	4
6454	1
6455	3
6456	1
6457	3
6458	1
6459	0
6460	1
6461	1
6462	1
6463	2
6464	3
6465	1
6466	2
6467	1
6468	1
6469	0
6470	2
6471	0
6472	3
6473	0
6474	2
6475	1
6476	0
6477	2
6478	2
6479	0
6480	1
6481	2
6482	0
6483	2
6484	3
6485	0
6486	1
6487	0
6488	3
6489	0
6490	6
6491	3
6492	3
6493	0
6494	3
6495	1
6496	1
6497	2
6498	0
6499	2
6500	0
6501	2
6502	2
6503	2
6504	2
6505	4
6506	3
6507	3
6508	1
6509	4
6510	3
6511	1
6512	2
6513	2
6514	0
6515	1
6516	2
6517	0
6518	1
6519	2
6520	3
6521	0
6522	1
6523	3
6524	3
6525	3
6526	1
6527	1
6528	2
6529	4
6530	2
6531	4
6532	1
6533	0
6534	1
6535	1
6536	1
6537	5
6538	2
6539	3
6540	3
6541	1
6542	1
6543	4
6544	1
6545	2
6546	1
6547	2
6548	1
6549	2
6550	1
6551	0
6552	2
6553	1
6554	1
6555	3
6556	3
6557	2
6558	1
6559	3
6560	2
6561	3
6562	6
6563	1
6564	1
6565	0
6566	3
6567	1
6568	0
6569	1
6570	1
6571	0
6572	3
6573	0
6574	2
6575	1
6576	0
6577	1
6578	1
6579	0
6580	2
6581	0
6582	1
6583	1
6584	2
6585	4
6586	1
6587	4
6588	1
6589	4
6590	1
6591	2
6592	1
6593	2
6594	1
6595	1
6596	1
6597	2
6598	3
6599	1
6600	1
6601	2
6602	2
6603	2
6604	0
6605	0
6606	1
6607	1
6608	0
6609	1
6610	1
6611	1
6612	1
6613	0
6614	2
6615	2
6616	1
6617	2
6618	1
6619	2
6620	0
6621	1
6622	1
6623	1
6624	3
6625	2
6626	2
6627	2
6628	1
6629	2
6630	2
6631	2
6632	2
6633	0
6634	2
6635	0
6636	0
6637	0
6638	3
6639	3
6640	3
6641	1
6642	4
6643	0
6644	1
6645	3
6646	0
6647	0
6648	1
6649	0
6650	0
6651	3
6652	3
6653	2
6654	3
6655	2
6656	1
6657	0
6658	1
6659	1
6660	2
6661	3
6662	1
6663	0
6664	1
6665	1
6666	2
6667	1
6668	0
6669	4
6670	4
6671	1
6672	1
6673	0
6674	0
6675	2
6676	1
6677	0
6678	0
6679	2
6680	2
6681	1
6682	0
6683	0
6684	3
6685	2
6686	1
6687	1
6688	1
6689	1
6690	1
6691	1
6692	1
6693	2
6694	0
6695	3
6696	1
6697	0
6698	1
6699	3
6700	2
6701	1
6702	1
6703	1
6704	1
6705	4
6706	3
6707	0
6708	2
6709	1
6710	0
6711	1
6712	3
6713	1
6714	2
6715	0
6716	0
6717	2
6718	0
6719	2
6720	0
6721	1
6722	1
6723	2
6724	2
6725	2
6726	3
6727	1
6728	0
6729	0
6730	2
6731	0
6732	3
6733	1
6734	0
6735	1
6736	3
6737	1
6738	2
6739	1
6740	2
6741	1
6742	1
6743	0
6744	0
6745	0
6746	1
6747	3
6748	1
6749	2
6750	0
6751	2
6752	2
6753	5
6754	1
6755	1
6756	1
6757	0
6758	4
6759	2
6760	3
6761	2
6762	0
6763	1
6764	3
6765	1
6766	1
6767	1
6768	2
6769	0
6770	0
6771	1
6772	2
6773	1
6774	1
6775	0
6776	1
6777	1
6778	4
6779	0
6780	3
6781	1
6782	1
6783	1
6784	1
6785	1
6786	1
6787	2
6788	0
6789	2
6790	2
6791	3
6792	1
6793	1
6794	3
6795	2
6796	2
6797	1
6798	1
6799	0
6800	1
6801	2
6802	2
6803	2
6804	2
6805	4
6806	5
6807	1
6808	1
6809	0
6810	2
6811	2
6812	4
6813	3
6814	1
6815	1
6816	0
6817	2
6818	2
6819	1
6820	0
6821	1
6822	1
6823	3
6824	1
6825	0
6826	1
6827	2
6828	0
6829	2
6830	2
6831	3
6832	1
6833	1
6834	0
6835	0
6836	3
6837	2
6838	1
6839	0
6840	2
6841	1
6842	1
6843	0
6844	1
6845	0
6846	3
6847	4
6848	0
6849	4
6850	3
6851	0
6852	0
6853	0
6854	2
6855	0
6856	0
6857	1
6858	4
6859	0
6860	1
6861	1
6862	3
6863	0
6864	3
6865	2
6866	3
6867	2
6868	1
6869	2
6870	1
6871	1
6872	3
6873	1
6874	0
6875	1
6876	2
6877	2
6878	5
6879	1
6880	0
6881	3
6882	0
6883	2
6884	2
6885	1
6886	1
6887	2
6888	1
6889	1
6890	1
6891	0
6892	3
6893	1
6894	1
6895	2
6896	2
6897	3
6898	1
6899	0
6900	0
6901	1
6902	0
6903	1
6904	2
6905	1
6906	1
6907	3
6908	2
6909	0
6910	2
6911	2
6912	0
6913	3
6914	1
6915	1
6916	0
6917	2
6918	1
6919	0
6920	0
6921	0
6922	3
6923	0
6924	1
6925	1
6926	3
6927	2
6928	4
6929	1
6930	1
6931	1
6932	2
6933	0
6934	1
6935	1
6936	1
6937	3
6938	1
6939	0
6940	2
6941	2
6942	2
6943	3
6944	1
6945	2
6946	2
6947	0
6948	3
6949	2
6950	1
6951	2
6952	1
6953	1
6954	2
6955	2
6956	0
6957	1
6958	1
6959	2
6960	3
6961	5
6962	0
6963	3
6964	0
6965	1
6966	1
6967	3
6968	2
6969	0
6970	0
6971	1
6972	3
6973	2
6974	1
6975	2
6976	1
6977	0
6978	0
6979	0
6980	0
6981	0
6982	1
6983	1
6984	0
6985	1
6986	1
6987	1
6988	1
6989	2
6990	0
6991	1
6992	1
6993	1
6994	0
6995	1
6996	1
6997	2
6998	0
6999	2
7000	5
7001	4
7002	1
7003	2
7004	0
7005	2
7006	3
7007	1
7008	0
7009	1
7010	1
7011	1
7012	2
7013	1
7014	0
7015	0
7016	2
7017	0
7018	1
7019	1
7020	1
7021	0
7022	1
7023	0
7024	0
7025	2
7026	0
7027	1
7028	2
7029	1
7030	1
7031	0
7032	0
7033	1
7034	0
7035	2
7036	3
7037	1
7038	2
7039	0
7040	1
7041	1
7042	1
7043	2
7044	1
7045	0
7046	0
7047	3
7048	0
7049	2
7050	3
7051	4
7052	1
7053	2
7054	2
7055	2
7056	2
7057	1
7058	1
7059	1
7060	2
7061	1
7062	1
7063	2
7064	3
7065	0
7066	1
7067	2
7068	2
7069	1
7070	0
7071	2
7072	0
7073	1
7074	0
7075	0
7076	2
7077	1
7078	4
7079	1
7080	2
7081	2
7082	0
7083	3
7084	1
7085	2
7086	3
7087	1
7088	1
7089	1
7090	2
7091	2
7092	2
7093	2
7094	1
7095	4
7096	3
7097	3
7098	0
7099	0
7100	0
7101	0
7102	0
7103	1
7104	0
7105	2
7106	2
7107	1
7108	0
7109	0
7110	2
7111	1
7112	2
7113	1
7114	0
7115	1
7116	1
7117	0
7118	1
7119	1
7120	2
7121	0
7122	0
7123	0
7124	2
7125	0
7126	1
7127	1
7128	4
7129	2
7130	4
7131	1
7132	0
7133	2
7134	1
7135	1
7136	3
7137	2
7138	1
7139	1
7140	1
7141	1
7142	1
7143	2
7144	0
7145	1
7146	1
7147	0
7148	0
7149	1
7150	0
7151	0
7152	1
7153	0
7154	1
7155	1
7156	1
7157	1
7158	3
7159	3
7160	3
7161	2
7162	0
7163	1
7164	3
7165	3
7166	0
7167	0
7168	2
7169	0
7170	3
7171	1
7172	2
7173	1
7174	0
7175	2
7176	1
7177	1
7178	2
7179	0
7180	1
7181	0
7182	0
7183	4
7184	0
7185	0
7186	1
7187	3
7188	1
7189	0
7190	0
7191	1
7192	1
7193	0
7194	0
7195	0
7196	0
7197	1
7198	0
7199	1
7200	1
7201	0
7202	3
7203	0
7204	3
7205	1
7206	2
7207	2
7208	2
7209	2
7210	2
7211	2
7212	0
7213	3
7214	0
7215	2
7216	1
7217	3
7218	1
7219	0
7220	2
7221	0
7222	1
7223	3
7224	2
7225	0
7226	1
7227	1
7228	1
7229	1
7230	2
7231	1
7232	3
7233	2
7234	0
7235	0
7236	1
7237	0
7238	0
7239	2
7240	1
7241	3
7242	1
7243	0
7244	3
7245	1
7246	2
7247	2
7248	1
7249	0
7250	0
7251	0
7252	1
7253	0
7254	1
7255	2
7256	0
7257	3
7258	3
7259	0
7260	0
7261	3
7262	3
7263	1
7264	3
7265	1
7266	1
7267	1
7268	0
7269	3
7270	1
7271	2
7272	0
7273	5
7274	0
7275	4
7276	0
7277	1
7278	0
7279	0
7280	0
7281	2
7282	1
7283	1
7284	1
7285	3
7286	3
7287	2
7288	2
7289	1
7290	2
7291	0
7292	3
7293	1
7294	2
7295	0
7296	0
7297	1
7298	0
7299	2
7300	1
7301	0
7302	1
7303	0
7304	1
7305	2
7306	1
7307	1
7308	1
7309	1
7310	2
7311	1
7312	2
7313	1
7314	0
7315	2
7316	2
7317	0
7318	1
7319	2
7320	3
7321	1
7322	1
7323	0
7324	0
7325	1
7326	0
7327	0
7328	1
7329	0
7330	0
7331	2
7332	1
7333	1
7334	2
7335	0
7336	3
7337	3
7338	0
7339	0
7340	1
7341	2
7342	1
7343	2
7344	1
7345	1
7346	2
7347	1
7348	1
7349	0
7350	1
7351	1
7352	0
7353	0
7354	2
7355	0
7356	1
7357	1
7358	2
7359	0
7360	0
7361	2
7362	2
7363	1
7364	2
7365	2
7366	2
7367	6
7368	1
7369	1
7370	0
7371	0
7372	1
7373	0
7374	3
7375	2
7376	0
7377	2
7378	0
7379	0
7380	1
7381	0
7382	1
7383	0
7384	1
7385	2
7386	1
7387	0
7388	1
7389	1
7390	0
7391	3
7392	3
7393	1
7394	2
7395	3
7396	1
7397	0
7398	0
7399	0
7400	0
7401	0
7402	0
7403	0
7404	1
7405	0
7406	1
7407	0
7408	1
7409	2
7410	1
7411	1
7412	1
7413	2
7414	0
7415	2
7416	1
7417	2
7418	0
7419	1
7420	1
7421	1
7422	0
7423	1
7424	0
7425	1
7426	2
7427	1
7428	2
7429	1
7430	2
7431	2
7432	1
7433	0
7434	1
7435	0
7436	1
7437	0
7438	1
7439	0
7440	1
7441	2
7442	0
7443	1
7444	1
7445	1
7446	2
7447	2
7448	1
7449	0
7450	0
7451	1
7452	1
7453	1
7454	0
7455	2
7456	0
7457	0
7458	5
7459	1
7460	2
7461	0
7462	0
7463	0
7464	1
7465	1
7466	1
7467	1
7468	1
7469	2
7470	3
7471	0
7472	1
7473	0
7474	3
7475	3
7476	1
7477	0
7478	2
7479	2
7480	1
7481	1
7482	2
7483	2
7484	2
7485	0
7486	1
7487	0
7488	1
7489	1
7490	0
7491	0
7492	1
7493	0
7494	2
7495	1
7496	1
7497	2
7498	0
7499	1
7500	1
7501	0
7502	2
7503	1
7504	1
7505	3
7506	1
7507	2
7508	2
7509	0
7510	2
7511	1
7512	0
7513	3
7514	2
7515	2
7516	0
7517	0
7518	0
7519	1
7520	1
7521	2
7522	3
7523	1
7524	2
7525	1
7526	1
7527	1
7528	3
7529	1
7530	1
7531	0
7532	0
7533	0
7534	0
7535	0
7536	1
7537	1
7538	1
7539	2
7540	0
7541	2
7542	2
7543	0
7544	0
7545	1
7546	0
7547	1
7548	1
7549	0
7550	0
7551	2
7552	0
7553	2
7554	3
7555	1
7556	0
7557	0
7558	2
7559	1
7560	1
7561	2
7562	0
7563	1
7564	2
7565	0
7566	1
7567	2
7568	2
7569	0
7570	0
7571	0
7572	1
7573	0
7574	1
7575	1
7576	1
7577	0
7578	0
7579	2
7580	1
7581	2
7582	3
7583	0
7584	1
7585	0
7586	2
7587	1
7588	1
7589	2
7590	3
7591	0
7592	2
7593	0
7594	1
7595	1
7596	2
7597	0
7598	1
7599	2
7600	0
7601	0
7602	2
7603	0
7604	2
7605	1
7606	0
7607	2
7608	0
7609	1
7610	1
7611	2
7612	5
7613	1
7614	2
7615	1
7616	3
7617	0
7618	3
7619	0
7620	0
7621	1
7622	1
7623	1
7624	1
7625	2
7626	2
7627	3
7628	0
7629	0
7630	2
7631	1
7632	0
7633	1
7634	0
7635	0
7636	0
7637	1
7638	2
7639	1
7640	0
7641	0
7642	1
7643	0
7644	1
7645	0
7646	0
7647	0
7648	1
7649	0
7650	0
7651	2
7652	3
7653	1
7654	0
7655	2
7656	1
7657	0
7658	0
7659	0
7660	0
7661	1
7662	2
7663	1
7664	0
7665	1
7666	2
7667	0
7668	3
7669	0
7670	2
7671	0
7672	1
7673	4
7674	2
7675	0
7676	2
7677	0
7678	1
7679	1
7680	0
7681	1
7682	2
7683	1
7684	2
7685	0
7686	1
7687	0
7688	1
7689	3
7690	0
7691	1
7692	0
7693	0
7694	0
7695	2
7696	0
7697	1
7698	2
7699	0
7700	1
7701	1
7702	1
7703	2
7704	0
7705	0
7706	3
7707	0
7708	1
7709	0
7710	2
7711	1
7712	2
7713	0
7714	0
7715	0
7716	2
7717	0
7718	1
7719	0
7720	2
7721	0
7722	2
7723	0
7724	2
7725	1
7726	0
7727	2
7728	2
7729	1
7730	0
7731	1
7732	5
7733	0
7734	0
7735	0
7736	2
7737	1
7738	3
7739	2
7740	2
7741	0
7742	0
7743	1
7744	4
7745	0
7746	0
7747	2
7748	0
7749	1
7750	1
7751	1
7752	2
7753	0
7754	1
7755	2
7756	1
7757	1
7758	1
7759	1
7760	1
7761	5
7762	3
7763	1
7764	1
7765	1
7766	2
7767	4
7768	1
7769	2
7770	1
7771	2
7772	1
7773	3
7774	1
7775	1
7776	0
7777	1
7778	0
7779	1
7780	0
7781	0
7782	1
7783	1
7784	1
7785	2
7786	4
7787	2
7788	1
7789	1
7790	0
7791	0
7792	0
7793	2
7794	0
7795	1
7796	0
7797	1
7798	1
7799	1
7800	2
7801	3
7802	1
7803	0
7804	0
7805	0
7806	1
7807	1
7808	0
7809	1
7810	2
7811	2
7812	0
7813	1
7814	0
7815	3
7816	3
7817	1
7818	2
7819	1
7820	0
7821	1
7822	1
7823	0
7824	1
7825	0
7826	1
7827	2
7828	2
7829	1
7830	1
7831	1
7832	1
7833	1
7834	3
7835	0
7836	0
7837	2
7838	1
7839	0
7840	1
7841	1
7842	2
7843	1
7844	1
7845	0
7846	1
7847	0
7848	1
7849	2
7850	0
7851	2
7852	0
7853	1
7854	2
7855	0
7856	1
7857	0
7858	1
7859	4
7860	0
7861	1
7862	1
7863	3
7864	0
7865	1
7866	0
7867	1
7868	1
7869	3
7870	0
7871	3
7872	1
7873	1
7874	0
7875	3
7876	1
7877	0
7878	0
7879	1
7880	1
7881	2
7882	2
7883	0
7884	0
7885	0
7886	0
7887	1
7888	1
7889	0
7890	0
7891	1
7892	0
7893	0
7894	2
7895	5
7896	1
7897	0
7898	0
7899	1
7900	1
7901	1
7902	1
7903	1
7904	1
7905	0
7906	0
7907	1
7908	3
7909	1
7910	1
7911	3
7912	0
7913	0
7914	0
7915	1
7916	3
7917	1
7918	3
7919	1
7920	2
7921	0
7922	0
7923	0
7924	1
7925	4
7926	0
7927	0
7928	0
7929	1
7930	2
7931	0
7932	1
7933	1
7934	2
7935	1
7936	2
7937	0
7938	1
7939	2
7940	1
7941	0
7942	1
7943	3
7944	2
7945	3
7946	3
7947	2
7948	0
7949	1
7950	1
7951	2
7952	1
7953	1
7954	1
7955	2
7956	0
7957	1
7958	2
7959	0
7960	1
7961	2
7962	4
7963	2
7964	1
7965	0
7966	2
7967	0
7968	2
7969	0
7970	0
7971	1
7972	0
7973	0
7974	2
7975	1
7976	0
7977	1
7978	0
7979	1
7980	1
7981	3
7982	0
7983	1
7984	2
7985	1
7986	0
7987	1
7988	0
7989	1
7990	1
7991	0
7992	0
7993	1
7994	0
7995	0
7996	0
7997	0
7998	2
7999	1
8000	1
8001	0
8002	0
8003	0
8004	1
8005	2
8006	1
8007	0
8008	1
8009	0
8010	0
8011	1
8012	0
8013	1
8014	1
8015	1
8016	0
8017	0
8018	3
8019	0
8020	1
8021	1
8022	1
8023	2
8024	1
8025	2
8026	2
8027	1
8028	1
8029	2
8030	1
8031	1
8032	2
8033	2
8034	0
8035	0
8036	2
8037	0
8038	0
8039	0
8040	0
8041	1
8042	0
8043	1
8044	2
8045	2
8046	0
8047	0
8048	0
8049	0
8050	0
8051	0
8052	0
8053	0
8054	0
8055	0
8056	0
8057	0
8058	0
8059	0
8060	0
8061	0
8062	0
8063	0
8064	0
8065	0
8066	0
8067	0
8068	0
8069	0
8070	0
8071	0
8072	0
8073	0
8074	0
8075	0
8076	0
8077	0
8078	0
8079	0
8080	0
8081	0
8082	0
8083	0
8084	0
8085	0
8086	0
8087	0
8088	0
8089	0
8090	0
8091	0
8092	0
8093	0
8094	0
8095	0
8096	0
8097	0
8098	0
8099	0
8100	0
8101	0
8102	0
8103	0
8104	0
8105	0
8106	0
8107	0
8108	0
8109	0
8110	0
8111	0
8112	0
8113	0
8114	0
8115	0
8116	0
8117	0
8118	0
8119	0
8120	0
8121	0
8122	0
8123	0
8124	0
8125	0
8126	0
8127	0
8128	0
8129	0
8130	0
8131	0
8132	0
8133	0
8134	0
8135	0
8136	0
8137	0
8138	0
8139	0
8140	0
8141	0
8142	0
8143	0
8144	0
8145	0
8146	0
8147	0
8148	0
8149	0
8150	0
8151	0
8152	0
8153	0
8154	0
8155	0
8156	0
8157	0
8158	0
8159	0
8160	0
8161	0
8162	0
8163	0
8164	0
8165	0
8166	0
8167	0
8168	0
8169	0
8170	0
8171	0
8172	0
8173	0
8174	0
8175	0
8176	0
8177	0
8178	0
8179	0
8180	0
8181	0
8182	0
8183	0
8184	0
8185	0
8186	0
8187	0
8188	0
8189	0
8190	0
8191	0
