0	0
1	0
2	0
3	0
4	0
5	0
6	0
7	0
8	0
9	0
10	0
11	0
12	0
13	0
14	0
15	0
16	0
17	0
18	0
19	0
20	0
21	0
22	0
23	0
24	0
25	0
26	0
27	0
28	0
29	0
30	0
31	0
32	0
33	0
34	0
35	0
36	0
37	0
38	0
39	0
40	0
41	0
42	0
43	0
44	0
45	0
46	0
47	0
48	0
49	0
50	0
51	0
52	0
53	0
54	0
55	0
56	0
57	0
58	0
59	0
60	0
61	0
62	0
63	0
64	0
65	0
66	0
67	0
68	19
69	80
70	168
71	243
72	282
73	273
74	297
75	275
76	257
77	276
78	279
79	267
80	292
81	261
82	278
83	285
84	247
85	278
86	242
87	262
88	280
89	256
90	262
91	269
92	245
93	226
94	262
95	248
96	247
97	249
98	245
99	261
100	248
101	275
102	240
103	274
104	239
105	263
106	253
107	251
108	234
109	232
110	252
111	254
112	224
113	227
114	195
115	232
116	236
117	227
118	223
119	234
120	244
121	243
122	199
123	226
124	240
125	222
126	229
127	222
128	219
129	226
130	224
131	213
132	196
133	216
134	230
135	233
136	213
137	203
138	218
139	224
140	217
141	203
142	243
143	232
144	210
145	190
146	222
147	212
148	210
149	215
150	222
151	246
152	212
153	210
154	213
155	204
156	221
157	220
158	204
159	213
160	241
161	209
162	228
163	194
164	205
165	191
166	226
167	199
168	190
169	218
170	196
171	212
172	198
173	193
174	188
175	224
176	203
177	192
178	219
179	202
180	192
181	218
182	197
183	183
184	207
185	222
186	221
187	225
188	175
189	197
190	202
191	195
192	193
193	186
194	184
195	202
196	218
197	202
198	191
199	200
200	200
201	215
202	179
203	183
204	195
205	189
206	211
207	183
208	226
209	208
210	204
211	203
212	192
213	195
214	218
215	215
216	189
217	200
218	175
219	175
220	183
221	187
222	209
223	184
224	188
225	176
226	212
227	221
228	186
229	201
230	183
231	211
232	211
233	174
234	203
235	163
236	199
237	240
238	191
239	199
240	183
241	186
242	174
243	209
244	192
245	191
246	213
247	202
248	198
249	192
250	209
251	174
252	172
253	184
254	182
255	204
256	189
257	181
258	187
259	177
260	185
261	164
262	178
263	189
264	198
265	163
266	169
267	183
268	185
269	186
270	183
271	205
272	181
273	209
274	212
275	182
276	216
277	183
278	174
279	163
280	187
281	191
282	208
283	210
284	215
285	196
286	207
287	195
288	185
289	188
290	202
291	170
292	184
293	205
294	188
295	171
296	210
297	182
298	213
299	191
300	213
301	202
302	196
303	203
304	198
305	213
306	187
307	206
308	197
309	171
310	192
311	204
312	196
313	197
314	204
315	175
316	206
317	203
318	179
319	193
320	194
321	172
322	203
323	203
324	217
325	218
326	215
327	209
328	216
329	191
330	214
331	207
332	223
333	192
334	212
335	191
336	221
337	188
338	198
339	193
340	221
341	206
342	212
343	197
344	198
345	203
346	209
347	194
348	192
349	212
350	182
351	200
352	197
353	215
354	197
355	203
356	225
357	198
358	197
359	165
360	213
361	211
362	182
363	202
364	208
365	199
366	207
367	208
368	223
369	198
370	201
371	196
372	198
373	188
374	201
375	207
376	209
377	208
378	203
379	190
380	209
381	197
382	197
383	227
384	212
385	203
386	195
387	212
388	220
389	218
390	187
391	189
392	210
393	224
394	185
395	194
396	211
397	213
398	210
399	186
400	201
401	210
402	225
403	215
404	190
405	207
406	221
407	214
408	232
409	203
410	217
411	192
412	233
413	219
414	198
415	223
416	233
417	256
418	203
419	195
420	217
421	230
422	227
423	216
424	206
425	198
426	214
427	209
428	218
429	184
430	204
431	223
432	200
433	205
434	212
435	237
436	213
437	194
438	195
439	195
440	193
441	226
442	221
443	216
444	192
445	191
446	206
447	220
448	183
449	213
450	193
451	197
452	219
453	218
454	197
455	222
456	220
457	220
458	222
459	196
460	233
461	193
462	223
463	188
464	203
465	240
466	207
467	218
468	235
469	174
470	203
471	199
472	191
473	212
474	206
475	185
476	184
477	207
478	214
479	213
480	205
481	242
482	207
483	224
484	209
485	230
486	220
487	217
488	213
489	219
490	207
491	220
492	210
493	183
494	208
495	194
496	255
497	222
498	219
499	182
500	199
501	187
502	178
503	205
504	211
505	214
506	219
507	228
508	211
509	207
510	185
511	250
512	192
513	200
514	218
515	194
516	198
517	223
518	202
519	211
520	196
521	217
522	218
523	207
524	193
525	184
526	199
527	196
528	199
529	206
530	216
531	240
532	218
533	210
534	190
535	207
536	206
537	227
538	214
539	212
540	203
541	219
542	205
543	210
544	206
545	217
546	202
547	213
548	215
549	188
550	208
551	211
552	209
553	217
554	197
555	177
556	191
557	230
558	198
559	200
560	229
561	207
562	198
563	199
564	208
565	206
566	200
567	208
568	183
569	208
570	203
571	185
572	210
573	203
574	202
575	225
576	202
577	222
578	211
579	182
580	202
581	219
582	227
583	200
584	229
585	191
586	189
587	216
588	200
589	219
590	199
591	219
592	221
593	202
594	179
595	242
596	209
597	207
598	194
599	196
600	227
601	188
602	185
603	183
604	207
605	203
606	229
607	213
608	217
609	225
610	215
611	203
612	182
613	198
614	202
615	192
616	224
617	191
618	193
619	213
620	204
621	217
622	199
623	204
624	194
625	203
626	170
627	207
628	194
629	224
630	226
631	226
632	214
633	242
634	186
635	179
636	218
637	196
638	214
639	203
640	204
641	198
642	214
643	211
644	224
645	205
646	204
647	221
648	191
649	200
650	213
651	178
652	194
653	225
654	176
655	197
656	207
657	206
658	226
659	204
660	226
661	184
662	212
663	208
664	188
665	189
666	220
667	182
668	229
669	198
670	185
671	197
672	216
673	235
674	196
675	214
676	236
677	190
678	209
679	185
680	241
681	181
682	215
683	213
684	217
685	203
686	210
687	202
688	196
689	201
690	181
691	220
692	220
693	204
694	199
695	199
696	212
697	212
698	217
699	188
700	177
701	190
702	190
703	195
704	203
705	174
706	212
707	194
708	183
709	192
710	186
711	212
712	184
713	186
714	188
715	208
716	201
717	200
718	203
719	208
720	193
721	174
722	182
723	185
724	206
725	210
726	222
727	203
728	185
729	193
730	216
731	188
732	191
733	190
734	193
735	204
736	180
737	195
738	217
739	171
740	175
741	189
742	186
743	206
744	190
745	193
746	199
747	176
748	212
749	188
750	164
751	183
752	209
753	201
754	217
755	206
756	198
757	202
758	199
759	217
760	213
761	172
762	178
763	193
764	195
765	177
766	191
767	184
768	192
769	175
770	192
771	200
772	198
773	199
774	175
775	169
776	191
777	179
778	180
779	188
780	188
781	186
782	168
783	210
784	165
785	191
786	195
787	196
788	185
789	193
790	186
791	170
792	191
793	181
794	160
795	180
796	188
797	203
798	192
799	186
800	195
801	197
802	188
803	187
804	206
805	174
806	193
807	176
808	177
809	185
810	192
811	191
812	211
813	207
814	201
815	207
816	195
817	163
818	160
819	187
820	179
821	182
822	158
823	199
824	177
825	190
826	200
827	182
828	195
829	166
830	163
831	182
832	181
833	178
834	199
835	172
836	186
837	174
838	190
839	181
840	190
841	202
842	183
843	207
844	170
845	182
846	177
847	156
848	169
849	181
850	188
851	195
852	186
853	191
854	175
855	159
856	200
857	174
858	185
859	184
860	171
861	195
862	161
863	159
864	202
865	186
866	188
867	198
868	170
869	173
870	169
871	173
872	185
873	189
874	185
875	173
876	196
877	166
878	165
879	199
880	166
881	168
882	149
883	199
884	186
885	179
886	186
887	168
888	180
889	177
890	193
891	187
892	175
893	171
894	187
895	174
896	199
897	163
898	161
899	150
900	195
901	166
902	187
903	199
904	167
905	184
906	147
907	197
908	186
909	164
910	181
911	141
912	175
913	164
914	183
915	192
916	179
917	187
918	193
919	172
920	161
921	154
922	166
923	177
924	180
925	163
926	164
927	193
928	183
929	160
930	193
931	154
932	186
933	173
934	194
935	189
936	194
937	189
938	172
939	184
940	188
941	195
942	159
943	182
944	158
945	172
946	172
947	172
948	176
949	181
950	166
951	184
952	164
953	165
954	186
955	184
956	163
957	184
958	165
959	174
960	164
961	193
962	177
963	177
964	168
965	174
966	168
967	184
968	155
969	169
970	200
971	177
972	217
973	221
974	176
975	169
976	201
977	183
978	182
979	191
980	183
981	180
982	177
983	181
984	157
985	152
986	176
987	177
988	180
989	141
990	179
991	183
992	193
993	170
994	163
995	171
996	162
997	169
998	168
999	166
1000	165
1001	176
1002	164
1003	169
1004	182
1005	167
1006	170
1007	165
1008	171
1009	154
1010	164
1011	194
1012	168
1013	171
1014	162
1015	178
1016	163
1017	174
1018	152
1019	162
1020	172
1021	155
1022	192
1023	188
1024	180
1025	168
1026	197
1027	171
1028	184
1029	169
1030	190
1031	182
1032	165
1033	182
1034	190
1035	181
1036	172
1037	157
1038	180
1039	153
1040	176
1041	182
1042	176
1043	164
1044	187
1045	179
1046	174
1047	168
1048	190
1049	151
1050	162
1051	168
1052	194
1053	157
1054	180
1055	167
1056	154
1057	185
1058	187
1059	195
1060	209
1061	174
1062	176
1063	192
1064	176
1065	181
1066	184
1067	202
1068	193
1069	186
1070	209
1071	214
1072	191
1073	175
1074	200
1075	201
1076	223
1077	198
1078	209
1079	182
1080	204
1081	207
1082	157
1083	186
1084	224
1085	206
1086	220
1087	235
1088	210
1089	224
1090	219
1091	212
1092	192
1093	155
1094	198
1095	239
1096	202
1097	188
1098	219
1099	210
1100	224
1101	226
1102	204
1103	225
1104	218
1105	201
1106	220
1107	216
1108	202
1109	197
1110	204
1111	179
1112	215
1113	207
1114	191
1115	203
1116	212
1117	227
1118	213
1119	197
1120	216
1121	213
1122	188
1123	216
1124	188
1125	189
1126	191
1127	210
1128	179
1129	209
1130	185
1131	184
1132	207
1133	200
1134	214
1135	199
1136	193
1137	199
1138	206
1139	209
1140	195
1141	192
1142	178
1143	206
1144	179
1145	195
1146	192
1147	186
1148	194
1149	187
1150	208
1151	184
1152	195
1153	182
1154	202
1155	199
1156	193
1157	200
1158	175
1159	183
1160	185
1161	193
1162	183
1163	194
1164	188
1165	147
1166	206
1167	182
1168	177
1169	189
1170	199
1171	175
1172	191
1173	197
1174	187
1175	200
1176	202
1177	182
1178	204
1179	195
1180	187
1181	208
1182	191
1183	184
1184	176
1185	189
1186	177
1187	194
1188	176
1189	199
1190	198
1191	200
1192	184
1193	191
1194	176
1195	193
1196	186
1197	189
1198	191
1199	196
1200	190
1201	181
1202	168
1203	145
1204	185
1205	192
1206	175
1207	215
1208	209
1209	172
1210	230
1211	249
1212	254
1213	201
1214	201
1215	212
1216	193
1217	165
1218	161
1219	162
1220	175
1221	181
1222	193
1223	180
1224	188
1225	186
1226	184
1227	168
1228	166
1229	205
1230	190
1231	180
1232	194
1233	173
1234	174
1235	160
1236	181
1237	167
1238	167
1239	174
1240	161
1241	149
1242	169
1243	169
1244	199
1245	160
1246	178
1247	174
1248	152
1249	155
1250	174
1251	174
1252	171
1253	160
1254	179
1255	167
1256	186
1257	195
1258	171
1259	177
1260	176
1261	156
1262	172
1263	166
1264	187
1265	162
1266	150
1267	176
1268	143
1269	155
1270	146
1271	174
1272	172
1273	181
1274	181
1275	169
1276	180
1277	175
1278	172
1279	176
1280	184
1281	170
1282	161
1283	194
1284	173
1285	156
1286	161
1287	160
1288	163
1289	154
1290	165
1291	167
1292	171
1293	174
1294	188
1295	148
1296	179
1297	160
1298	164
1299	176
1300	166
1301	149
1302	161
1303	169
1304	168
1305	164
1306	142
1307	140
1308	165
1309	156
1310	145
1311	149
1312	178
1313	156
1314	147
1315	163
1316	164
1317	174
1318	152
1319	164
1320	165
1321	163
1322	173
1323	166
1324	166
1325	170
1326	184
1327	153
1328	169
1329	150
1330	153
1331	166
1332	159
1333	143
1334	167
1335	161
1336	175
1337	160
1338	166
1339	177
1340	133
1341	178
1342	163
1343	189
1344	170
1345	186
1346	170
1347	154
1348	162
1349	152
1350	155
1351	159
1352	171
1353	155
1354	147
1355	149
1356	162
1357	163
1358	158
1359	137
1360	158
1361	178
1362	157
1363	155
1364	159
1365	173
1366	166
1367	176
1368	145
1369	150
1370	151
1371	172
1372	141
1373	166
1374	135
1375	149
1376	157
1377	151
1378	161
1379	163
1380	163
1381	154
1382	143
1383	142
1384	147
1385	150
1386	164
1387	154
1388	144
1389	152
1390	157
1391	164
1392	138
1393	137
1394	139
1395	158
1396	145
1397	137
1398	157
1399	161
1400	161
1401	142
1402	143
1403	141
1404	155
1405	167
1406	144
1407	174
1408	149
1409	137
1410	165
1411	143
1412	143
1413	149
1414	152
1415	163
1416	150
1417	160
1418	136
1419	143
1420	156
1421	145
1422	169
1423	160
1424	170
1425	147
1426	134
1427	147
1428	130
1429	157
1430	141
1431	148
1432	160
1433	158
1434	144
1435	165
1436	146
1437	132
1438	130
1439	157
1440	116
1441	152
1442	154
1443	173
1444	163
1445	139
1446	139
1447	163
1448	142
1449	161
1450	149
1451	148
1452	140
1453	164
1454	138
1455	156
1456	167
1457	156
1458	154
1459	141
1460	139
1461	170
1462	138
1463	148
1464	156
1465	164
1466	155
1467	124
1468	125
1469	152
1470	153
1471	168
1472	148
1473	134
1474	151
1475	154
1476	141
1477	144
1478	151
1479	165
1480	144
1481	126
1482	156
1483	143
1484	145
1485	125
1486	135
1487	139
1488	135
1489	154
1490	129
1491	153
1492	151
1493	176
1494	142
1495	145
1496	143
1497	146
1498	123
1499	146
1500	159
1501	147
1502	141
1503	151
1504	156
1505	146
1506	160
1507	152
1508	127
1509	167
1510	146
1511	137
1512	133
1513	163
1514	134
1515	127
1516	160
1517	122
1518	123
1519	134
1520	137
1521	143
1522	144
1523	154
1524	138
1525	156
1526	126
1527	151
1528	146
1529	147
1530	137
1531	158
1532	137
1533	139
1534	155
1535	133
1536	166
1537	145
1538	153
1539	141
1540	152
1541	146
1542	138
1543	132
1544	158
1545	137
1546	145
1547	142
1548	133
1549	149
1550	137
1551	155
1552	130
1553	143
1554	164
1555	142
1556	150
1557	155
1558	156
1559	141
1560	146
1561	126
1562	117
1563	143
1564	133
1565	154
1566	146
1567	126
1568	165
1569	133
1570	131
1571	119
1572	154
1573	140
1574	133
1575	135
1576	137
1577	144
1578	150
1579	165
1580	153
1581	169
1582	170
1583	186
1584	193
1585	177
1586	156
1587	148
1588	138
1589	142
1590	122
1591	141
1592	132
1593	149
1594	133
1595	134
1596	136
1597	138
1598	136
1599	145
1600	152
1601	131
1602	125
1603	128
1604	141
1605	144
1606	147
1607	142
1608	135
1609	133
1610	143
1611	131
1612	137
1613	122
1614	127
1615	131
1616	139
1617	133
1618	126
1619	128
1620	133
1621	135
1622	147
1623	127
1624	122
1625	125
1626	137
1627	133
1628	119
1629	133
1630	145
1631	125
1632	140
1633	161
1634	133
1635	112
1636	132
1637	125
1638	125
1639	134
1640	135
1641	139
1642	143
1643	132
1644	136
1645	140
1646	124
1647	145
1648	124
1649	131
1650	142
1651	117
1652	148
1653	120
1654	129
1655	141
1656	149
1657	140
1658	113
1659	133
1660	141
1661	119
1662	130
1663	130
1664	121
1665	133
1666	150
1667	153
1668	121
1669	108
1670	126
1671	140
1672	135
1673	116
1674	139
1675	128
1676	131
1677	126
1678	131
1679	133
1680	116
1681	145
1682	144
1683	142
1684	121
1685	115
1686	129
1687	100
1688	128
1689	140
1690	114
1691	130
1692	146
1693	114
1694	139
1695	132
1696	133
1697	156
1698	129
1699	127
1700	133
1701	141
1702	119
1703	120
1704	118
1705	128
1706	140
1707	138
1708	155
1709	162
1710	131
1711	128
1712	133
1713	148
1714	122
1715	122
1716	129
1717	138
1718	126
1719	128
1720	128
1721	131
1722	130
1723	120
1724	147
1725	135
1726	127
1727	118
1728	133
1729	133
1730	110
1731	113
1732	128
1733	115
1734	127
1735	165
1736	108
1737	120
1738	143
1739	158
1740	122
1741	123
1742	113
1743	125
1744	107
1745	143
1746	145
1747	156
1748	147
1749	113
1750	123
1751	143
1752	129
1753	125
1754	131
1755	124
1756	106
1757	131
1758	102
1759	131
1760	129
1761	136
1762	134
1763	116
1764	119
1765	123
1766	106
1767	136
1768	132
1769	121
1770	109
1771	117
1772	132
1773	131
1774	139
1775	133
1776	135
1777	118
1778	114
1779	146
1780	141
1781	128
1782	107
1783	124
1784	115
1785	118
1786	132
1787	119
1788	118
1789	131
1790	131
1791	116
1792	130
1793	144
1794	122
1795	164
1796	131
1797	142
1798	159
1799	152
1800	156
1801	126
1802	129
1803	120
1804	129
1805	134
1806	123
1807	129
1808	123
1809	131
1810	129
1811	128
1812	124
1813	132
1814	111
1815	132
1816	136
1817	135
1818	132
1819	121
1820	143
1821	120
1822	117
1823	117
1824	119
1825	126
1826	133
1827	140
1828	132
1829	129
1830	137
1831	110
1832	119
1833	124
1834	138
1835	113
1836	107
1837	115
1838	119
1839	96
1840	109
1841	112
1842	144
1843	101
1844	127
1845	126
1846	125
1847	106
1848	126
1849	117
1850	126
1851	99
1852	117
1853	125
1854	132
1855	124
1856	126
1857	124
1858	105
1859	131
1860	131
1861	127
1862	125
1863	117
1864	121
1865	108
1866	125
1867	84
1868	126
1869	128
1870	122
1871	108
1872	115
1873	113
1874	116
1875	143
1876	109
1877	147
1878	126
1879	128
1880	114
1881	126
1882	126
1883	133
1884	110
1885	125
1886	122
1887	108
1888	120
1889	142
1890	128
1891	116
1892	120
1893	120
1894	114
1895	118
1896	133
1897	119
1898	107
1899	115
1900	116
1901	133
1902	122
1903	128
1904	136
1905	113
1906	121
1907	114
1908	136
1909	117
1910	131
1911	115
1912	134
1913	125
1914	129
1915	105
1916	107
1917	119
1918	129
1919	110
1920	129
1921	95
1922	125
1923	118
1924	114
1925	124
1926	133
1927	149
1928	120
1929	113
1930	106
1931	112
1932	118
1933	109
1934	111
1935	118
1936	138
1937	117
1938	129
1939	103
1940	103
1941	118
1942	105
1943	127
1944	116
1945	139
1946	134
1947	114
1948	123
1949	135
1950	111
1951	115
1952	131
1953	128
1954	124
1955	120
1956	140
1957	122
1958	137
1959	114
1960	144
1961	116
1962	119
1963	113
1964	119
1965	117
1966	128
1967	108
1968	126
1969	145
1970	126
1971	108
1972	105
1973	115
1974	120
1975	119
1976	114
1977	121
1978	107
1979	109
1980	115
1981	101
1982	102
1983	107
1984	124
1985	113
1986	119
1987	118
1988	124
1989	144
1990	113
1991	124
1992	110
1993	111
1994	124
1995	125
1996	118
1997	101
1998	123
1999	115
2000	112
2001	114
2002	130
2003	98
2004	127
2005	121
2006	127
2007	105
2008	129
2009	95
2010	111
2011	115
2012	112
2013	106
2014	107
2015	133
2016	111
2017	129
2018	116
2019	130
2020	133
2021	127
2022	101
2023	91
2024	118
2025	121
2026	137
2027	115
2028	103
2029	114
2030	117
2031	108
2032	121
2033	106
2034	127
2035	117
2036	112
2037	106
2038	100
2039	140
2040	119
2041	122
2042	126
2043	108
2044	122
2045	122
2046	121
2047	126
2048	130
2049	110
2050	114
2051	127
2052	102
2053	108
2054	126
2055	138
2056	103
2057	126
2058	118
2059	114
2060	111
2061	129
2062	125
2063	109
2064	129
2065	125
2066	118
2067	111
2068	109
2069	111
2070	103
2071	103
2072	119
2073	124
2074	123
2075	112
2076	109
2077	113
2078	106
2079	110
2080	116
2081	101
2082	115
2083	126
2084	120
2085	105
2086	133
2087	117
2088	126
2089	102
2090	108
2091	97
2092	105
2093	130
2094	133
2095	113
2096	115
2097	102
2098	115
2099	119
2100	131
2101	116
2102	99
2103	102
2104	125
2105	108
2106	91
2107	126
2108	117
2109	112
2110	93
2111	101
2112	124
2113	124
2114	125
2115	112
2116	108
2117	116
2118	125
2119	101
2120	119
2121	108
2122	108
2123	89
2124	112
2125	121
2126	120
2127	103
2128	122
2129	105
2130	128
2131	103
2132	125
2133	107
2134	125
2135	126
2136	134
2137	126
2138	115
2139	98
2140	115
2141	101
2142	110
2143	110
2144	111
2145	129
2146	128
2147	129
2148	94
2149	120
2150	122
2151	107
2152	98
2153	116
2154	92
2155	105
2156	113
2157	108
2158	120
2159	112
2160	108
2161	115
2162	93
2163	104
2164	100
2165	101
2166	129
2167	103
2168	116
2169	123
2170	108
2171	114
2172	121
2173	118
2174	96
2175	109
2176	129
2177	128
2178	94
2179	121
2180	113
2181	110
2182	103
2183	114
2184	104
2185	107
2186	115
2187	118
2188	114
2189	118
2190	109
2191	106
2192	114
2193	133
2194	108
2195	103
2196	126
2197	128
2198	122
2199	115
2200	105
2201	117
2202	87
2203	109
2204	116
2205	99
2206	96
2207	123
2208	107
2209	115
2210	114
2211	114
2212	105
2213	104
2214	128
2215	117
2216	109
2217	108
2218	111
2219	112
2220	107
2221	122
2222	118
2223	100
2224	119
2225	121
2226	109
2227	109
2228	97
2229	112
2230	99
2231	113
2232	112
2233	100
2234	102
2235	108
2236	87
2237	112
2238	109
2239	117
2240	94
2241	119
2242	114
2243	95
2244	107
2245	130
2246	114
2247	100
2248	114
2249	107
2250	102
2251	104
2252	113
2253	97
2254	118
2255	122
2256	112
2257	120
2258	97
2259	101
2260	114
2261	109
2262	103
2263	107
2264	107
2265	99
2266	101
2267	102
2268	116
2269	101
2270	113
2271	92
2272	110
2273	110
2274	109
2275	108
2276	126
2277	123
2278	108
2279	103
2280	125
2281	119
2282	98
2283	106
2284	110
2285	104
2286	93
2287	110
2288	115
2289	85
2290	117
2291	105
2292	104
2293	108
2294	117
2295	100
2296	123
2297	97
2298	100
2299	118
2300	110
2301	113
2302	98
2303	102
2304	98
2305	99
2306	119
2307	108
2308	118
2309	111
2310	99
2311	123
2312	126
2313	114
2314	117
2315	112
2316	118
2317	101
2318	98
2319	109
2320	113
2321	118
2322	119
2323	107
2324	118
2325	110
2326	95
2327	112
2328	99
2329	114
2330	115
2331	96
2332	98
2333	106
2334	100
2335	96
2336	94
2337	116
2338	116
2339	115
2340	122
2341	121
2342	120
2343	100
2344	103
2345	108
2346	118
2347	109
2348	132
2349	115
2350	105
2351	119
2352	117
2353	94
2354	99
2355	103
2356	115
2357	120
2358	119
2359	95
2360	109
2361	118
2362	107
2363	105
2364	126
2365	107
2366	98
2367	117
2368	110
2369	108
2370	97
2371	104
2372	106
2373	117
2374	106
2375	100
2376	102
2377	121
2378	108
2379	106
2380	122
2381	111
2382	101
2383	106
2384	101
2385	125
2386	99
2387	107
2388	94
2389	106
2390	110
2391	110
2392	117
2393	112
2394	107
2395	108
2396	100
2397	85
2398	105
2399	108
2400	99
2401	126
2402	103
2403	104
2404	123
2405	114
2406	103
2407	102
2408	95
2409	92
2410	111
2411	137
2412	97
2413	108
2414	117
2415	113
2416	123
2417	113
2418	105
2419	100
2420	119
2421	122
2422	114
2423	88
2424	110
2425	142
2426	109
2427	100
2428	104
2429	91
2430	95
2431	104
2432	96
2433	101
2434	106
2435	93
2436	81
2437	94
2438	104
2439	113
2440	106
2441	105
2442	99
2443	119
2444	110
2445	89
2446	122
2447	96
2448	76
2449	109
2450	103
2451	104
2452	100
2453	101
2454	96
2455	109
2456	119
2457	100
2458	125
2459	110
2460	114
2461	108
2462	115
2463	106
2464	100
2465	127
2466	115
2467	115
2468	96
2469	106
2470	115
2471	92
2472	93
2473	107
2474	109
2475	110
2476	110
2477	119
2478	97
2479	110
2480	92
2481	114
2482	108
2483	103
2484	112
2485	128
2486	111
2487	113
2488	108
2489	115
2490	88
2491	115
2492	94
2493	96
2494	105
2495	132
2496	124
2497	107
2498	113
2499	106
2500	118
2501	127
2502	99
2503	98
2504	124
2505	114
2506	123
2507	127
2508	126
2509	114
2510	112
2511	99
2512	119
2513	89
2514	96
2515	112
2516	111
2517	97
2518	98
2519	105
2520	97
2521	99
2522	125
2523	102
2524	107
2525	121
2526	112
2527	117
2528	118
2529	118
2530	101
2531	99
2532	110
2533	122
2534	99
2535	108
2536	103
2537	107
2538	104
2539	105
2540	104
2541	92
2542	108
2543	109
2544	122
2545	116
2546	97
2547	104
2548	127
2549	82
2550	119
2551	132
2552	105
2553	114
2554	116
2555	119
2556	98
2557	126
2558	101
2559	101
2560	105
2561	106
2562	114
2563	111
2564	110
2565	113
2566	120
2567	113
2568	110
2569	87
2570	112
2571	108
2572	119
2573	109
2574	122
2575	113
2576	120
2577	101
2578	101
2579	140
2580	92
2581	114
2582	106
2583	96
2584	130
2585	127
2586	96
2587	96
2588	100
2589	114
2590	115
2591	98
2592	110
2593	111
2594	114
2595	119
2596	109
2597	115
2598	108
2599	104
2600	106
2601	126
2602	115
2603	96
2604	88
2605	94
2606	112
2607	124
2608	106
2609	104
2610	116
2611	100
2612	129
2613	108
2614	125
2615	118
2616	130
2617	110
2618	127
2619	107
2620	119
2621	124
2622	132
2623	123
2624	101
2625	111
2626	123
2627	118
2628	94
2629	104
2630	104
2631	95
2632	123
2633	93
2634	118
2635	109
2636	113
2637	124
2638	101
2639	99
2640	103
2641	116
2642	95
2643	113
2644	93
2645	119
2646	119
2647	105
2648	115
2649	114
2650	97
2651	102
2652	120
2653	103
2654	119
2655	108
2656	103
2657	109
2658	92
2659	99
2660	104
2661	109
2662	94
2663	102
2664	108
2665	100
2666	114
2667	96
2668	112
2669	115
2670	112
2671	103
2672	109
2673	94
2674	96
2675	106
2676	90
2677	101
2678	111
2679	104
2680	117
2681	100
2682	127
2683	133
2684	77
2685	101
2686	105
2687	104
2688	107
2689	107
2690	114
2691	99
2692	110
2693	93
2694	115
2695	130
2696	110
2697	127
2698	104
2699	121
2700	97
2701	101
2702	85
2703	102
2704	108
2705	97
2706	105
2707	96
2708	128
2709	108
2710	102
2711	91
2712	120
2713	106
2714	100
2715	124
2716	106
2717	110
2718	99
2719	114
2720	98
2721	107
2722	111
2723	122
2724	109
2725	116
2726	124
2727	123
2728	103
2729	118
2730	101
2731	116
2732	119
2733	89
2734	124
2735	82
2736	102
2737	110
2738	113
2739	113
2740	103
2741	109
2742	114
2743	122
2744	109
2745	104
2746	109
2747	95
2748	93
2749	92
2750	103
2751	105
2752	102
2753	116
2754	101
2755	118
2756	112
2757	104
2758	109
2759	114
2760	85
2761	107
2762	112
2763	106
2764	129
2765	82
2766	121
2767	111
2768	116
2769	104
2770	111
2771	88
2772	78
2773	102
2774	87
2775	104
2776	102
2777	121
2778	104
2779	103
2780	113
2781	109
2782	97
2783	107
2784	115
2785	117
2786	114
2787	110
2788	115
2789	100
2790	101
2791	104
2792	105
2793	124
2794	83
2795	102
2796	110
2797	121
2798	104
2799	114
2800	94
2801	92
2802	104
2803	107
2804	99
2805	105
2806	107
2807	103
2808	100
2809	114
2810	108
2811	110
2812	107
2813	98
2814	122
2815	109
2816	119
2817	114
2818	116
2819	88
2820	109
2821	112
2822	93
2823	120
2824	119
2825	127
2826	105
2827	97
2828	108
2829	103
2830	113
2831	102
2832	89
2833	99
2834	103
2835	112
2836	83
2837	106
2838	91
2839	113
2840	100
2841	106
2842	88
2843	99
2844	102
2845	102
2846	107
2847	107
2848	114
2849	94
2850	106
2851	105
2852	109
2853	104
2854	102
2855	111
2856	110
2857	107
2858	109
2859	89
2860	111
2861	92
2862	116
2863	109
2864	115
2865	103
2866	110
2867	97
2868	103
2869	109
2870	131
2871	116
2872	94
2873	94
2874	110
2875	106
2876	125
2877	98
2878	115
2879	134
2880	104
2881	94
2882	103
2883	102
2884	103
2885	122
2886	108
2887	105
2888	104
2889	93
2890	115
2891	109
2892	106
2893	116
2894	83
2895	116
2896	127
2897	105
2898	104
2899	105
2900	106
2901	111
2902	112
2903	111
2904	96
2905	114
2906	101
2907	119
2908	97
2909	104
2910	112
2911	92
2912	103
2913	108
2914	94
2915	106
2916	96
2917	114
2918	114
2919	109
2920	104
2921	108
2922	101
2923	99
2924	102
2925	107
2926	112
2927	108
2928	111
2929	106
2930	110
2931	105
2932	117
2933	104
2934	100
2935	120
2936	101
2937	116
2938	101
2939	94
2940	116
2941	101
2942	105
2943	99
2944	115
2945	105
2946	122
2947	91
2948	104
2949	93
2950	110
2951	101
2952	109
2953	114
2954	112
2955	81
2956	109
2957	100
2958	106
2959	106
2960	108
2961	86
2962	115
2963	107
2964	117
2965	112
2966	91
2967	106
2968	122
2969	101
2970	123
2971	109
2972	125
2973	99
2974	121
2975	99
2976	104
2977	105
2978	109
2979	105
2980	112
2981	97
2982	113
2983	94
2984	110
2985	112
2986	105
2987	106
2988	127
2989	110
2990	113
2991	114
2992	127
2993	113
2994	130
2995	119
2996	117
2997	109
2998	116
2999	91
3000	126
3001	120
3002	105
3003	127
3004	126
3005	113
3006	133
3007	98
3008	106
3009	112
3010	112
3011	121
3012	83
3013	118
3014	106
3015	91
3016	106
3017	110
3018	97
3019	105
3020	110
3021	115
3022	113
3023	102
3024	110
3025	121
3026	115
3027	117
3028	102
3029	109
3030	110
3031	112
3032	119
3033	84
3034	112
3035	118
3036	129
3037	105
3038	105
3039	114
3040	108
3041	93
3042	108
3043	113
3044	91
3045	116
3046	117
3047	97
3048	107
3049	111
3050	117
3051	123
3052	110
3053	111
3054	105
3055	120
3056	101
3057	101
3058	113
3059	97
3060	100
3061	125
3062	122
3063	107
3064	121
3065	108
3066	119
3067	107
3068	98
3069	93
3070	100
3071	104
3072	112
3073	96
3074	121
3075	105
3076	109
3077	109
3078	119
3079	109
3080	113
3081	93
3082	96
3083	102
3084	111
3085	105
3086	112
3087	102
3088	95
3089	109
3090	93
3091	86
3092	111
3093	107
3094	108
3095	118
3096	100
3097	111
3098	125
3099	103
3100	101
3101	100
3102	125
3103	119
3104	120
3105	96
3106	101
3107	113
3108	108
3109	106
3110	111
3111	119
3112	107
3113	123
3114	107
3115	108
3116	101
3117	100
3118	108
3119	114
3120	117
3121	107
3122	111
3123	105
3124	102
3125	123
3126	101
3127	114
3128	119
3129	132
3130	130
3131	125
3132	123
3133	129
3134	95
3135	97
3136	100
3137	125
3138	115
3139	106
3140	101
3141	106
3142	95
3143	100
3144	100
3145	89
3146	109
3147	99
3148	124
3149	98
3150	115
3151	101
3152	105
3153	100
3154	98
3155	106
3156	119
3157	107
3158	125
3159	134
3160	127
3161	117
3162	103
3163	100
3164	99
3165	87
3166	107
3167	112
3168	100
3169	125
3170	124
3171	89
3172	112
3173	114
3174	99
3175	90
3176	94
3177	108
3178	101
3179	113
3180	113
3181	104
3182	110
3183	107
3184	90
3185	115
3186	103
3187	89
3188	119
3189	87
3190	110
3191	119
3192	110
3193	109
3194	90
3195	106
3196	103
3197	100
3198	106
3199	114
3200	103
3201	109
3202	107
3203	121
3204	128
3205	105
3206	92
3207	107
3208	107
3209	96
3210	124
3211	108
3212	102
3213	110
3214	110
3215	122
3216	102
3217	102
3218	115
3219	111
3220	117
3221	112
3222	105
3223	110
3224	106
3225	106
3226	106
3227	103
3228	127
3229	106
3230	118
3231	107
3232	121
3233	111
3234	114
3235	93
3236	120
3237	114
3238	113
3239	109
3240	104
3241	110
3242	108
3243	109
3244	119
3245	114
3246	96
3247	99
3248	121
3249	87
3250	103
3251	123
3252	90
3253	105
3254	114
3255	115
3256	109
3257	97
3258	103
3259	113
3260	106
3261	104
3262	108
3263	124
3264	120
3265	114
3266	89
3267	131
3268	115
3269	101
3270	102
3271	118
3272	115
3273	100
3274	109
3275	122
3276	112
3277	97
3278	78
3279	114
3280	100
3281	107
3282	122
3283	93
3284	100
3285	86
3286	105
3287	93
3288	110
3289	99
3290	93
3291	116
3292	100
3293	112
3294	105
3295	102
3296	114
3297	107
3298	121
3299	121
3300	114
3301	100
3302	106
3303	108
3304	97
3305	90
3306	108
3307	113
3308	115
3309	115
3310	115
3311	115
3312	130
3313	119
3314	106
3315	121
3316	112
3317	116
3318	110
3319	124
3320	113
3321	139
3322	97
3323	88
3324	93
3325	108
3326	125
3327	87
3328	100
3329	117
3330	103
3331	105
3332	105
3333	89
3334	116
3335	110
3336	104
3337	114
3338	110
3339	103
3340	106
3341	126
3342	103
3343	109
3344	119
3345	110
3346	101
3347	107
3348	124
3349	111
3350	107
3351	99
3352	121
3353	99
3354	111
3355	114
3356	108
3357	108
3358	115
3359	94
3360	92
3361	115
3362	140
3363	104
3364	105
3365	112
3366	125
3367	113
3368	119
3369	112
3370	119
3371	136
3372	96
3373	107
3374	136
3375	92
3376	99
3377	117
3378	113
3379	116
3380	120
3381	103
3382	113
3383	108
3384	96
3385	116
3386	88
3387	127
3388	103
3389	112
3390	124
3391	132
3392	110
3393	118
3394	121
3395	109
3396	126
3397	150
3398	138
3399	139
3400	139
3401	138
3402	118
3403	114
3404	130
3405	133
3406	102
3407	111
3408	111
3409	117
3410	110
3411	116
3412	114
3413	92
3414	115
3415	116
3416	112
3417	99
3418	131
3419	110
3420	121
3421	111
3422	108
3423	107
3424	102
3425	106
3426	101
3427	113
3428	92
3429	123
3430	111
3431	100
3432	122
3433	119
3434	116
3435	119
3436	105
3437	110
3438	109
3439	122
3440	104
3441	107
3442	122
3443	99
3444	115
3445	117
3446	103
3447	132
3448	103
3449	98
3450	87
3451	99
3452	129
3453	95
3454	111
3455	105
3456	110
3457	113
3458	108
3459	109
3460	112
3461	103
3462	114
3463	105
3464	105
3465	112
3466	106
3467	113
3468	106
3469	111
3470	112
3471	105
3472	119
3473	94
3474	101
3475	109
3476	97
3477	98
3478	100
3479	107
3480	101
3481	99
3482	123
3483	119
3484	89
3485	104
3486	109
3487	110
3488	94
3489	114
3490	107
3491	86
3492	91
3493	122
3494	120
3495	94
3496	121
3497	100
3498	113
3499	108
3500	107
3501	108
3502	122
3503	126
3504	124
3505	101
3506	112
3507	110
3508	123
3509	108
3510	107
3511	94
3512	101
3513	109
3514	112
3515	109
3516	104
3517	100
3518	116
3519	126
3520	95
3521	99
3522	105
3523	106
3524	124
3525	114
3526	114
3527	102
3528	133
3529	105
3530	113
3531	95
3532	96
3533	110
3534	105
3535	106
3536	103
3537	100
3538	119
3539	94
3540	101
3541	109
3542	116
3543	112
3544	87
3545	106
3546	124
3547	104
3548	110
3549	114
3550	112
3551	106
3552	124
3553	106
3554	108
3555	128
3556	116
3557	128
3558	98
3559	107
3560	120
3561	96
3562	100
3563	129
3564	95
3565	110
3566	104
3567	111
3568	124
3569	110
3570	104
3571	113
3572	96
3573	112
3574	119
3575	126
3576	97
3577	128
3578	116
3579	115
3580	131
3581	109
3582	103
3583	107
3584	132
3585	104
3586	133
3587	97
3588	119
3589	124
3590	104
3591	111
3592	99
3593	113
3594	123
3595	134
3596	100
3597	133
3598	98
3599	113
3600	113
3601	106
3602	125
3603	112
3604	107
3605	110
3606	117
3607	114
3608	107
3609	111
3610	122
3611	108
3612	122
3613	112
3614	110
3615	95
3616	98
3617	103
3618	93
3619	99
3620	108
3621	110
3622	117
3623	126
3624	114
3625	94
3626	105
3627	116
3628	120
3629	133
3630	105
3631	94
3632	97
3633	129
3634	125
3635	111
3636	127
3637	108
3638	104
3639	127
3640	119
3641	132
3642	125
3643	109
3644	104
3645	116
3646	102
3647	128
3648	104
3649	136
3650	113
3651	118
3652	123
3653	123
3654	92
3655	117
3656	104
3657	112
3658	104
3659	118
3660	117
3661	115
3662	115
3663	128
3664	121
3665	100
3666	115
3667	107
3668	109
3669	120
3670	118
3671	108
3672	102
3673	120
3674	91
3675	107
3676	121
3677	112
3678	122
3679	82
3680	120
3681	90
3682	137
3683	124
3684	103
3685	116
3686	124
3687	113
3688	100
3689	117
3690	109
3691	106
3692	118
3693	109
3694	113
3695	123
3696	132
3697	118
3698	106
3699	121
3700	123
3701	119
3702	121
3703	119
3704	120
3705	116
3706	114
3707	99
3708	112
3709	114
3710	118
3711	115
3712	115
3713	101
3714	111
3715	108
3716	103
3717	109
3718	120
3719	125
3720	127
3721	136
3722	106
3723	104
3724	124
3725	106
3726	127
3727	99
3728	113
3729	106
3730	115
3731	127
3732	105
3733	128
3734	117
3735	116
3736	128
3737	111
3738	114
3739	103
3740	107
3741	106
3742	119
3743	106
3744	106
3745	110
3746	119
3747	118
3748	128
3749	135
3750	122
3751	117
3752	96
3753	89
3754	100
3755	106
3756	121
3757	142
3758	111
3759	109
3760	101
3761	132
3762	112
3763	130
3764	106
3765	140
3766	116
3767	121
3768	115
3769	108
3770	104
3771	125
3772	111
3773	127
3774	116
3775	125
3776	116
3777	101
3778	112
3779	107
3780	107
3781	125
3782	107
3783	131
3784	106
3785	125
3786	116
3787	116
3788	120
3789	107
3790	119
3791	135
3792	114
3793	105
3794	125
3795	126
3796	105
3797	119
3798	117
3799	120
3800	115
3801	109
3802	140
3803	125
3804	105
3805	128
3806	135
3807	109
3808	106
3809	109
3810	104
3811	113
3812	119
3813	129
3814	130
3815	103
3816	119
3817	117
3818	111
3819	121
3820	109
3821	106
3822	103
3823	110
3824	122
3825	143
3826	134
3827	134
3828	122
3829	132
3830	96
3831	122
3832	139
3833	117
3834	125
3835	121
3836	109
3837	110
3838	132
3839	110
3840	126
3841	112
3842	106
3843	115
3844	119
3845	132
3846	133
3847	115
3848	126
3849	122
3850	123
3851	114
3852	140
3853	128
3854	107
3855	124
3856	126
3857	121
3858	109
3859	121
3860	114
3861	110
3862	105
3863	122
3864	118
3865	123
3866	146
3867	107
3868	125
3869	108
3870	115
3871	99
3872	105
3873	132
3874	103
3875	121
3876	129
3877	132
3878	120
3879	131
3880	110
3881	129
3882	97
3883	136
3884	108
3885	113
3886	122
3887	117
3888	126
3889	114
3890	118
3891	95
3892	121
3893	118
3894	100
3895	120
3896	129
3897	116
3898	125
3899	120
3900	105
3901	128
3902	139
3903	108
3904	121
3905	129
3906	129
3907	118
3908	126
3909	119
3910	113
3911	113
3912	101
3913	120
3914	120
3915	123
3916	121
3917	124
3918	127
3919	110
3920	128
3921	135
3922	117
3923	120
3924	132
3925	123
3926	132
3927	121
3928	118
3929	125
3930	128
3931	120
3932	129
3933	123
3934	130
3935	113
3936	127
3937	124
3938	111
3939	128
3940	122
3941	133
3942	93
3943	126
3944	101
3945	132
3946	109
3947	137
3948	111
3949	131
3950	120
3951	118
3952	116
3953	106
3954	127
3955	125
3956	133
3957	135
3958	118
3959	147
3960	115
3961	134
3962	130
3963	114
3964	108
3965	105
3966	126
3967	118
3968	114
3969	117
3970	116
3971	136
3972	136
3973	102
3974	120
3975	138
3976	117
3977	125
3978	137
3979	106
3980	133
3981	126
3982	130
3983	113
3984	124
3985	130
3986	119
3987	122
3988	121
3989	107
3990	123
3991	134
3992	137
3993	138
3994	151
3995	115
3996	128
3997	106
3998	101
3999	108
4000	127
4001	122
4002	141
4003	112
4004	146
4005	128
4006	126
4007	95
4008	117
4009	123
4010	111
4011	121
4012	124
4013	126
4014	126
4015	148
4016	139
4017	99
4018	109
4019	136
4020	125
4021	139
4022	114
4023	122
4024	153
4025	118
4026	125
4027	133
4028	99
4029	143
4030	112
4031	137
4032	125
4033	126
4034	132
4035	126
4036	135
4037	129
4038	123
4039	138
4040	99
4041	116
4042	154
4043	131
4044	123
4045	125
4046	138
4047	119
4048	121
4049	141
4050	101
4051	92
4052	138
4053	109
4054	126
4055	124
4056	130
4057	134
4058	128
4059	124
4060	129
4061	109
4062	110
4063	109
4064	144
4065	113
4066	123
4067	145
4068	124
4069	124
4070	132
4071	115
4072	97
4073	124
4074	112
4075	129
4076	117
4077	109
4078	107
4079	114
4080	138
4081	120
4082	114
4083	133
4084	118
4085	135
4086	123
4087	154
4088	134
4089	129
4090	128
4091	125
4092	124
4093	123
4094	140
4095	113
4096	111
4097	124
4098	129
4099	135
4100	119
4101	131
4102	131
4103	137
4104	118
4105	125
4106	134
4107	120
4108	115
4109	120
4110	116
4111	146
4112	134
4113	136
4114	105
4115	106
4116	108
4117	116
4118	124
4119	129
4120	118
4121	125
4122	122
4123	123
4124	120
4125	119
4126	116
4127	127
4128	137
4129	125
4130	115
4131	122
4132	135
4133	128
4134	125
4135	114
4136	131
4137	116
4138	125
4139	117
4140	122
4141	104
4142	116
4143	138
4144	130
4145	129
4146	120
4147	136
4148	126
4149	136
4150	141
4151	122
4152	129
4153	141
4154	124
4155	114
4156	132
4157	127
4158	132
4159	117
4160	142
4161	142
4162	126
4163	120
4164	119
4165	132
4166	153
4167	135
4168	120
4169	136
4170	143
4171	136
4172	138
4173	135
4174	123
4175	121
4176	123
4177	145
4178	112
4179	105
4180	112
4181	145
4182	137
4183	117
4184	117
4185	137
4186	148
4187	139
4188	138
4189	142
4190	120
4191	144
4192	122
4193	138
4194	140
4195	119
4196	140
4197	135
4198	126
4199	122
4200	135
4201	128
4202	121
4203	149
4204	143
4205	145
4206	137
4207	129
4208	141
4209	140
4210	133
4211	147
4212	140
4213	139
4214	127
4215	132
4216	134
4217	119
4218	146
4219	142
4220	159
4221	139
4222	151
4223	163
4224	141
4225	147
4226	132
4227	149
4228	143
4229	152
4230	154
4231	143
4232	141
4233	142
4234	121
4235	141
4236	98
4237	139
4238	138
4239	120
4240	119
4241	120
4242	143
4243	143
4244	151
4245	142
4246	120
4247	156
4248	144
4249	126
4250	124
4251	134
4252	137
4253	146
4254	132
4255	134
4256	136
4257	139
4258	122
4259	132
4260	139
4261	122
4262	121
4263	114
4264	136
4265	131
4266	143
4267	130
4268	120
4269	170
4270	128
4271	145
4272	146
4273	131
4274	112
4275	139
4276	143
4277	124
4278	143
4279	141
4280	125
4281	117
4282	129
4283	125
4284	140
4285	145
4286	146
4287	137
4288	152
4289	133
4290	132
4291	150
4292	142
4293	146
4294	142
4295	120
4296	143
4297	125
4298	143
4299	122
4300	126
4301	120
4302	125
4303	124
4304	130
4305	140
4306	160
4307	132
4308	135
4309	133
4310	131
4311	141
4312	138
4313	142
4314	151
4315	129
4316	131
4317	152
4318	125
4319	132
4320	134
4321	155
4322	134
4323	148
4324	141
4325	121
4326	142
4327	151
4328	136
4329	137
4330	140
4331	135
4332	146
4333	109
4334	143
4335	166
4336	138
4337	134
4338	151
4339	155
4340	145
4341	132
4342	124
4343	163
4344	143
4345	112
4346	118
4347	166
4348	136
4349	148
4350	149
4351	129
4352	127
4353	145
4354	160
4355	142
4356	128
4357	150
4358	123
4359	133
4360	139
4361	151
4362	143
4363	127
4364	129
4365	139
4366	110
4367	134
4368	128
4369	135
4370	148
4371	130
4372	155
4373	123
4374	129
4375	152
4376	131
4377	129
4378	133
4379	142
4380	124
4381	120
4382	148
4383	138
4384	134
4385	148
4386	132
4387	146
4388	161
4389	129
4390	163
4391	145
4392	151
4393	139
4394	135
4395	149
4396	142
4397	144
4398	127
4399	165
4400	152
4401	138
4402	166
4403	137
4404	151
4405	144
4406	134
4407	145
4408	139
4409	146
4410	164
4411	143
4412	126
4413	138
4414	133
4415	183
4416	151
4417	138
4418	139
4419	138
4420	150
4421	129
4422	141
4423	148
4424	156
4425	178
4426	154
4427	140
4428	155
4429	144
4430	149
4431	150
4432	170
4433	146
4434	144
4435	127
4436	140
4437	133
4438	146
4439	139
4440	152
4441	158
4442	133
4443	156
4444	147
4445	152
4446	117
4447	155
4448	162
4449	146
4450	151
4451	148
4452	137
4453	138
4454	141
4455	146
4456	138
4457	160
4458	133
4459	148
4460	132
4461	139
4462	141
4463	150
4464	159
4465	143
4466	141
4467	123
4468	155
4469	143
4470	143
4471	146
4472	154
4473	148
4474	143
4475	143
4476	149
4477	155
4478	169
4479	144
4480	161
4481	131
4482	140
4483	156
4484	152
4485	163
4486	134
4487	155
4488	141
4489	150
4490	133
4491	164
4492	172
4493	141
4494	147
4495	147
4496	161
4497	146
4498	163
4499	144
4500	152
4501	141
4502	158
4503	180
4504	154
4505	148
4506	162
4507	140
4508	166
4509	134
4510	147
4511	155
4512	166
4513	146
4514	162
4515	191
4516	154
4517	156
4518	146
4519	145
4520	168
4521	155
4522	154
4523	147
4524	145
4525	133
4526	138
4527	184
4528	157
4529	160
4530	155
4531	138
4532	143
4533	141
4534	169
4535	171
4536	143
4537	126
4538	144
4539	153
4540	151
4541	153
4542	140
4543	152
4544	134
4545	167
4546	125
4547	151
4548	181
4549	141
4550	155
4551	164
4552	153
4553	169
4554	162
4555	145
4556	177
4557	184
4558	151
4559	162
4560	163
4561	167
4562	131
4563	148
4564	162
4565	174
4566	163
4567	143
4568	180
4569	177
4570	145
4571	143
4572	169
4573	156
4574	148
4575	158
4576	151
4577	151
4578	159
4579	158
4580	153
4581	169
4582	176
4583	163
4584	167
4585	162
4586	179
4587	167
4588	151
4589	167
4590	177
4591	173
4592	148
4593	150
4594	173
4595	175
4596	149
4597	142
4598	174
4599	154
4600	159
4601	154
4602	158
4603	137
4604	157
4605	180
4606	171
4607	140
4608	157
4609	170
4610	179
4611	143
4612	156
4613	146
4614	182
4615	144
4616	167
4617	155
4618	158
4619	171
4620	154
4621	171
4622	169
4623	165
4624	157
4625	164
4626	164
4627	168
4628	147
4629	182
4630	144
4631	156
4632	175
4633	155
4634	152
4635	191
4636	158
4637	177
4638	176
4639	150
4640	164
4641	177
4642	148
4643	202
4644	190
4645	171
4646	152
4647	155
4648	175
4649	169
4650	156
4651	167
4652	184
4653	142
4654	160
4655	149
4656	135
4657	153
4658	166
4659	183
4660	158
4661	152
4662	166
4663	165
4664	140
4665	145
4666	173
4667	177
4668	150
4669	160
4670	186
4671	166
4672	175
4673	156
4674	166
4675	152
4676	177
4677	167
4678	175
4679	198
4680	168
4681	161
4682	168
4683	200
4684	172
4685	179
4686	187
4687	199
4688	160
4689	166
4690	189
4691	166
4692	204
4693	178
4694	175
4695	190
4696	169
4697	182
4698	190
4699	168
4700	183
4701	198
4702	156
4703	149
4704	182
4705	182
4706	168
4707	158
4708	176
4709	178
4710	165
4711	174
4712	168
4713	152
4714	185
4715	155
4716	172
4717	175
4718	159
4719	176
4720	166
4721	178
4722	192
4723	162
4724	156
4725	182
4726	191
4727	169
4728	184
4729	181
4730	187
4731	185
4732	184
4733	165
4734	170
4735	176
4736	162
4737	180
4738	175
4739	175
4740	182
4741	207
4742	171
4743	188
4744	187
4745	165
4746	175
4747	181
4748	170
4749	180
4750	205
4751	184
4752	200
4753	171
4754	181
4755	183
4756	189
4757	190
4758	168
4759	194
4760	176
4761	199
4762	194
4763	171
4764	184
4765	189
4766	214
4767	180
4768	169
4769	172
4770	163
4771	195
4772	184
4773	166
4774	178
4775	173
4776	195
4777	198
4778	164
4779	176
4780	176
4781	197
4782	193
4783	181
4784	189
4785	194
4786	166
4787	204
4788	180
4789	188
4790	173
4791	213
4792	180
4793	172
4794	197
4795	204
4796	218
4797	187
4798	175
4799	175
4800	197
4801	180
4802	184
4803	181
4804	193
4805	166
4806	207
4807	182
4808	206
4809	190
4810	188
4811	181
4812	214
4813	169
4814	229
4815	163
4816	194
4817	219
4818	205
4819	174
4820	190
4821	185
4822	203
4823	194
4824	192
4825	176
4826	206
4827	178
4828	188
4829	176
4830	194
4831	181
4832	197
4833	186
4834	200
4835	181
4836	196
4837	155
4838	194
4839	178
4840	172
4841	182
4842	193
4843	193
4844	193
4845	191
4846	212
4847	163
4848	228
4849	200
4850	191
4851	195
4852	228
4853	169
4854	206
4855	193
4856	191
4857	195
4858	173
4859	182
4860	204
4861	200
4862	184
4863	194
4864	193
4865	192
4866	193
4867	200
4868	166
4869	202
4870	203
4871	197
4872	196
4873	203
4874	196
4875	198
4876	201
4877	195
4878	217
4879	203
4880	216
4881	195
4882	181
4883	227
4884	206
4885	201
4886	223
4887	191
4888	183
4889	200
4890	173
4891	185
4892	200
4893	187
4894	180
4895	202
4896	207
4897	207
4898	194
4899	191
4900	216
4901	213
4902	206
4903	188
4904	224
4905	195
4906	198
4907	176
4908	188
4909	199
4910	215
4911	223
4912	190
4913	196
4914	234
4915	197
4916	188
4917	196
4918	183
4919	207
4920	194
4921	192
4922	205
4923	209
4924	213
4925	188
4926	203
4927	185
4928	221
4929	185
4930	188
4931	212
4932	204
4933	202
4934	199
4935	201
4936	186
4937	202
4938	194
4939	224
4940	222
4941	207
4942	233
4943	209
4944	199
4945	206
4946	193
4947	217
4948	183
4949	200
4950	188
4951	185
4952	197
4953	205
4954	167
4955	181
4956	181
4957	211
4958	157
4959	185
4960	173
4961	182
4962	201
4963	173
4964	172
4965	187
4966	182
4967	177
4968	169
4969	165
4970	199
4971	182
4972	160
4973	180
4974	158
4975	188
4976	181
4977	155
4978	161
4979	154
4980	170
4981	161
4982	150
4983	151
4984	191
4985	196
4986	143
4987	165
4988	159
4989	168
4990	159
4991	161
4992	149
4993	157
4994	147
4995	148
4996	152
4997	159
4998	146
4999	150
5000	152
5001	145
5002	161
5003	156
5004	157
5005	144
5006	157
5007	145
5008	155
5009	156
5010	126
5011	133
5012	150
5013	146
5014	139
5015	135
5016	135
5017	152
5018	142
5019	153
5020	143
5021	166
5022	157
5023	157
5024	144
5025	130
5026	134
5027	126
5028	137
5029	148
5030	162
5031	130
5032	141
5033	144
5034	148
5035	138
5036	131
5037	172
5038	132
5039	150
5040	130
5041	142
5042	144
5043	163
5044	128
5045	162
5046	130
5047	138
5048	155
5049	128
5050	135
5051	159
5052	129
5053	137
5054	144
5055	127
5056	156
5057	147
5058	142
5059	159
5060	148
5061	141
5062	148
5063	159
5064	144
5065	119
5066	139
5067	122
5068	148
5069	141
5070	153
5071	154
5072	125
5073	147
5074	140
5075	155
5076	148
5077	142
5078	132
5079	135
5080	142
5081	136
5082	165
5083	137
5084	138
5085	151
5086	128
5087	123
5088	130
5089	137
5090	128
5091	147
5092	125
5093	139
5094	146
5095	144
5096	123
5097	147
5098	122
5099	146
5100	123
5101	143
5102	138
5103	117
5104	152
5105	144
5106	121
5107	129
5108	139
5109	120
5110	141
5111	136
5112	125
5113	129
5114	145
5115	150
5116	152
5117	137
5118	146
5119	131
5120	127
5121	150
5122	129
5123	145
5124	109
5125	122
5126	123
5127	149
5128	131
5129	157
5130	137
5131	134
5132	132
5133	142
5134	143
5135	134
5136	140
5137	156
5138	133
5139	140
5140	126
5141	125
5142	148
5143	141
5144	118
5145	141
5146	138
5147	145
5148	144
5149	153
5150	160
5151	151
5152	138
5153	123
5154	145
5155	155
5156	144
5157	135
5158	134
5159	125
5160	116
5161	137
5162	142
5163	141
5164	151
5165	135
5166	138
5167	125
5168	140
5169	144
5170	109
5171	135
5172	144
5173	147
5174	120
5175	126
5176	132
5177	126
5178	120
5179	133
5180	117
5181	125
5182	146
5183	144
5184	151
5185	122
5186	124
5187	143
5188	114
5189	143
5190	137
5191	139
5192	159
5193	147
5194	135
5195	144
5196	131
5197	141
5198	138
5199	136
5200	152
5201	121
5202	128
5203	131
5204	144
5205	116
5206	127
5207	137
5208	140
5209	129
5210	124
5211	125
5212	139
5213	130
5214	130
5215	138
5216	145
5217	127
5218	136
5219	132
5220	135
5221	130
5222	143
5223	119
5224	132
5225	129
5226	155
5227	118
5228	123
5229	122
5230	105
5231	137
5232	127
5233	121
5234	146
5235	131
5236	120
5237	136
5238	115
5239	135
5240	131
5241	127
5242	123
5243	136
5244	145
5245	118
5246	136
5247	151
5248	143
5249	133
5250	143
5251	131
5252	133
5253	137
5254	145
5255	139
5256	136
5257	123
5258	137
5259	133
5260	137
5261	120
5262	124
5263	147
5264	129
5265	147
5266	135
5267	126
5268	112
5269	130
5270	139
5271	142
5272	139
5273	129
5274	131
5275	138
5276	131
5277	124
5278	120
5279	131
5280	105
5281	122
5282	139
5283	123
5284	136
5285	133
5286	126
5287	134
5288	131
5289	120
5290	155
5291	113
5292	125
5293	118
5294	126
5295	114
5296	135
5297	119
5298	107
5299	109
5300	123
5301	126
5302	130
5303	125
5304	135
5305	142
5306	118
5307	120
5308	141
5309	129
5310	115
5311	129
5312	138
5313	126
5314	107
5315	126
5316	125
5317	138
5318	129
5319	127
5320	151
5321	115
5322	134
5323	120
5324	128
5325	122
5326	104
5327	137
5328	129
5329	137
5330	139
5331	128
5332	120
5333	127
5334	143
5335	110
5336	162
5337	117
5338	133
5339	133
5340	131
5341	126
5342	143
5343	116
5344	144
5345	135
5346	129
5347	132
5348	113
5349	102
5350	120
5351	95
5352	113
5353	104
5354	115
5355	129
5356	106
5357	118
5358	125
5359	121
5360	122
5361	126
5362	125
5363	123
5364	126
5365	124
5366	114
5367	118
5368	135
5369	127
5370	136
5371	134
5372	126
5373	96
5374	114
5375	125
5376	103
5377	105
5378	129
5379	121
5380	145
5381	117
5382	136
5383	125
5384	124
5385	130
5386	130
5387	131
5388	110
5389	123
5390	123
5391	125
5392	134
5393	130
5394	115
5395	134
5396	125
5397	128
5398	140
5399	145
5400	129
5401	142
5402	111
5403	136
5404	132
5405	122
5406	110
5407	127
5408	126
5409	124
5410	126
5411	121
5412	122
5413	134
5414	108
5415	120
5416	111
5417	113
5418	117
5419	143
5420	124
5421	121
5422	120
5423	142
5424	104
5425	127
5426	120
5427	113
5428	110
5429	132
5430	137
5431	133
5432	112
5433	131
5434	137
5435	123
5436	131
5437	118
5438	111
5439	114
5440	125
5441	138
5442	126
5443	119
5444	114
5445	104
5446	124
5447	117
5448	102
5449	121
5450	117
5451	100
5452	130
5453	126
5454	116
5455	125
5456	113
5457	113
5458	123
5459	115
5460	133
5461	120
5462	124
5463	117
5464	111
5465	135
5466	107
5467	135
5468	118
5469	146
5470	88
5471	121
5472	148
5473	126
5474	123
5475	131
5476	138
5477	122
5478	99
5479	138
5480	109
5481	109
5482	108
5483	116
5484	130
5485	132
5486	128
5487	124
5488	118
5489	110
5490	119
5491	102
5492	121
5493	125
5494	114
5495	117
5496	112
5497	113
5498	123
5499	122
5500	133
5501	121
5502	111
5503	116
5504	106
5505	113
5506	124
5507	120
5508	128
5509	121
5510	118
5511	129
5512	119
5513	130
5514	120
5515	122
5516	119
5517	145
5518	127
5519	137
5520	116
5521	116
5522	125
5523	153
5524	115
5525	141
5526	122
5527	124
5528	121
5529	111
5530	123
5531	124
5532	134
5533	125
5534	112
5535	126
5536	132
5537	121
5538	115
5539	112
5540	139
5541	139
5542	114
5543	127
5544	102
5545	121
5546	116
5547	138
5548	127
5549	120
5550	119
5551	136
5552	107
5553	131
5554	121
5555	125
5556	127
5557	111
5558	132
5559	137
5560	114
5561	123
5562	134
5563	143
5564	128
5565	120
5566	116
5567	123
5568	128
5569	125
5570	122
5571	127
5572	122
5573	112
5574	130
5575	123
5576	126
5577	118
5578	121
5579	130
5580	129
5581	112
5582	132
5583	126
5584	117
5585	131
5586	118
5587	114
5588	131
5589	143
5590	141
5591	131
5592	135
5593	148
5594	125
5595	133
5596	128
5597	148
5598	136
5599	146
5600	141
5601	116
5602	137
5603	113
5604	121
5605	122
5606	136
5607	133
5608	125
5609	144
5610	156
5611	121
5612	123
5613	158
5614	149
5615	127
5616	135
5617	108
5618	114
5619	147
5620	120
5621	128
5622	119
5623	112
5624	130
5625	131
5626	131
5627	132
5628	123
5629	141
5630	131
5631	128
5632	128
5633	135
5634	137
5635	120
5636	143
5637	122
5638	138
5639	147
5640	122
5641	137
5642	124
5643	128
5644	128
5645	151
5646	127
5647	129
5648	158
5649	124
5650	111
5651	125
5652	119
5653	157
5654	126
5655	144
5656	133
5657	138
5658	129
5659	121
5660	131
5661	144
5662	139
5663	127
5664	132
5665	161
5666	145
5667	114
5668	127
5669	128
5670	122
5671	137
5672	135
5673	112
5674	124
5675	125
5676	123
5677	133
5678	152
5679	121
5680	128
5681	124
5682	127
5683	139
5684	139
5685	139
5686	120
5687	149
5688	125
5689	131
5690	133
5691	127
5692	110
5693	142
5694	145
5695	134
5696	146
5697	152
5698	123
5699	119
5700	131
5701	144
5702	114
5703	143
5704	123
5705	117
5706	126
5707	117
5708	134
5709	159
5710	141
5711	141
5712	124
5713	138
5714	126
5715	130
5716	152
5717	135
5718	133
5719	134
5720	125
5721	130
5722	130
5723	151
5724	138
5725	134
5726	124
5727	125
5728	139
5729	139
5730	152
5731	134
5732	123
5733	143
5734	129
5735	126
5736	137
5737	136
5738	136
5739	132
5740	136
5741	124
5742	124
5743	151
5744	126
5745	124
5746	111
5747	140
5748	120
5749	105
5750	130
5751	110
5752	115
5753	126
5754	117
5755	102
5756	118
5757	115
5758	117
5759	104
5760	108
5761	113
5762	108
5763	118
5764	108
5765	108
5766	118
5767	96
5768	105
5769	97
5770	136
5771	119
5772	110
5773	126
5774	109
5775	121
5776	84
5777	88
5778	117
5779	100
5780	111
5781	103
5782	85
5783	104
5784	96
5785	88
5786	97
5787	89
5788	95
5789	88
5790	90
5791	83
5792	99
5793	84
5794	99
5795	98
5796	118
5797	86
5798	94
5799	90
5800	91
5801	67
5802	92
5803	80
5804	88
5805	87
5806	90
5807	72
5808	89
5809	69
5810	87
5811	76
5812	97
5813	105
5814	87
5815	84
5816	82
5817	83
5818	73
5819	86
5820	80
5821	91
5822	69
5823	73
5824	75
5825	80
5826	96
5827	76
5828	74
5829	74
5830	90
5831	76
5832	66
5833	83
5834	76
5835	73
5836	83
5837	76
5838	61
5839	90
5840	80
5841	77
5842	87
5843	75
5844	83
5845	83
5846	65
5847	77
5848	75
5849	83
5850	85
5851	90
5852	91
5853	85
5854	87
5855	71
5856	81
5857	78
5858	67
5859	96
5860	78
5861	81
5862	73
5863	81
5864	87
5865	83
5866	69
5867	74
5868	85
5869	72
5870	62
5871	79
5872	75
5873	77
5874	62
5875	96
5876	70
5877	94
5878	70
5879	80
5880	86
5881	66
5882	68
5883	88
5884	66
5885	78
5886	79
5887	77
5888	75
5889	79
5890	76
5891	72
5892	81
5893	70
5894	85
5895	79
5896	69
5897	77
5898	81
5899	76
5900	67
5901	78
5902	76
5903	68
5904	58
5905	71
5906	82
5907	73
5908	74
5909	82
5910	81
5911	77
5912	77
5913	70
5914	62
5915	61
5916	55
5917	63
5918	69
5919	66
5920	53
5921	66
5922	65
5923	55
5924	58
5925	76
5926	81
5927	57
5928	63
5929	74
5930	74
5931	74
5932	85
5933	69
5934	68
5935	74
5936	65
5937	84
5938	62
5939	70
5940	67
5941	83
5942	85
5943	60
5944	68
5945	80
5946	87
5947	90
5948	83
5949	65
5950	57
5951	61
5952	83
5953	83
5954	69
5955	64
5956	75
5957	61
5958	68
5959	77
5960	65
5961	66
5962	59
5963	81
5964	72
5965	50
5966	69
5967	66
5968	62
5969	61
5970	72
5971	66
5972	79
5973	59
5974	74
5975	75
5976	65
5977	64
5978	73
5979	64
5980	68
5981	60
5982	62
5983	62
5984	74
5985	73
5986	57
5987	68
5988	77
5989	72
5990	71
5991	70
5992	63
5993	74
5994	74
5995	53
5996	74
5997	53
5998	70
5999	53
6000	81
6001	66
6002	82
6003	69
6004	64
6005	51
6006	53
6007	67
6008	66
6009	70
6010	89
6011	66
6012	66
6013	67
6014	56
6015	71
6016	74
6017	62
6018	61
6019	64
6020	78
6021	85
6022	64
6023	61
6024	68
6025	60
6026	90
6027	87
6028	77
6029	99
6030	101
6031	139
6032	178
6033	259
6034	417
6035	601
6036	864
6037	1339
6038	1879
6039	2579
6040	3633
6041	4636
6042	5747
6043	6584
6044	6987
6045	7364
6046	6994
6047	6293
6048	5423
6049	4350
6050	3118
6051	2170
6052	1465
6053	935
6054	550
6055	317
6056	180
6057	137
6058	96
6059	67
6060	69
6061	58
6062	65
6063	56
6064	55
6065	50
6066	56
6067	60
6068	56
6069	57
6070	61
6071	51
6072	54
6073	49
6074	58
6075	32
6076	47
6077	36
6078	43
6079	53
6080	55
6081	41
6082	39
6083	59
6084	36
6085	49
6086	44
6087	50
6088	50
6089	49
6090	42
6091	43
6092	72
6093	48
6094	46
6095	59
6096	50
6097	45
6098	51
6099	54
6100	55
6101	40
6102	49
6103	45
6104	56
6105	51
6106	46
6107	43
6108	45
6109	41
6110	56
6111	44
6112	51
6113	49
6114	36
6115	47
6116	57
6117	42
6118	42
6119	41
6120	41
6121	65
6122	44
6123	37
6124	35
6125	40
6126	41
6127	45
6128	45
6129	47
6130	48
6131	40
6132	51
6133	43
6134	38
6135	44
6136	40
6137	44
6138	36
6139	46
6140	48
6141	47
6142	37
6143	46
6144	40
6145	48
6146	51
6147	37
6148	38
6149	50
6150	49
6151	44
6152	38
6153	34
6154	45
6155	43
6156	42
6157	35
6158	49
6159	47
6160	43
6161	42
6162	43
6163	40
6164	38
6165	33
6166	37
6167	40
6168	38
6169	35
6170	42
6171	40
6172	29
6173	32
6174	33
6175	45
6176	35
6177	36
6178	34
6179	46
6180	34
6181	37
6182	37
6183	27
6184	39
6185	42
6186	40
6187	44
6188	34
6189	34
6190	27
6191	42
6192	36
6193	37
6194	46
6195	44
6196	29
6197	38
6198	32
6199	22
6200	32
6201	28
6202	44
6203	38
6204	30
6205	24
6206	44
6207	33
6208	39
6209	33
6210	38
6211	22
6212	34
6213	32
6214	27
6215	38
6216	25
6217	42
6218	37
6219	26
6220	38
6221	29
6222	26
6223	38
6224	26
6225	30
6226	28
6227	40
6228	29
6229	38
6230	30
6231	40
6232	40
6233	26
6234	26
6235	31
6236	31
6237	32
6238	29
6239	29
6240	37
6241	34
6242	30
6243	30
6244	27
6245	25
6246	21
6247	36
6248	28
6249	33
6250	30
6251	25
6252	23
6253	25
6254	28
6255	27
6256	27
6257	18
6258	27
6259	28
6260	30
6261	36
6262	25
6263	20
6264	23
6265	32
6266	25
6267	24
6268	25
6269	26
6270	41
6271	23
6272	29
6273	22
6274	19
6275	32
6276	16
6277	21
6278	24
6279	24
6280	32
6281	29
6282	28
6283	29
6284	31
6285	22
6286	21
6287	19
6288	25
6289	39
6290	23
6291	26
6292	27
6293	23
6294	25
6295	25
6296	23
6297	20
6298	17
6299	18
6300	26
6301	23
6302	21
6303	28
6304	23
6305	21
6306	30
6307	21
6308	16
6309	18
6310	19
6311	22
6312	21
6313	25
6314	23
6315	23
6316	25
6317	25
6318	18
6319	22
6320	28
6321	24
6322	27
6323	29
6324	19
6325	23
6326	24
6327	24
6328	19
6329	15
6330	18
6331	30
6332	15
6333	30
6334	18
6335	19
6336	29
6337	18
6338	27
6339	21
6340	20
6341	25
6342	25
6343	24
6344	19
6345	20
6346	15
6347	20
6348	16
6349	24
6350	23
6351	20
6352	19
6353	18
6354	15
6355	16
6356	22
6357	11
6358	28
6359	27
6360	13
6361	19
6362	17
6363	16
6364	16
6365	13
6366	21
6367	23
6368	16
6369	20
6370	18
6371	22
6372	14
6373	23
6374	20
6375	17
6376	31
6377	16
6378	32
6379	25
6380	17
6381	23
6382	18
6383	23
6384	17
6385	23
6386	22
6387	18
6388	18
6389	22
6390	17
6391	19
6392	26
6393	24
6394	18
6395	19
6396	20
6397	21
6398	20
6399	10
6400	22
6401	23
6402	22
6403	22
6404	17
6405	16
6406	19
6407	12
6408	15
6409	19
6410	15
6411	18
6412	17
6413	11
6414	21
6415	19
6416	14
6417	17
6418	14
6419	19
6420	17
6421	20
6422	19
6423	13
6424	9
6425	21
6426	17
6427	13
6428	24
6429	13
6430	18
6431	10
6432	17
6433	13
6434	13
6435	25
6436	20
6437	11
6438	23
6439	24
6440	14
6441	21
6442	15
6443	16
6444	17
6445	17
6446	14
6447	12
6448	17
6449	16
6450	16
6451	13
6452	15
6453	23
6454	11
6455	15
6456	12
6457	16
6458	14
6459	14
6460	16
6461	9
6462	14
6463	18
6464	16
6465	15
6466	15
6467	17
6468	16
6469	6
6470	23
6471	16
6472	14
6473	14
6474	18
6475	15
6476	12
6477	15
6478	19
6479	21
6480	17
6481	22
6482	13
6483	12
6484	25
6485	13
6486	13
6487	18
6488	15
6489	13
6490	15
6491	10
6492	13
6493	7
6494	19
6495	17
6496	8
6497	13
6498	16
6499	6
6500	11
6501	18
6502	5
6503	14
6504	14
6505	13
6506	8
6507	5
6508	23
6509	16
6510	17
6511	11
6512	7
6513	11
6514	17
6515	27
6516	14
6517	14
6518	9
6519	18
6520	12
6521	15
6522	11
6523	17
6524	9
6525	15
6526	20
6527	16
6528	16
6529	19
6530	21
6531	19
6532	7
6533	15
6534	13
6535	16
6536	8
6537	13
6538	15
6539	23
6540	11
6541	15
6542	14
6543	3
6544	21
6545	15
6546	7
6547	14
6548	11
6549	19
6550	12
6551	13
6552	15
6553	14
6554	15
6555	14
6556	13
6557	16
6558	15
6559	14
6560	19
6561	12
6562	13
6563	13
6564	8
6565	12
6566	14
6567	13
6568	17
6569	6
6570	21
6571	10
6572	14
6573	10
6574	20
6575	11
6576	10
6577	22
6578	17
6579	8
6580	18
6581	13
6582	13
6583	15
6584	9
6585	16
6586	16
6587	11
6588	21
6589	14
6590	9
6591	13
6592	18
6593	12
6594	19
6595	13
6596	17
6597	9
6598	12
6599	13
6600	18
6601	15
6602	9
6603	17
6604	19
6605	8
6606	6
6607	18
6608	15
6609	14
6610	12
6611	11
6612	20
6613	14
6614	14
6615	18
6616	14
6617	17
6618	14
6619	17
6620	14
6621	26
6622	18
6623	9
6624	13
6625	14
6626	10
6627	14
6628	14
6629	12
6630	10
6631	20
6632	10
6633	12
6634	16
6635	14
6636	12
6637	11
6638	12
6639	15
6640	11
6641	4
6642	14
6643	14
6644	12
6645	20
6646	11
6647	13
6648	12
6649	12
6650	12
6651	16
6652	11
6653	11
6654	14
6655	18
6656	12
6657	8
6658	11
6659	13
6660	11
6661	18
6662	16
6663	23
6664	12
6665	9
6666	11
6667	13
6668	21
6669	12
6670	16
6671	18
6672	12
6673	14
6674	12
6675	11
6676	14
6677	15
6678	17
6679	12
6680	6
6681	13
6682	12
6683	14
6684	23
6685	14
6686	13
6687	9
6688	12
6689	11
6690	14
6691	6
6692	13
6693	13
6694	16
6695	13
6696	14
6697	17
6698	9
6699	17
6700	15
6701	11
6702	9
6703	14
6704	21
6705	14
6706	16
6707	17
6708	8
6709	14
6710	15
6711	14
6712	17
6713	15
6714	13
6715	9
6716	27
6717	12
6718	17
6719	13
6720	11
6721	6
6722	15
6723	12
6724	9
6725	15
6726	12
6727	14
6728	10
6729	14
6730	9
6731	14
6732	11
6733	9
6734	8
6735	14
6736	12
6737	13
6738	14
6739	16
6740	9
6741	9
6742	11
6743	18
6744	12
6745	12
6746	18
6747	10
6748	11
6749	12
6750	16
6751	19
6752	14
6753	18
6754	18
6755	13
6756	15
6757	8
6758	17
6759	13
6760	12
6761	12
6762	14
6763	12
6764	9
6765	13
6766	24
6767	12
6768	9
6769	17
6770	18
6771	20
6772	14
6773	18
6774	14
6775	13
6776	16
6777	12
6778	18
6779	15
6780	17
6781	12
6782	16
6783	6
6784	10
6785	8
6786	18
6787	11
6788	18
6789	18
6790	10
6791	13
6792	11
6793	10
6794	12
6795	13
6796	12
6797	13
6798	12
6799	11
6800	16
6801	11
6802	16
6803	13
6804	14
6805	18
6806	18
6807	13
6808	19
6809	9
6810	15
6811	18
6812	13
6813	12
6814	12
6815	13
6816	17
6817	11
6818	15
6819	14
6820	17
6821	15
6822	8
6823	12
6824	15
6825	7
6826	12
6827	17
6828	17
6829	11
6830	14
6831	20
6832	17
6833	15
6834	19
6835	13
6836	8
6837	13
6838	17
6839	18
6840	20
6841	23
6842	23
6843	22
6844	23
6845	17
6846	23
6847	20
6848	10
6849	36
6850	34
6851	42
6852	45
6853	54
6854	75
6855	132
6856	187
6857	255
6858	416
6859	625
6860	832
6861	1206
6862	1667
6863	2133
6864	2777
6865	3473
6866	4202
6867	4725
6868	5290
6869	5585
6870	5683
6871	5395
6872	4839
6873	4323
6874	3617
6875	2802
6876	1982
6877	1454
6878	900
6879	612
6880	389
6881	199
6882	124
6883	71
6884	30
6885	24
6886	16
6887	16
6888	6
6889	5
6890	11
6891	11
6892	12
6893	7
6894	12
6895	15
6896	15
6897	6
6898	9
6899	5
6900	7
6901	8
6902	15
6903	6
6904	7
6905	7
6906	5
6907	7
6908	4
6909	9
6910	6
6911	4
6912	5
6913	6
6914	6
6915	6
6916	6
6917	6
6918	8
6919	10
6920	8
6921	6
6922	12
6923	7
6924	9
6925	6
6926	16
6927	5
6928	7
6929	5
6930	7
6931	10
6932	9
6933	6
6934	10
6935	11
6936	8
6937	10
6938	4
6939	10
6940	8
6941	7
6942	13
6943	3
6944	11
6945	6
6946	6
6947	8
6948	8
6949	7
6950	5
6951	8
6952	6
6953	3
6954	4
6955	7
6956	6
6957	7
6958	7
6959	3
6960	5
6961	4
6962	9
6963	6
6964	9
6965	8
6966	7
6967	4
6968	3
6969	7
6970	6
6971	6
6972	4
6973	2
6974	3
6975	7
6976	3
6977	8
6978	7
6979	4
6980	7
6981	5
6982	4
6983	4
6984	8
6985	3
6986	2
6987	4
6988	8
6989	5
6990	4
6991	5
6992	4
6993	7
6994	9
6995	5
6996	7
6997	4
6998	10
6999	4
7000	2
7001	2
7002	5
7003	6
7004	3
7005	4
7006	5
7007	6
7008	4
7009	5
7010	8
7011	7
7012	7
7013	10
7014	5
7015	2
7016	2
7017	7
7018	12
7019	8
7020	6
7021	5
7022	7
7023	5
7024	5
7025	4
7026	6
7027	4
7028	6
7029	5
7030	6
7031	7
7032	9
7033	14
7034	2
7035	5
7036	5
7037	7
7038	5
7039	5
7040	9
7041	5
7042	2
7043	8
7044	4
7045	7
7046	2
7047	5
7048	4
7049	7
7050	8
7051	4
7052	2
7053	9
7054	2
7055	5
7056	7
7057	6
7058	4
7059	4
7060	3
7061	3
7062	2
7063	1
7064	6
7065	5
7066	2
7067	5
7068	7
7069	2
7070	3
7071	5
7072	8
7073	5
7074	5
7075	5
7076	6
7077	1
7078	6
7079	6
7080	5
7081	2
7082	6
7083	9
7084	8
7085	9
7086	10
7087	5
7088	4
7089	2
7090	6
7091	8
7092	4
7093	6
7094	3
7095	4
7096	3
7097	5
7098	5
7099	3
7100	11
7101	4
7102	7
7103	5
7104	7
7105	5
7106	8
7107	4
7108	3
7109	4
7110	8
7111	1
7112	3
7113	6
7114	4
7115	5
7116	5
7117	4
7118	6
7119	5
7120	5
7121	8
7122	6
7123	6
7124	3
7125	7
7126	8
7127	8
7128	6
7129	5
7130	6
7131	4
7132	4
7133	2
7134	6
7135	1
7136	5
7137	3
7138	4
7139	8
7140	7
7141	1
7142	8
7143	5
7144	4
7145	7
7146	3
7147	9
7148	2
7149	6
7150	6
7151	4
7152	3
7153	6
7154	2
7155	3
7156	1
7157	4
7158	3
7159	5
7160	6
7161	10
7162	6
7163	5
7164	3
7165	8
7166	3
7167	6
7168	2
7169	4
7170	2
7171	3
7172	4
7173	5
7174	3
7175	2
7176	3
7177	8
7178	4
7179	6
7180	5
7181	6
7182	6
7183	6
7184	6
7185	7
7186	5
7187	8
7188	2
7189	5
7190	5
7191	5
7192	6
7193	5
7194	3
7195	5
7196	4
7197	5
7198	3
7199	2
7200	4
7201	3
7202	7
7203	4
7204	6
7205	3
7206	3
7207	4
7208	8
7209	6
7210	5
7211	4
7212	4
7213	3
7214	5
7215	3
7216	6
7217	3
7218	6
7219	1
7220	3
7221	5
7222	4
7223	4
7224	7
7225	11
7226	2
7227	3
7228	2
7229	7
7230	5
7231	5
7232	1
7233	4
7234	2
7235	7
7236	5
7237	6
7238	4
7239	4
7240	6
7241	6
7242	7
7243	6
7244	1
7245	5
7246	9
7247	6
7248	7
7249	5
7250	7
7251	8
7252	7
7253	8
7254	2
7255	15
7256	11
7257	14
7258	18
7259	19
7260	18
7261	15
7262	10
7263	7
7264	14
7265	5
7266	8
7267	7
7268	9
7269	2
7270	2
7271	4
7272	3
7273	2
7274	4
7275	4
7276	1
7277	4
7278	6
7279	5
7280	5
7281	5
7282	3
7283	6
7284	6
7285	4
7286	3
7287	7
7288	4
7289	5
7290	6
7291	5
7292	3
7293	5
7294	2
7295	4
7296	10
7297	5
7298	5
7299	3
7300	6
7301	7
7302	4
7303	7
7304	8
7305	3
7306	1
7307	5
7308	5
7309	4
7310	6
7311	4
7312	7
7313	5
7314	3
7315	5
7316	3
7317	5
7318	7
7319	1
7320	11
7321	7
7322	2
7323	4
7324	9
7325	7
7326	8
7327	1
7328	2
7329	4
7330	3
7331	9
7332	5
7333	3
7334	3
7335	4
7336	7
7337	2
7338	5
7339	8
7340	5
7341	3
7342	6
7343	6
7344	6
7345	6
7346	5
7347	4
7348	5
7349	5
7350	2
7351	6
7352	3
7353	0
7354	7
7355	5
7356	7
7357	4
7358	2
7359	1
7360	5
7361	4
7362	5
7363	3
7364	3
7365	3
7366	7
7367	7
7368	7
7369	1
7370	6
7371	7
7372	3
7373	1
7374	4
7375	4
7376	6
7377	6
7378	9
7379	1
7380	5
7381	7
7382	0
7383	5
7384	2
7385	1
7386	3
7387	6
7388	6
7389	4
7390	4
7391	2
7392	6
7393	5
7394	5
7395	3
7396	2
7397	5
7398	5
7399	4
7400	5
7401	4
7402	3
7403	5
7404	5
7405	3
7406	7
7407	7
7408	3
7409	2
7410	1
7411	2
7412	2
7413	4
7414	3
7415	6
7416	5
7417	4
7418	6
7419	4
7420	5
7421	5
7422	9
7423	3
7424	3
7425	6
7426	3
7427	7
7428	2
7429	5
7430	4
7431	5
7432	2
7433	4
7434	9
7435	3
7436	2
7437	6
7438	6
7439	4
7440	9
7441	3
7442	6
7443	3
7444	0
7445	5
7446	5
7447	3
7448	6
7449	5
7450	5
7451	6
7452	12
7453	5
7454	3
7455	1
7456	3
7457	8
7458	2
7459	1
7460	3
7461	4
7462	5
7463	4
7464	6
7465	3
7466	4
7467	8
7468	5
7469	1
7470	7
7471	3
7472	2
7473	6
7474	5
7475	6
7476	4
7477	8
7478	6
7479	5
7480	5
7481	2
7482	4
7483	4
7484	6
7485	4
7486	3
7487	7
7488	2
7489	2
7490	4
7491	2
7492	6
7493	3
7494	5
7495	6
7496	3
7497	3
7498	2
7499	6
7500	5
7501	5
7502	5
7503	6
7504	2
7505	8
7506	4
7507	5
7508	4
7509	6
7510	13
7511	5
7512	6
7513	4
7514	4
7515	6
7516	7
7517	7
7518	1
7519	6
7520	6
7521	7
7522	12
7523	8
7524	11
7525	12
7526	19
7527	14
7528	25
7529	36
7530	39
7531	39
7532	44
7533	42
7534	48
7535	42
7536	35
7537	27
7538	23
7539	16
7540	18
7541	2
7542	11
7543	5
7544	7
7545	6
7546	4
7547	4
7548	6
7549	0
7550	2
7551	5
7552	3
7553	3
7554	4
7555	6
7556	3
7557	3
7558	5
7559	7
7560	2
7561	5
7562	5
7563	2
7564	3
7565	2
7566	8
7567	5
7568	3
7569	3
7570	10
7571	7
7572	3
7573	3
7574	4
7575	4
7576	3
7577	3
7578	5
7579	3
7580	2
7581	5
7582	4
7583	4
7584	3
7585	2
7586	1
7587	3
7588	7
7589	4
7590	5
7591	8
7592	4
7593	4
7594	5
7595	3
7596	8
7597	3
7598	4
7599	3
7600	3
7601	5
7602	2
7603	3
7604	5
7605	3
7606	3
7607	2
7608	6
7609	3
7610	3
7611	6
7612	6
7613	4
7614	3
7615	2
7616	5
7617	9
7618	7
7619	5
7620	7
7621	2
7622	3
7623	5
7624	4
7625	3
7626	2
7627	5
7628	2
7629	4
7630	1
7631	6
7632	1
7633	4
7634	6
7635	1
7636	3
7637	7
7638	5
7639	2
7640	6
7641	4
7642	3
7643	4
7644	5
7645	2
7646	4
7647	4
7648	6
7649	0
7650	4
7651	1
7652	7
7653	1
7654	9
7655	3
7656	5
7657	3
7658	5
7659	4
7660	1
7661	6
7662	8
7663	6
7664	4
7665	3
7666	5
7667	2
7668	3
7669	3
7670	1
7671	3
7672	2
7673	3
7674	6
7675	4
7676	6
7677	4
7678	4
7679	4
7680	3
7681	3
7682	2
7683	1
7684	4
7685	6
7686	1
7687	5
7688	3
7689	5
7690	1
7691	4
7692	3
7693	3
7694	5
7695	2
7696	5
7697	2
7698	8
7699	4
7700	6
7701	2
7702	6
7703	7
7704	2
7705	4
7706	7
7707	4
7708	2
7709	4
7710	2
7711	5
7712	7
7713	1
7714	3
7715	2
7716	3
7717	7
7718	5
7719	3
7720	6
7721	6
7722	2
7723	3
7724	3
7725	7
7726	4
7727	3
7728	5
7729	1
7730	6
7731	2
7732	3
7733	1
7734	6
7735	1
7736	1
7737	2
7738	2
7739	5
7740	1
7741	5
7742	5
7743	4
7744	2
7745	2
7746	4
7747	7
7748	0
7749	4
7750	2
7751	2
7752	2
7753	2
7754	3
7755	4
7756	1
7757	3
7758	5
7759	3
7760	4
7761	4
7762	2
7763	2
7764	5
7765	5
7766	6
7767	4
7768	9
7769	4
7770	2
7771	6
7772	3
7773	3
7774	5
7775	3
7776	7
7777	4
7778	4
7779	3
7780	0
7781	3
7782	3
7783	6
7784	3
7785	5
7786	2
7787	4
7788	4
7789	7
7790	3
7791	8
7792	1
7793	3
7794	4
7795	3
7796	2
7797	3
7798	2
7799	4
7800	3
7801	3
7802	5
7803	2
7804	3
7805	5
7806	4
7807	3
7808	5
7809	5
7810	5
7811	5
7812	6
7813	3
7814	3
7815	2
7816	3
7817	3
7818	1
7819	3
7820	3
7821	2
7822	4
7823	4
7824	3
7825	3
7826	4
7827	7
7828	7
7829	2
7830	5
7831	4
7832	2
7833	3
7834	3
7835	3
7836	3
7837	6
7838	2
7839	3
7840	5
7841	3
7842	2
7843	3
7844	3
7845	2
7846	4
7847	3
7848	3
7849	4
7850	6
7851	5
7852	3
7853	2
7854	5
7855	4
7856	1
7857	3
7858	2
7859	5
7860	3
7861	4
7862	3
7863	6
7864	5
7865	3
7866	1
7867	5
7868	2
7869	0
7870	2
7871	2
7872	3
7873	3
7874	2
7875	2
7876	1
7877	7
7878	5
7879	2
7880	2
7881	5
7882	5
7883	5
7884	7
7885	3
7886	3
7887	2
7888	3
7889	6
7890	7
7891	6
7892	8
7893	2
7894	3
7895	4
7896	3
7897	1
7898	2
7899	0
7900	3
7901	10
7902	3
7903	6
7904	2
7905	7
7906	6
7907	3
7908	10
7909	3
7910	3
7911	5
7912	2
7913	0
7914	2
7915	5
7916	2
7917	2
7918	6
7919	3
7920	3
7921	3
7922	2
7923	2
7924	5
7925	5
7926	2
7927	5
7928	5
7929	3
7930	5
7931	8
7932	4
7933	2
7934	4
7935	3
7936	0
7937	4
7938	4
7939	1
7940	3
7941	3
7942	4
7943	2
7944	6
7945	2
7946	4
7947	8
7948	13
7949	4
7950	4
7951	2
7952	1
7953	3
7954	6
7955	2
7956	4
7957	2
7958	3
7959	2
7960	2
7961	6
7962	4
7963	4
7964	3
7965	2
7966	5
7967	5
7968	5
7969	4
7970	8
7971	3
7972	3
7973	2
7974	1
7975	3
7976	3
7977	6
7978	4
7979	4
7980	3
7981	3
7982	5
7983	5
7984	4
7985	4
7986	4
7987	5
7988	4
7989	4
7990	9
7991	4
7992	2
7993	5
7994	4
7995	3
7996	2
7997	7
7998	4
7999	5
8000	2
8001	3
8002	1
8003	3
8004	1
8005	0
8006	5
8007	4
8008	5
8009	6
8010	3
8011	6
8012	7
8013	7
8014	0
8015	7
8016	1
8017	3
8018	2
8019	3
8020	4
8021	6
8022	7
8023	5
8024	2
8025	3
8026	5
8027	4
8028	3
8029	1
8030	4
8031	3
8032	3
8033	7
8034	2
8035	7
8036	5
8037	5
8038	4
8039	4
8040	1
8041	3
8042	3
8043	2
8044	4
8045	5
8046	5
8047	4
8048	1
8049	1
8050	1
8051	6
8052	2
8053	4
8054	4
8055	7
8056	2
8057	2
8058	2
8059	1
8060	2
8061	6
8062	2
8063	4
8064	4
8065	3
8066	2
8067	1
8068	1
8069	2
8070	3
8071	4
8072	3
8073	4
8074	3
8075	2
8076	2
8077	5
8078	4
8079	3
8080	5
8081	3
8082	7
8083	3
8084	5
8085	5
8086	1
8087	3
8088	3
8089	3
8090	8
8091	7
8092	3
8093	1
8094	1
8095	0
8096	0
8097	1
8098	0
8099	0
8100	0
8101	0
8102	0
8103	0
8104	0
8105	0
8106	0
8107	0
8108	0
8109	0
8110	0
8111	0
8112	0
8113	0
8114	0
8115	0
8116	0
8117	0
8118	0
8119	0
8120	0
8121	0
8122	0
8123	0
8124	0
8125	0
8126	0
8127	0
8128	0
8129	0
8130	0
8131	0
8132	0
8133	0
8134	0
8135	0
8136	0
8137	0
8138	0
8139	0
8140	0
8141	0
8142	0
8143	0
8144	0
8145	0
8146	0
8147	0
8148	0
8149	0
8150	0
8151	0
8152	0
8153	0
8154	0
8155	0
8156	0
8157	0
8158	0
8159	0
8160	0
8161	0
8162	0
8163	0
8164	0
8165	0
8166	0
8167	0
8168	0
8169	0
8170	0
8171	0
8172	0
8173	0
8174	0
8175	0
8176	0
8177	0
8178	0
8179	0
8180	0
8181	0
8182	0
8183	0
8184	0
8185	0
8186	0
8187	0
8188	0
8189	0
8190	0
8191	0
