0	0
1	0
2	0
3	0
4	0
5	0
6	0
7	0
8	0
9	0
10	0
11	0
12	0
13	0
14	0
15	0
16	0
17	0
18	0
19	0
20	0
21	0
22	0
23	0
24	0
25	0
26	0
27	0
28	0
29	0
30	0
31	0
32	0
33	0
34	0
35	0
36	0
37	0
38	0
39	0
40	0
41	0
42	0
43	0
44	0
45	0
46	0
47	0
48	0
49	0
50	0
51	0
52	0
53	0
54	0
55	0
56	0
57	0
58	0
59	0
60	0
61	0
62	0
63	0
64	0
65	0
66	0
67	1
68	0
69	7
70	25
71	3
72	61
73	11
74	35
75	-14
76	1
77	58
78	-26
79	-17
80	-10
81	41
82	30
83	17
84	-15
85	2
86	28
87	8
88	-8
89	20
90	35
91	40
92	22
93	22
94	31
95	12
96	7
97	-13
98	50
99	27
100	66
101	16
102	47
103	44
104	18
105	55
106	46
107	97
108	45
109	-27
110	16
111	43
112	111
113	73
114	-1
115	55
116	43
117	-53
118	50
119	73
120	-7
121	4
122	66
123	-23
124	-19
125	-23
126	1
127	26
128	19
129	2
130	23
131	20
132	23
133	-2
134	37
135	30
136	-6
137	30
138	24
139	8
140	-45
141	0
142	32
143	-11
144	17
145	31
146	47
147	4
148	13
149	21
150	28
151	49
152	29
153	-5
154	38
155	21
156	6
157	8
158	15
159	28
160	19
161	55
162	2
163	30
164	38
165	-15
166	12
167	39
168	39
169	25
170	32
171	-1
172	-19
173	35
174	-24
175	32
176	20
177	1
178	-20
179	26
180	-14
181	-10
182	4
183	-41
184	-1
185	12
186	15
187	65
188	14
189	4
190	13
191	38
192	-15
193	34
194	-18
195	3
196	-2
197	41
198	18
199	-30
200	-7
201	14
202	0
203	-7
204	5
205	31
206	11
207	-19
208	-28
209	-4
210	29
211	24
212	15
213	19
214	32
215	37
216	26
217	27
218	24
219	20
220	13
221	-27
222	23
223	18
224	-6
225	-27
226	9
227	-13
228	-17
229	-8
230	-1
231	-9
232	-19
233	3
234	-2
235	-11
236	48
237	27
238	32
239	29
240	16
241	33
242	10
243	1
244	15
245	34
246	65
247	-9
248	47
249	-6
250	-5
251	-14
252	19
253	47
254	8
255	17
256	37
257	16
258	-2
259	25
260	37
261	20
262	62
263	45
264	9
265	4
266	17
267	4
268	5
269	-20
270	9
271	24
272	21
273	-5
274	-38
275	42
276	-19
277	58
278	-29
279	17
280	17
281	22
282	6
283	34
284	9
285	17
286	7
287	66
288	33
289	62
290	-25
291	-8
292	70
293	25
294	-13
295	-12
296	15
297	-34
298	7
299	-14
300	-21
301	42
302	0
303	-8
304	-5
305	46
306	14
307	31
308	-49
309	28
310	-14
311	62
312	-27
313	23
314	18
315	21
316	54
317	18
318	-43
319	-9
320	44
321	60
322	12
323	19
324	33
325	16
326	-5
327	21
328	47
329	-10
330	38
331	3
332	-24
333	-4
334	83
335	29
336	28
337	10
338	37
339	-14
340	-14
341	64
342	38
343	21
344	28
345	-38
346	21
347	65
348	23
349	2
350	51
351	-7
352	-18
353	9
354	-12
355	-57
356	109
357	29
358	4
359	-22
360	-5
361	50
362	-29
363	-50
364	23
365	-40
366	26
367	36
368	79
369	93
370	67
371	38
372	29
373	0
374	29
375	12
376	26
377	-27
378	-23
379	49
380	25
381	-7
382	52
383	10
384	46
385	-13
386	19
387	-1
388	-8
389	57
390	21
391	47
392	-4
393	24
394	-3
395	-15
396	35
397	14
398	-6
399	29
400	30
401	15
402	1
403	59
404	16
405	15
406	23
407	40
408	64
409	30
410	67
411	-18
412	-11
413	17
414	29
415	-41
416	-84
417	42
418	127
419	-9
420	78
421	33
422	35
423	19
424	4
425	-1
426	62
427	26
428	44
429	19
430	62
431	17
432	32
433	-7
434	-10
435	-34
436	53
437	55
438	24
439	53
440	52
441	-29
442	47
443	51
444	-27
445	-51
446	59
447	72
448	26
449	43
450	72
451	14
452	108
453	22
454	51
455	-41
456	58
457	103
458	3
459	-28
460	8
461	35
462	4
463	-8
464	45
465	-22
466	-30
467	-22
468	28
469	-9
470	88
471	65
472	-28
473	31
474	-26
475	7
476	-13
477	11
478	19
479	0
480	8
481	97
482	0
483	10
484	26
485	72
486	40
487	15
488	36
489	-67
490	66
491	-17
492	11
493	-1
494	-4
495	-23
496	30
497	30
498	62
499	25
500	67
501	21
502	18
503	48
504	-10
505	27
506	65
507	29
508	1
509	41
510	42
511	-11
512	28
513	36
514	16
515	24
516	62
517	12
518	-8
519	40
520	51
521	26
522	16
523	34
524	-32
525	-69
526	36
527	32
528	16
529	20
530	63
531	58
532	-8
533	37
534	67
535	36
536	63
537	6
538	45
539	-3
540	41
541	47
542	25
543	66
544	23
545	7
546	-4
547	-1
548	61
549	12
550	31
551	-52
552	29
553	39
554	49
555	10
556	-22
557	-16
558	29
559	-22
560	11
561	-5
562	-33
563	25
564	75
565	75
566	-1
567	64
568	26
569	-29
570	-32
571	-3
572	-35
573	27
574	28
575	32
576	42
577	50
578	54
579	57
580	-29
581	-8
582	-1
583	-19
584	9
585	9
586	90
587	86
588	42
589	8
590	21
591	17
592	35
593	11
594	40
595	9
596	-20
597	18
598	25
599	-34
600	28
601	21
602	17
603	-23
604	18
605	20
606	2
607	-6
608	16
609	-39
610	-3
611	51
612	16
613	-16
614	17
615	23
616	29
617	3
618	65
619	14
620	57
621	27
622	2
623	9
624	24
625	7
626	6
627	12
628	13
629	15
630	71
631	35
632	-2
633	73
634	45
635	18
636	8
637	33
638	57
639	-20
640	-12
641	52
642	13
643	-2
644	18
645	-14
646	34
647	-1
648	-11
649	19
650	7
651	100
652	94
653	74
654	2
655	11
656	17
657	-26
658	79
659	-8
660	-7
661	-3
662	28
663	1
664	11
665	27
666	45
667	18
668	61
669	-35
670	24
671	-10
672	-9
673	-14
674	4
675	30
676	26
677	58
678	51
679	38
680	-29
681	46
682	12
683	27
684	44
685	-12
686	0
687	-13
688	43
689	25
690	-5
691	4
692	46
693	16
694	25
695	35
696	-22
697	31
698	32
699	70
700	-24
701	37
702	52
703	74
704	43
705	23
706	74
707	16
708	31
709	4
710	26
711	55
712	22
713	-11
714	9
715	33
716	34
717	31
718	41
719	28
720	29
721	-23
722	41
723	3
724	0
725	5
726	-27
727	48
728	43
729	-15
730	-53
731	21
732	-2
733	6
734	79
735	26
736	-1
737	49
738	31
739	57
740	-61
741	1
742	22
743	36
744	24
745	37
746	33
747	13
748	15
749	27
750	31
751	32
752	26
753	-7
754	-4
755	31
756	-1
757	24
758	22
759	13
760	13
761	24
762	35
763	35
764	31
765	37
766	11
767	57
768	4
769	-28
770	-12
771	-13
772	17
773	21
774	24
775	-19
776	17
777	38
778	62
779	58
780	3
781	-11
782	47
783	-26
784	46
785	-4
786	43
787	45
788	33
789	31
790	-16
791	-4
792	27
793	30
794	17
795	40
796	45
797	23
798	27
799	15
800	49
801	2
802	56
803	-44
804	-32
805	10
806	11
807	37
808	42
809	18
810	-12
811	45
812	9
813	-34
814	21
815	33
816	44
817	7
818	20
819	-14
820	10
821	54
822	-22
823	-32
824	9
825	13
826	56
827	20
828	28
829	23
830	16
831	37
832	19
833	42
834	27
835	6
836	21
837	43
838	17
839	-6
840	3
841	-38
842	34
843	-6
844	30
845	3
846	-6
847	12
848	23
849	59
850	-17
851	78
852	9
853	5
854	31
855	-19
856	37
857	20
858	25
859	36
860	9
861	57
862	14
863	56
864	-11
865	40
866	45
867	52
868	38
869	-10
870	-23
871	42
872	-11
873	12
874	30
875	27
876	11
877	14
878	-39
879	25
880	26
881	31
882	-30
883	5
884	36
885	14
886	26
887	21
888	35
889	-6
890	9
891	8
892	69
893	35
894	41
895	-3
896	14
897	61
898	-21
899	-12
900	-11
901	46
902	-13
903	29
904	13
905	56
906	40
907	27
908	-13
909	4
910	1
911	-37
912	-5
913	43
914	-18
915	20
916	47
917	3
918	19
919	27
920	-20
921	-12
922	16
923	-2
924	-13
925	-15
926	42
927	10
928	6
929	7
930	-32
931	23
932	56
933	-2
934	10
935	-26
936	15
937	3
938	-68
939	75
940	24
941	-24
942	39
943	42
944	27
945	31
946	-27
947	21
948	-22
949	8
950	34
951	-23
952	-37
953	-1
954	-27
955	1
956	15
957	34
958	47
959	-33
960	45
961	28
962	36
963	10
964	11
965	-17
966	30
967	-29
968	18
969	1
970	19
971	19
972	21
973	-22
974	61
975	19
976	36
977	31
978	11
979	48
980	19
981	-14
982	27
983	33
984	33
985	47
986	33
987	36
988	24
989	-17
990	25
991	45
992	56
993	-13
994	-22
995	16
996	-10
997	36
998	21
999	44
1000	13
1001	49
1002	48
1003	24
1004	14
1005	7
1006	37
1007	31
1008	21
1009	-39
1010	18
1011	-2
1012	25
1013	47
1014	8
1015	-27
1016	20
1017	-55
1018	38
1019	5
1020	27
1021	25
1022	33
1023	-27
1024	9
1025	-16
1026	37
1027	17
1028	26
1029	5
1030	-41
1031	21
1032	-8
1033	-8
1034	11
1035	9
1036	20
1037	26
1038	20
1039	14
1040	32
1041	-21
1042	44
1043	4
1044	-12
1045	26
1046	14
1047	2
1048	17
1049	24
1050	29
1051	8
1052	45
1053	44
1054	-21
1055	27
1056	8
1057	-36
1058	6
1059	22
1060	-6
1061	30
1062	45
1063	-27
1064	31
1065	-22
1066	-3
1067	-7
1068	25
1069	18
1070	21
1071	-10
1072	19
1073	-23
1074	20
1075	5
1076	7
1077	-5
1078	48
1079	-42
1080	36
1081	27
1082	42
1083	8
1084	33
1085	35
1086	94
1087	-27
1088	59
1089	17
1090	21
1091	-6
1092	16
1093	45
1094	-6
1095	19
1096	5
1097	29
1098	54
1099	4
1100	32
1101	81
1102	21
1103	8
1104	30
1105	-55
1106	12
1107	-3
1108	8
1109	24
1110	-9
1111	28
1112	-4
1113	53
1114	-8
1115	38
1116	7
1117	32
1118	29
1119	41
1120	12
1121	29
1122	1
1123	-2
1124	11
1125	0
1126	27
1127	27
1128	-15
1129	21
1130	16
1131	17
1132	35
1133	58
1134	-19
1135	-8
1136	2
1137	5
1138	-26
1139	67
1140	34
1141	-21
1142	22
1143	44
1144	20
1145	26
1146	-2
1147	7
1148	-14
1149	50
1150	56
1151	35
1152	14
1153	19
1154	34
1155	4
1156	59
1157	22
1158	48
1159	7
1160	28
1161	1
1162	-3
1163	-6
1164	22
1165	19
1166	19
1167	17
1168	9
1169	9
1170	14
1171	37
1172	0
1173	-12
1174	29
1175	19
1176	14
1177	-2
1178	40
1179	35
1180	45
1181	16
1182	37
1183	-16
1184	20
1185	24
1186	39
1187	14
1188	-49
1189	20
1190	3
1191	2
1192	0
1193	-16
1194	-17
1195	10
1196	20
1197	-4
1198	10
1199	-12
1200	19
1201	11
1202	26
1203	46
1204	9
1205	-19
1206	7
1207	25
1208	31
1209	24
1210	24
1211	49
1212	73
1213	10
1214	18
1215	20
1216	17
1217	38
1218	16
1219	25
1220	2
1221	20
1222	-8
1223	21
1224	-14
1225	-8
1226	-25
1227	7
1228	-12
1229	29
1230	28
1231	8
1232	20
1233	-26
1234	17
1235	-18
1236	-1
1237	6
1238	11
1239	14
1240	-23
1241	40
1242	-15
1243	70
1244	-6
1245	12
1246	8
1247	10
1248	28
1249	-16
1250	-22
1251	26
1252	24
1253	16
1254	-17
1255	-37
1256	31
1257	14
1258	30
1259	-7
1260	28
1261	26
1262	44
1263	37
1264	41
1265	19
1266	25
1267	-10
1268	-12
1269	29
1270	19
1271	12
1272	47
1273	45
1274	-2
1275	28
1276	27
1277	-1
1278	9
1279	14
1280	24
1281	26
1282	2
1283	45
1284	28
1285	-28
1286	-4
1287	-25
1288	-17
1289	6
1290	44
1291	8
1292	11
1293	29
1294	-28
1295	44
1296	-4
1297	-20
1298	-2
1299	-33
1300	32
1301	42
1302	12
1303	26
1304	-20
1305	41
1306	7
1307	24
1308	-29
1309	8
1310	10
1311	3
1312	3
1313	33
1314	33
1315	-14
1316	14
1317	15
1318	23
1319	16
1320	13
1321	27
1322	-8
1323	10
1324	34
1325	3
1326	19
1327	2
1328	2
1329	19
1330	0
1331	21
1332	-5
1333	16
1334	3
1335	21
1336	16
1337	22
1338	-14
1339	5
1340	6
1341	-29
1342	18
1343	47
1344	48
1345	8
1346	-9
1347	5
1348	47
1349	-19
1350	22
1351	11
1352	4
1353	-5
1354	-12
1355	32
1356	-6
1357	-8
1358	11
1359	31
1360	32
1361	-3
1362	-15
1363	29
1364	30
1365	-6
1366	18
1367	37
1368	-6
1369	6
1370	17
1371	35
1372	36
1373	1
1374	35
1375	-10
1376	5
1377	12
1378	7
1379	24
1380	-12
1381	-4
1382	-22
1383	10
1384	19
1385	-32
1386	-46
1387	12
1388	17
1389	5
1390	9
1391	19
1392	20
1393	2
1394	6
1395	13
1396	-7
1397	-12
1398	0
1399	17
1400	25
1401	32
1402	-15
1403	9
1404	35
1405	31
1406	3
1407	-1
1408	16
1409	13
1410	-4
1411	11
1412	6
1413	10
1414	4
1415	19
1416	10
1417	-14
1418	-11
1419	-21
1420	51
1421	21
1422	-12
1423	37
1424	-33
1425	1
1426	9
1427	24
1428	29
1429	-30
1430	15
1431	-8
1432	-8
1433	3
1434	14
1435	43
1436	31
1437	27
1438	-4
1439	4
1440	-16
1441	-7
1442	-29
1443	-7
1444	-8
1445	29
1446	16
1447	16
1448	25
1449	20
1450	-2
1451	11
1452	46
1453	9
1454	-20
1455	-1
1456	18
1457	29
1458	22
1459	-3
1460	18
1461	10
1462	17
1463	44
1464	32
1465	16
1466	34
1467	1
1468	13
1469	0
1470	30
1471	-9
1472	-11
1473	46
1474	37
1475	-45
1476	6
1477	29
1478	11
1479	21
1480	20
1481	-5
1482	-19
1483	9
1484	16
1485	14
1486	40
1487	14
1488	0
1489	36
1490	-3
1491	5
1492	21
1493	19
1494	9
1495	1
1496	2
1497	7
1498	47
1499	-7
1500	42
1501	17
1502	-20
1503	3
1504	24
1505	21
1506	-13
1507	-28
1508	-14
1509	2
1510	25
1511	22
1512	2
1513	20
1514	-5
1515	-26
1516	3
1517	0
1518	7
1519	0
1520	32
1521	10
1522	19
1523	36
1524	-13
1525	11
1526	-10
1527	31
1528	21
1529	9
1530	-7
1531	25
1532	6
1533	0
1534	-17
1535	30
1536	-11
1537	-4
1538	27
1539	-8
1540	19
1541	-4
1542	8
1543	30
1544	-6
1545	-8
1546	8
1547	26
1548	14
1549	6
1550	1
1551	23
1552	11
1553	21
1554	-3
1555	-5
1556	20
1557	12
1558	26
1559	-8
1560	-15
1561	-14
1562	-1
1563	-18
1564	39
1565	17
1566	-3
1567	36
1568	3
1569	-2
1570	16
1571	0
1572	-7
1573	30
1574	-6
1575	42
1576	12
1577	54
1578	-45
1579	25
1580	-15
1581	-10
1582	22
1583	-5
1584	23
1585	-9
1586	-2
1587	43
1588	19
1589	13
1590	23
1591	-8
1592	15
1593	48
1594	12
1595	-16
1596	-16
1597	34
1598	-10
1599	0
1600	-5
1601	36
1602	8
1603	18
1604	5
1605	27
1606	7
1607	-2
1608	15
1609	44
1610	11
1611	41
1612	1
1613	-9
1614	-25
1615	0
1616	37
1617	-13
1618	44
1619	9
1620	-6
1621	10
1622	16
1623	-12
1624	-15
1625	15
1626	13
1627	39
1628	3
1629	33
1630	4
1631	-37
1632	-4
1633	0
1634	-16
1635	2
1636	4
1637	8
1638	-12
1639	-36
1640	36
1641	22
1642	26
1643	4
1644	11
1645	6
1646	24
1647	19
1648	6
1649	36
1650	12
1651	18
1652	22
1653	17
1654	-3
1655	0
1656	22
1657	-6
1658	33
1659	-7
1660	30
1661	1
1662	9
1663	27
1664	1
1665	22
1666	33
1667	-28
1668	-6
1669	26
1670	8
1671	-5
1672	-2
1673	-28
1674	11
1675	30
1676	-6
1677	37
1678	14
1679	13
1680	18
1681	15
1682	5
1683	13
1684	4
1685	12
1686	26
1687	11
1688	3
1689	5
1690	14
1691	29
1692	-13
1693	20
1694	21
1695	17
1696	-3
1697	1
1698	-2
1699	-1
1700	18
1701	18
1702	0
1703	22
1704	5
1705	-3
1706	4
1707	-2
1708	12
1709	-2
1710	-5
1711	15
1712	19
1713	-6
1714	27
1715	24
1716	24
1717	27
1718	5
1719	-5
1720	4
1721	2
1722	-4
1723	-5
1724	9
1725	9
1726	30
1727	20
1728	-1
1729	-3
1730	31
1731	25
1732	-4
1733	27
1734	11
1735	-16
1736	14
1737	5
1738	-13
1739	3
1740	12
1741	33
1742	13
1743	-10
1744	-13
1745	13
1746	-7
1747	20
1748	7
1749	-1
1750	25
1751	6
1752	-1
1753	-30
1754	22
1755	6
1756	-3
1757	-18
1758	-5
1759	24
1760	-6
1761	15
1762	1
1763	-26
1764	13
1765	21
1766	5
1767	0
1768	14
1769	-15
1770	18
1771	22
1772	-3
1773	2
1774	-14
1775	8
1776	-6
1777	26
1778	31
1779	-15
1780	39
1781	25
1782	39
1783	9
1784	-6
1785	-14
1786	29
1787	16
1788	2
1789	16
1790	2
1791	-36
1792	-9
1793	-19
1794	11
1795	21
1796	62
1797	0
1798	-7
1799	-8
1800	4
1801	-38
1802	10
1803	13
1804	0
1805	-11
1806	7
1807	0
1808	21
1809	22
1810	-25
1811	15
1812	-9
1813	21
1814	13
1815	25
1816	26
1817	1
1818	26
1819	6
1820	25
1821	20
1822	-7
1823	7
1824	11
1825	28
1826	17
1827	-13
1828	-28
1829	-29
1830	-6
1831	21
1832	3
1833	1
1834	-5
1835	-24
1836	-9
1837	4
1838	4
1839	4
1840	-2
1841	29
1842	12
1843	-22
1844	-34
1845	-8
1846	26
1847	-2
1848	-23
1849	-28
1850	3
1851	23
1852	16
1853	1
1854	-20
1855	-19
1856	21
1857	30
1858	22
1859	-1
1860	12
1861	3
1862	16
1863	30
1864	14
1865	1
1866	0
1867	27
1868	35
1869	9
1870	-15
1871	-6
1872	-20
1873	0
1874	8
1875	11
1876	-1
1877	2
1878	14
1879	0
1880	0
1881	15
1882	19
1883	1
1884	7
1885	26
1886	-9
1887	-4
1888	-23
1889	5
1890	-28
1891	26
1892	3
1893	25
1894	14
1895	7
1896	21
1897	26
1898	33
1899	3
1900	-1
1901	-3
1902	1
1903	8
1904	22
1905	6
1906	14
1907	-6
1908	-12
1909	-21
1910	11
1911	-11
1912	7
1913	32
1914	9
1915	-8
1916	32
1917	0
1918	12
1919	5
1920	-23
1921	4
1922	36
1923	-1
1924	19
1925	11
1926	18
1927	-19
1928	9
1929	-9
1930	-5
1931	30
1932	13
1933	16
1934	16
1935	-8
1936	5
1937	-8
1938	-9
1939	2
1940	-1
1941	10
1942	12
1943	9
1944	1
1945	39
1946	7
1947	32
1948	-5
1949	11
1950	18
1951	-2
1952	18
1953	39
1954	-9
1955	0
1956	21
1957	12
1958	-6
1959	26
1960	23
1961	-21
1962	17
1963	11
1964	14
1965	37
1966	10
1967	23
1968	-13
1969	4
1970	-12
1971	5
1972	10
1973	25
1974	-1
1975	25
1976	-12
1977	0
1978	4
1979	24
1980	5
1981	-9
1982	5
1983	21
1984	23
1985	8
1986	-14
1987	-26
1988	0
1989	16
1990	22
1991	9
1992	10
1993	-8
1994	-18
1995	17
1996	13
1997	-7
1998	-16
1999	-11
2000	25
2001	14
2002	21
2003	21
2004	17
2005	6
2006	1
2007	27
2008	31
2009	-3
2010	23
2011	-3
2012	4
2013	6
2014	27
2015	3
2016	2
2017	-11
2018	-18
2019	-20
2020	-19
2021	-7
2022	5
2023	17
2024	-21
2025	15
2026	-13
2027	-10
2028	29
2029	-2
2030	2
2031	26
2032	6
2033	3
2034	3
2035	-17
2036	6
2037	-9
2038	9
2039	14
2040	-2
2041	-8
2042	18
2043	-10
2044	1
2045	0
2046	13
2047	8
2048	-4
2049	-15
2050	-4
2051	-3
2052	-3
2053	-9
2054	35
2055	6
2056	-10
2057	13
2058	10
2059	-2
2060	7
2061	10
2062	5
2063	8
2064	-5
2065	26
2066	9
2067	-7
2068	6
2069	3
2070	5
2071	19
2072	8
2073	5
2074	-18
2075	16
2076	1
2077	-6
2078	27
2079	-10
2080	-2
2081	46
2082	5
2083	12
2084	3
2085	-22
2086	7
2087	8
2088	0
2089	-15
2090	6
2091	30
2092	1
2093	-7
2094	-4
2095	22
2096	-16
2097	5
2098	1
2099	-3
2100	3
2101	-21
2102	17
2103	2
2104	1
2105	-13
2106	9
2107	-5
2108	-11
2109	21
2110	9
2111	3
2112	-10
2113	-11
2114	28
2115	18
2116	11
2117	-21
2118	21
2119	-3
2120	0
2121	19
2122	15
2123	1
2124	23
2125	-1
2126	12
2127	-2
2128	-6
2129	-6
2130	-18
2131	4
2132	6
2133	-2
2134	7
2135	2
2136	-17
2137	18
2138	-10
2139	-1
2140	21
2141	-5
2142	-1
2143	16
2144	15
2145	-4
2146	4
2147	21
2148	18
2149	45
2150	-5
2151	34
2152	-14
2153	12
2154	-1
2155	8
2156	13
2157	5
2158	21
2159	20
2160	0
2161	20
2162	1
2163	-3
2164	-14
2165	21
2166	2
2167	-6
2168	-26
2169	24
2170	16
2171	-16
2172	-6
2173	38
2174	4
2175	-7
2176	-2
2177	2
2178	-9
2179	12
2180	-4
2181	-6
2182	11
2183	7
2184	-3
2185	12
2186	36
2187	-15
2188	22
2189	14
2190	-15
2191	-19
2192	-10
2193	4
2194	-23
2195	14
2196	15
2197	-11
2198	8
2199	-11
2200	4
2201	-22
2202	1
2203	17
2204	3
2205	7
2206	-23
2207	-15
2208	-1
2209	20
2210	-6
2211	26
2212	4
2213	12
2214	15
2215	25
2216	5
2217	-13
2218	-16
2219	13
2220	5
2221	18
2222	2
2223	22
2224	14
2225	25
2226	1
2227	-6
2228	14
2229	-8
2230	-24
2231	41
2232	23
2233	-27
2234	5
2235	36
2236	-4
2237	18
2238	-10
2239	17
2240	28
2241	-14
2242	5
2243	24
2244	8
2245	9
2246	1
2247	41
2248	12
2249	-4
2250	11
2251	7
2252	17
2253	19
2254	7
2255	22
2256	5
2257	-3
2258	17
2259	20
2260	-2
2261	-9
2262	12
2263	1
2264	28
2265	29
2266	10
2267	14
2268	20
2269	9
2270	9
2271	-1
2272	27
2273	-5
2274	-6
2275	10
2276	13
2277	19
2278	9
2279	15
2280	2
2281	17
2282	16
2283	31
2284	-17
2285	-6
2286	-4
2287	21
2288	9
2289	14
2290	24
2291	-8
2292	27
2293	-7
2294	6
2295	7
2296	-3
2297	24
2298	16
2299	6
2300	-14
2301	6
2302	9
2303	24
2304	6
2305	10
2306	11
2307	16
2308	0
2309	3
2310	2
2311	-13
2312	11
2313	-3
2314	4
2315	5
2316	3
2317	30
2318	11
2319	-4
2320	14
2321	11
2322	6
2323	2
2324	6
2325	11
2326	-7
2327	-17
2328	47
2329	-13
2330	17
2331	5
2332	-6
2333	-2
2334	19
2335	-4
2336	-8
2337	2
2338	9
2339	32
2340	-22
2341	-6
2342	-5
2343	34
2344	-3
2345	34
2346	4
2347	18
2348	-26
2349	6
2350	18
2351	24
2352	2
2353	16
2354	-2
2355	-5
2356	36
2357	5
2358	-18
2359	12
2360	11
2361	9
2362	22
2363	22
2364	9
2365	7
2366	9
2367	9
2368	-17
2369	1
2370	18
2371	16
2372	16
2373	14
2374	14
2375	-4
2376	7
2377	22
2378	9
2379	12
2380	24
2381	-14
2382	8
2383	10
2384	-4
2385	-5
2386	-2
2387	10
2388	14
2389	23
2390	32
2391	-16
2392	-3
2393	3
2394	5
2395	0
2396	16
2397	8
2398	-5
2399	-2
2400	-4
2401	-13
2402	9
2403	10
2404	-13
2405	-9
2406	-11
2407	-16
2408	-10
2409	32
2410	8
2411	16
2412	-4
2413	-4
2414	16
2415	-11
2416	-4
2417	-8
2418	28
2419	-15
2420	13
2421	-11
2422	19
2423	-4
2424	10
2425	-12
2426	-5
2427	16
2428	-11
2429	20
2430	16
2431	-12
2432	17
2433	13
2434	4
2435	26
2436	-10
2437	5
2438	12
2439	15
2440	-14
2441	21
2442	-2
2443	16
2444	0
2445	-9
2446	-11
2447	5
2448	16
2449	40
2450	-11
2451	20
2452	7
2453	-4
2454	-4
2455	7
2456	-8
2457	15
2458	28
2459	3
2460	17
2461	11
2462	-7
2463	-5
2464	-11
2465	4
2466	7
2467	19
2468	2
2469	15
2470	10
2471	36
2472	-17
2473	-4
2474	13
2475	24
2476	31
2477	5
2478	4
2479	22
2480	9
2481	6
2482	10
2483	-2
2484	5
2485	-8
2486	20
2487	2
2488	4
2489	-2
2490	15
2491	8
2492	15
2493	14
2494	4
2495	0
2496	19
2497	13
2498	-22
2499	23
2500	-12
2501	-3
2502	2
2503	-22
2504	-19
2505	8
2506	26
2507	18
2508	14
2509	13
2510	9
2511	2
2512	3
2513	-1
2514	-11
2515	7
2516	6
2517	0
2518	4
2519	11
2520	14
2521	13
2522	-2
2523	4
2524	-7
2525	15
2526	3
2527	-22
2528	5
2529	14
2530	11
2531	10
2532	10
2533	-22
2534	5
2535	-1
2536	-5
2537	4
2538	-5
2539	-4
2540	17
2541	1
2542	17
2543	-32
2544	-2
2545	-4
2546	12
2547	13
2548	2
2549	14
2550	-7
2551	-12
2552	-13
2553	-15
2554	20
2555	18
2556	2
2557	-10
2558	16
2559	6
2560	-1
2561	15
2562	26
2563	23
2564	3
2565	15
2566	23
2567	-29
2568	8
2569	-6
2570	14
2571	0
2572	-13
2573	-4
2574	1
2575	8
2576	-9
2577	15
2578	-7
2579	9
2580	-3
2581	7
2582	-2
2583	-3
2584	15
2585	-5
2586	19
2587	15
2588	-11
2589	-1
2590	-3
2591	1
2592	10
2593	14
2594	-20
2595	18
2596	-4
2597	8
2598	6
2599	-2
2600	5
2601	-3
2602	-1
2603	-21
2604	15
2605	14
2606	12
2607	11
2608	-2
2609	34
2610	16
2611	0
2612	-6
2613	2
2614	-16
2615	23
2616	8
2617	-15
2618	7
2619	14
2620	24
2621	-11
2622	3
2623	8
2624	-6
2625	10
2626	24
2627	-12
2628	-12
2629	8
2630	-13
2631	17
2632	5
2633	33
2634	-6
2635	25
2636	17
2637	6
2638	15
2639	11
2640	0
2641	-20
2642	6
2643	-15
2644	-13
2645	11
2646	15
2647	35
2648	6
2649	3
2650	11
2651	11
2652	3
2653	10
2654	17
2655	1
2656	11
2657	-1
2658	0
2659	-4
2660	14
2661	9
2662	-18
2663	20
2664	-9
2665	-15
2666	16
2667	9
2668	-8
2669	1
2670	15
2671	5
2672	16
2673	1
2674	1
2675	17
2676	3
2677	-16
2678	-17
2679	-1
2680	14
2681	14
2682	-16
2683	16
2684	15
2685	21
2686	22
2687	-13
2688	4
2689	-10
2690	11
2691	18
2692	3
2693	20
2694	13
2695	-1
2696	-2
2697	-13
2698	35
2699	6
2700	4
2701	-6
2702	19
2703	-2
2704	-2
2705	21
2706	2
2707	11
2708	12
2709	8
2710	-10
2711	7
2712	2
2713	-5
2714	0
2715	9
2716	9
2717	-27
2718	11
2719	-12
2720	23
2721	15
2722	7
2723	-3
2724	9
2725	-3
2726	12
2727	-1
2728	3
2729	28
2730	18
2731	8
2732	-2
2733	-3
2734	5
2735	2
2736	8
2737	11
2738	10
2739	-4
2740	7
2741	0
2742	-2
2743	18
2744	-20
2745	11
2746	-1
2747	0
2748	-2
2749	-5
2750	7
2751	7
2752	-8
2753	11
2754	14
2755	-8
2756	-8
2757	-6
2758	-16
2759	1
2760	18
2761	2
2762	5
2763	8
2764	9
2765	-3
2766	-20
2767	6
2768	21
2769	15
2770	20
2771	19
2772	0
2773	9
2774	8
2775	-4
2776	-1
2777	15
2778	-3
2779	-2
2780	3
2781	-12
2782	28
2783	21
2784	-2
2785	6
2786	17
2787	-3
2788	-3
2789	16
2790	-7
2791	10
2792	-10
2793	5
2794	7
2795	-5
2796	32
2797	20
2798	2
2799	6
2800	0
2801	17
2802	21
2803	-4
2804	5
2805	0
2806	1
2807	18
2808	16
2809	0
2810	5
2811	-3
2812	2
2813	13
2814	8
2815	-5
2816	14
2817	12
2818	16
2819	-3
2820	0
2821	4
2822	5
2823	2
2824	-4
2825	-10
2826	0
2827	-6
2828	-14
2829	1
2830	13
2831	-3
2832	5
2833	5
2834	5
2835	-18
2836	-2
2837	12
2838	10
2839	21
2840	41
2841	16
2842	5
2843	-7
2844	22
2845	-10
2846	4
2847	11
2848	-11
2849	-14
2850	7
2851	4
2852	14
2853	11
2854	8
2855	0
2856	-1
2857	8
2858	16
2859	13
2860	13
2861	12
2862	-2
2863	-2
2864	25
2865	-4
2866	-9
2867	6
2868	11
2869	-2
2870	-9
2871	4
2872	7
2873	15
2874	17
2875	-2
2876	-5
2877	0
2878	6
2879	16
2880	5
2881	21
2882	-1
2883	-6
2884	-16
2885	-6
2886	19
2887	-5
2888	24
2889	9
2890	18
2891	-10
2892	17
2893	4
2894	16
2895	14
2896	13
2897	-3
2898	9
2899	17
2900	9
2901	-4
2902	-15
2903	1
2904	7
2905	14
2906	13
2907	-2
2908	14
2909	-8
2910	-13
2911	-2
2912	11
2913	8
2914	5
2915	12
2916	10
2917	9
2918	0
2919	14
2920	6
2921	15
2922	6
2923	10
2924	-3
2925	2
2926	24
2927	1
2928	12
2929	-14
2930	-21
2931	-5
2932	4
2933	-8
2934	4
2935	18
2936	14
2937	-3
2938	1
2939	-12
2940	-5
2941	-1
2942	5
2943	-5
2944	-2
2945	1
2946	19
2947	-5
2948	-21
2949	-8
2950	5
2951	18
2952	1
2953	5
2954	-4
2955	15
2956	-5
2957	18
2958	8
2959	1
2960	-5
2961	3
2962	23
2963	9
2964	18
2965	5
2966	25
2967	5
2968	26
2969	7
2970	-4
2971	-6
2972	-3
2973	2
2974	-7
2975	8
2976	-1
2977	-5
2978	9
2979	-4
2980	-5
2981	18
2982	13
2983	-5
2984	-1
2985	23
2986	-3
2987	11
2988	-12
2989	14
2990	-11
2991	25
2992	11
2993	-14
2994	19
2995	22
2996	14
2997	12
2998	-1
2999	-10
3000	-3
3001	7
3002	-7
3003	19
3004	15
3005	5
3006	-3
3007	11
3008	-4
3009	4
3010	1
3011	-4
3012	12
3013	-13
3014	-4
3015	-1
3016	2
3017	6
3018	-8
3019	15
3020	1
3021	5
3022	-6
3023	10
3024	2
3025	2
3026	16
3027	18
3028	16
3029	9
3030	16
3031	13
3032	4
3033	-1
3034	6
3035	20
3036	20
3037	-3
3038	-6
3039	19
3040	-5
3041	13
3042	-1
3043	9
3044	2
3045	16
3046	5
3047	3
3048	-1
3049	12
3050	4
3051	5
3052	16
3053	4
3054	16
3055	9
3056	11
3057	8
3058	3
3059	-13
3060	-25
3061	10
3062	-2
3063	-7
3064	-2
3065	19
3066	5
3067	0
3068	12
3069	-6
3070	10
3071	-2
3072	-4
3073	2
3074	-10
3075	10
3076	11
3077	-7
3078	-5
3079	3
3080	-18
3081	8
3082	1
3083	12
3084	16
3085	-4
3086	-1
3087	1
3088	-8
3089	-2
3090	-2
3091	-8
3092	-6
3093	11
3094	-2
3095	15
3096	-5
3097	6
3098	-9
3099	11
3100	18
3101	9
3102	-3
3103	-8
3104	-22
3105	7
3106	15
3107	12
3108	1
3109	-5
3110	3
3111	-8
3112	-6
3113	2
3114	4
3115	1
3116	-2
3117	8
3118	-13
3119	13
3120	21
3121	18
3122	1
3123	-3
3124	41
3125	20
3126	32
3127	2
3128	10
3129	6
3130	-7
3131	14
3132	19
3133	-11
3134	-18
3135	4
3136	-24
3137	-14
3138	14
3139	0
3140	-3
3141	-17
3142	-13
3143	-18
3144	1
3145	2
3146	11
3147	-2
3148	4
3149	12
3150	-2
3151	-8
3152	-8
3153	-1
3154	16
3155	10
3156	6
3157	10
3158	-8
3159	-5
3160	-6
3161	-6
3162	23
3163	1
3164	9
3165	24
3166	-4
3167	18
3168	6
3169	14
3170	3
3171	-3
3172	5
3173	2
3174	-3
3175	-5
3176	18
3177	-5
3178	-9
3179	-3
3180	0
3181	-5
3182	-3
3183	1
3184	11
3185	12
3186	9
3187	13
3188	-15
3189	10
3190	9
3191	24
3192	-6
3193	-2
3194	35
3195	-6
3196	11
3197	-10
3198	20
3199	16
3200	10
3201	-4
3202	-6
3203	-13
3204	23
3205	-13
3206	4
3207	22
3208	7
3209	5
3210	5
3211	8
3212	0
3213	14
3214	2
3215	13
3216	5
3217	9
3218	6
3219	5
3220	13
3221	9
3222	2
3223	8
3224	-1
3225	2
3226	14
3227	1
3228	13
3229	30
3230	-10
3231	-13
3232	-1
3233	1
3234	-15
3235	21
3236	13
3237	9
3238	11
3239	17
3240	3
3241	5
3242	-4
3243	-5
3244	0
3245	13
3246	19
3247	19
3248	15
3249	0
3250	15
3251	2
3252	-4
3253	28
3254	16
3255	-9
3256	-4
3257	-5
3258	-3
3259	15
3260	27
3261	11
3262	-7
3263	8
3264	9
3265	-10
3266	1
3267	5
3268	0
3269	-1
3270	8
3271	24
3272	9
3273	10
3274	-8
3275	11
3276	-2
3277	1
3278	-11
3279	18
3280	9
3281	-4
3282	-7
3283	-12
3284	-5
3285	20
3286	-5
3287	-11
3288	-11
3289	8
3290	19
3291	4
3292	-5
3293	9
3294	-4
3295	4
3296	-9
3297	1
3298	7
3299	-2
3300	6
3301	9
3302	-2
3303	2
3304	4
3305	2
3306	28
3307	6
3308	13
3309	-10
3310	-8
3311	16
3312	22
3313	4
3314	21
3315	4
3316	-1
3317	-5
3318	3
3319	-14
3320	-7
3321	11
3322	-7
3323	12
3324	9
3325	-10
3326	20
3327	-8
3328	-3
3329	14
3330	21
3331	22
3332	1
3333	-5
3334	7
3335	6
3336	16
3337	-16
3338	11
3339	1
3340	-1
3341	5
3342	12
3343	0
3344	16
3345	-3
3346	-6
3347	11
3348	0
3349	20
3350	-4
3351	7
3352	-1
3353	4
3354	0
3355	14
3356	21
3357	9
3358	4
3359	4
3360	-1
3361	-7
3362	11
3363	12
3364	-12
3365	-7
3366	11
3367	2
3368	6
3369	-5
3370	4
3371	-1
3372	-8
3373	7
3374	15
3375	-34
3376	3
3377	19
3378	-7
3379	-1
3380	-7
3381	-10
3382	-6
3383	16
3384	17
3385	-1
3386	10
3387	5
3388	-4
3389	7
3390	4
3391	0
3392	8
3393	16
3394	30
3395	23
3396	14
3397	67
3398	27
3399	44
3400	90
3401	-68
3402	-82
3403	-83
3404	-77
3405	-102
3406	-59
3407	-23
3408	25
3409	9
3410	-8
3411	1
3412	21
3413	8
3414	12
3415	-12
3416	-4
3417	-9
3418	18
3419	4
3420	6
3421	6
3422	11
3423	20
3424	2
3425	14
3426	-8
3427	-3
3428	5
3429	-13
3430	-12
3431	13
3432	0
3433	3
3434	4
3435	-8
3436	-14
3437	14
3438	-10
3439	7
3440	-5
3441	-8
3442	5
3443	2
3444	5
3445	16
3446	8
3447	18
3448	18
3449	1
3450	15
3451	17
3452	-2
3453	-2
3454	20
3455	1
3456	-1
3457	-7
3458	10
3459	3
3460	9
3461	13
3462	4
3463	10
3464	16
3465	20
3466	-7
3467	3
3468	12
3469	8
3470	0
3471	7
3472	11
3473	12
3474	10
3475	15
3476	5
3477	11
3478	6
3479	-2
3480	27
3481	13
3482	-1
3483	8
3484	11
3485	14
3486	-14
3487	11
3488	-17
3489	13
3490	8
3491	2
3492	0
3493	-36
3494	4
3495	21
3496	6
3497	-8
3498	0
3499	16
3500	13
3501	5
3502	7
3503	11
3504	2
3505	-7
3506	6
3507	2
3508	4
3509	5
3510	5
3511	-4
3512	-6
3513	12
3514	11
3515	6
3516	-18
3517	17
3518	9
3519	0
3520	12
3521	14
3522	9
3523	8
3524	-5
3525	12
3526	11
3527	-2
3528	-13
3529	-10
3530	6
3531	-14
3532	-2
3533	14
3534	-6
3535	6
3536	-4
3537	8
3538	1
3539	9
3540	18
3541	15
3542	5
3543	0
3544	-13
3545	-10
3546	4
3547	16
3548	-1
3549	-10
3550	14
3551	13
3552	6
3553	-16
3554	-14
3555	-13
3556	3
3557	-10
3558	0
3559	13
3560	-9
3561	5
3562	12
3563	-10
3564	-4
3565	5
3566	-3
3567	14
3568	9
3569	-5
3570	7
3571	6
3572	11
3573	-1
3574	5
3575	8
3576	-4
3577	1
3578	-13
3579	-1
3580	8
3581	-6
3582	6
3583	-2
3584	1
3585	0
3586	-13
3587	12
3588	-11
3589	9
3590	-2
3591	-15
3592	-1
3593	-2
3594	-2
3595	3
3596	3
3597	4
3598	-3
3599	5
3600	-8
3601	10
3602	-2
3603	-2
3604	-8
3605	-10
3606	23
3607	13
3608	1
3609	17
3610	-10
3611	23
3612	4
3613	5
3614	0
3615	29
3616	4
3617	1
3618	-18
3619	8
3620	-10
3621	9
3622	1
3623	7
3624	-5
3625	21
3626	9
3627	10
3628	4
3629	24
3630	25
3631	-4
3632	-17
3633	7
3634	-7
3635	11
3636	8
3637	1
3638	5
3639	14
3640	4
3641	3
3642	7
3643	2
3644	5
3645	6
3646	-10
3647	20
3648	-4
3649	20
3650	-17
3651	9
3652	3
3653	16
3654	-9
3655	18
3656	-1
3657	8
3658	7
3659	1
3660	-8
3661	-10
3662	-22
3663	16
3664	3
3665	-3
3666	-2
3667	6
3668	-8
3669	-3
3670	2
3671	20
3672	5
3673	15
3674	-3
3675	-3
3676	15
3677	-5
3678	1
3679	5
3680	3
3681	-2
3682	-22
3683	4
3684	-2
3685	6
3686	-2
3687	10
3688	12
3689	9
3690	1
3691	4
3692	11
3693	11
3694	-4
3695	10
3696	15
3697	-9
3698	4
3699	14
3700	6
3701	10
3702	-1
3703	10
3704	-14
3705	23
3706	4
3707	2
3708	7
3709	5
3710	-5
3711	3
3712	5
3713	-5
3714	6
3715	3
3716	-5
3717	2
3718	4
3719	2
3720	1
3721	13
3722	-2
3723	-4
3724	-2
3725	-3
3726	-2
3727	18
3728	15
3729	18
3730	-5
3731	-7
3732	0
3733	16
3734	11
3735	0
3736	31
3737	20
3738	-7
3739	-8
3740	2
3741	13
3742	7
3743	-18
3744	-2
3745	1
3746	13
3747	-3
3748	-6
3749	1
3750	7
3751	3
3752	9
3753	-17
3754	-2
3755	8
3756	-6
3757	8
3758	-4
3759	-3
3760	6
3761	8
3762	-2
3763	10
3764	-5
3765	12
3766	0
3767	11
3768	-1
3769	8
3770	2
3771	-13
3772	8
3773	-1
3774	0
3775	3
3776	6
3777	-6
3778	3
3779	14
3780	6
3781	11
3782	-9
3783	10
3784	-2
3785	-7
3786	6
3787	17
3788	-7
3789	-12
3790	12
3791	-13
3792	0
3793	-8
3794	1
3795	15
3796	3
3797	5
3798	1
3799	-6
3800	12
3801	15
3802	-7
3803	13
3804	4
3805	5
3806	12
3807	12
3808	12
3809	10
3810	-16
3811	-4
3812	1
3813	12
3814	-4
3815	-2
3816	8
3817	0
3818	-18
3819	-4
3820	-2
3821	4
3822	-8
3823	4
3824	-9
3825	15
3826	-11
3827	-3
3828	0
3829	-5
3830	-7
3831	6
3832	0
3833	-10
3834	7
3835	-9
3836	2
3837	6
3838	15
3839	14
3840	-4
3841	0
3842	-4
3843	11
3844	7
3845	-4
3846	8
3847	17
3848	12
3849	7
3850	-10
3851	1
3852	2
3853	4
3854	-12
3855	0
3856	11
3857	4
3858	-15
3859	9
3860	6
3861	-5
3862	-3
3863	1
3864	2
3865	-4
3866	-6
3867	11
3868	-4
3869	3
3870	-9
3871	14
3872	-1
3873	-5
3874	-1
3875	-2
3876	13
3877	-4
3878	5
3879	0
3880	-2
3881	9
3882	2
3883	-14
3884	-5
3885	-7
3886	1
3887	-8
3888	-1
3889	-12
3890	6
3891	1
3892	2
3893	1
3894	-16
3895	-5
3896	7
3897	-3
3898	-11
3899	-2
3900	14
3901	9
3902	9
3903	3
3904	17
3905	12
3906	5
3907	21
3908	0
3909	3
3910	19
3911	6
3912	-5
3913	-5
3914	5
3915	11
3916	25
3917	3
3918	4
3919	9
3920	1
3921	16
3922	-1
3923	3
3924	14
3925	13
3926	-6
3927	10
3928	-2
3929	-1
3930	4
3931	9
3932	-6
3933	-9
3934	25
3935	1
3936	-9
3937	5
3938	-4
3939	-7
3940	-5
3941	21
3942	2
3943	6
3944	8
3945	-6
3946	5
3947	8
3948	11
3949	-3
3950	2
3951	-12
3952	1
3953	12
3954	15
3955	-12
3956	15
3957	-17
3958	20
3959	19
3960	14
3961	-20
3962	-7
3963	-1
3964	-17
3965	0
3966	11
3967	11
3968	-5
3969	11
3970	5
3971	1
3972	7
3973	-4
3974	9
3975	1
3976	3
3977	10
3978	15
3979	7
3980	4
3981	2
3982	12
3983	-2
3984	5
3985	3
3986	-2
3987	20
3988	3
3989	12
3990	-3
3991	-1
3992	14
3993	14
3994	12
3995	1
3996	8
3997	8
3998	-7
3999	2
4000	12
4001	-2
4002	20
4003	3
4004	26
4005	7
4006	7
4007	4
4008	10
4009	-12
4010	-9
4011	-1
4012	0
4013	6
4014	-4
4015	17
4016	4
4017	-18
4018	3
4019	0
4020	-14
4021	8
4022	-5
4023	2
4024	9
4025	4
4026	3
4027	-9
4028	12
4029	-3
4030	3
4031	1
4032	3
4033	5
4034	19
4035	3
4036	-7
4037	28
4038	8
4039	12
4040	21
4041	2
4042	0
4043	16
4044	-4
4045	-1
4046	4
4047	0
4048	3
4049	-1
4050	7
4051	0
4052	-6
4053	5
4054	-11
4055	6
4056	5
4057	6
4058	-4
4059	2
4060	5
4061	6
4062	-1
4063	-21
4064	10
4065	0
4066	8
4067	10
4068	-4
4069	-5
4070	6
4071	2
4072	-1
4073	10
4074	23
4075	6
4076	8
4077	-5
4078	0
4079	9
4080	10
4081	14
4082	3
4083	10
4084	2
4085	-2
4086	9
4087	-6
4088	-5
4089	6
4090	5
4091	-13
4092	3
4093	-1
4094	6
4095	9
4096	10
4097	-13
4098	-4
4099	6
4100	17
4101	5
4102	21
4103	-10
4104	-4
4105	5
4106	21
4107	-1
4108	-8
4109	8
4110	13
4111	1
4112	-2
4113	-5
4114	5
4115	-1
4116	7
4117	5
4118	-10
4119	3
4120	-2
4121	-4
4122	11
4123	-10
4124	-3
4125	12
4126	18
4127	2
4128	2
4129	14
4130	2
4131	6
4132	0
4133	9
4134	-10
4135	5
4136	6
4137	-11
4138	7
4139	-8
4140	9
4141	7
4142	5
4143	-1
4144	5
4145	1
4146	3
4147	-3
4148	7
4149	-5
4150	-1
4151	-8
4152	5
4153	7
4154	6
4155	-3
4156	-9
4157	1
4158	-17
4159	-4
4160	10
4161	-3
4162	6
4163	-5
4164	9
4165	5
4166	-3
4167	-3
4168	13
4169	15
4170	21
4171	-8
4172	-5
4173	-1
4174	-8
4175	2
4176	10
4177	9
4178	-4
4179	-13
4180	-7
4181	2
4182	-5
4183	4
4184	3
4185	6
4186	1
4187	6
4188	-2
4189	5
4190	12
4191	14
4192	-4
4193	9
4194	17
4195	7
4196	15
4197	13
4198	6
4199	9
4200	12
4201	8
4202	5
4203	12
4204	7
4205	-3
4206	-8
4207	5
4208	-1
4209	5
4210	9
4211	-9
4212	5
4213	-5
4214	1
4215	6
4216	-3
4217	-1
4218	5
4219	15
4220	3
4221	15
4222	11
4223	-8
4224	-1
4225	1
4226	-3
4227	-2
4228	3
4229	-1
4230	9
4231	7
4232	19
4233	-3
4234	11
4235	-3
4236	13
4237	4
4238	-3
4239	-8
4240	2
4241	0
4242	4
4243	3
4244	14
4245	-8
4246	10
4247	12
4248	17
4249	4
4250	0
4251	-1
4252	-8
4253	4
4254	4
4255	16
4256	8
4257	10
4258	6
4259	-13
4260	16
4261	9
4262	3
4263	-3
4264	15
4265	3
4266	9
4267	0
4268	15
4269	5
4270	5
4271	-6
4272	-1
4273	2
4274	11
4275	3
4276	1
4277	7
4278	-4
4279	0
4280	13
4281	8
4282	-4
4283	0
4284	-5
4285	3
4286	8
4287	9
4288	0
4289	14
4290	-12
4291	11
4292	7
4293	9
4294	16
4295	15
4296	8
4297	-7
4298	6
4299	12
4300	10
4301	1
4302	2
4303	2
4304	7
4305	2
4306	-3
4307	-1
4308	-10
4309	8
4310	5
4311	-5
4312	11
4313	3
4314	-4
4315	3
4316	3
4317	2
4318	-9
4319	1
4320	-5
4321	11
4322	11
4323	9
4324	3
4325	-4
4326	-1
4327	7
4328	16
4329	13
4330	12
4331	-4
4332	4
4333	-3
4334	-1
4335	5
4336	-1
4337	-4
4338	2
4339	7
4340	-1
4341	10
4342	1
4343	5
4344	14
4345	16
4346	10
4347	12
4348	4
4349	-1
4350	6
4351	5
4352	3
4353	2
4354	1
4355	-1
4356	0
4357	-4
4358	0
4359	16
4360	12
4361	20
4362	8
4363	7
4364	1
4365	5
4366	-4
4367	-3
4368	11
4369	13
4370	4
4371	9
4372	-3
4373	-6
4374	13
4375	-8
4376	6
4377	17
4378	17
4379	-5
4380	7
4381	-9
4382	-7
4383	-2
4384	5
4385	21
4386	12
4387	11
4388	-4
4389	-8
4390	-2
4391	-11
4392	21
4393	11
4394	14
4395	4
4396	-1
4397	5
4398	-2
4399	17
4400	8
4401	5
4402	3
4403	2
4404	1
4405	-2
4406	-9
4407	0
4408	-1
4409	15
4410	-7
4411	11
4412	13
4413	-5
4414	20
4415	-2
4416	9
4417	5
4418	-1
4419	-3
4420	4
4421	9
4422	15
4423	10
4424	0
4425	2
4426	16
4427	9
4428	0
4429	-5
4430	7
4431	-16
4432	5
4433	-5
4434	4
4435	18
4436	-2
4437	2
4438	-4
4439	18
4440	2
4441	9
4442	6
4443	4
4444	0
4445	12
4446	3
4447	0
4448	-10
4449	-5
4450	12
4451	7
4452	-6
4453	0
4454	8
4455	-8
4456	-8
4457	10
4458	14
4459	0
4460	-1
4461	-4
4462	5
4463	17
4464	4
4465	9
4466	8
4467	9
4468	-11
4469	10
4470	8
4471	1
4472	-16
4473	10
4474	7
4475	-2
4476	-2
4477	0
4478	0
4479	1
4480	4
4481	6
4482	6
4483	8
4484	11
4485	5
4486	13
4487	11
4488	8
4489	11
4490	17
4491	-11
4492	2
4493	7
4494	-12
4495	3
4496	0
4497	-15
4498	10
4499	2
4500	2
4501	11
4502	7
4503	5
4504	0
4505	17
4506	0
4507	-12
4508	-1
4509	26
4510	1
4511	8
4512	-6
4513	7
4514	-2
4515	4
4516	0
4517	0
4518	0
4519	16
4520	-3
4521	-3
4522	-12
4523	0
4524	-2
4525	5
4526	9
4527	1
4528	5
4529	-8
4530	20
4531	3
4532	7
4533	-13
4534	-8
4535	5
4536	11
4537	-5
4538	1
4539	6
4540	8
4541	20
4542	-1
4543	1
4544	8
4545	8
4546	8
4547	18
4548	11
4549	15
4550	-8
4551	6
4552	10
4553	-3
4554	0
4555	24
4556	-2
4557	17
4558	-2
4559	2
4560	1
4561	9
4562	-9
4563	8
4564	13
4565	7
4566	12
4567	1
4568	12
4569	15
4570	-1
4571	1
4572	12
4573	2
4574	-18
4575	2
4576	13
4577	2
4578	8
4579	19
4580	8
4581	5
4582	11
4583	8
4584	1
4585	4
4586	13
4587	15
4588	13
4589	-2
4590	-2
4591	7
4592	8
4593	-2
4594	14
4595	12
4596	7
4597	-1
4598	2
4599	5
4600	15
4601	-8
4602	12
4603	1
4604	2
4605	-2
4606	8
4607	-9
4608	0
4609	0
4610	2
4611	5
4612	5
4613	-16
4614	-8
4615	3
4616	11
4617	3
4618	15
4619	3
4620	-13
4621	0
4622	-4
4623	-3
4624	5
4625	7
4626	-7
4627	14
4628	2
4629	16
4630	-6
4631	0
4632	10
4633	-11
4634	7
4635	4
4636	10
4637	-4
4638	1
4639	-1
4640	9
4641	11
4642	5
4643	-7
4644	9
4645	7
4646	-9
4647	17
4648	1
4649	-4
4650	-2
4651	1
4652	1
4653	14
4654	7
4655	4
4656	11
4657	4
4658	-1
4659	2
4660	-10
4661	-1
4662	23
4663	7
4664	11
4665	5
4666	1
4667	-2
4668	0
4669	6
4670	-3
4671	-3
4672	9
4673	-9
4674	5
4675	6
4676	5
4677	-5
4678	-6
4679	3
4680	10
4681	-4
4682	10
4683	2
4684	-2
4685	2
4686	13
4687	29
4688	18
4689	22
4690	-3
4691	21
4692	3
4693	-16
4694	22
4695	-7
4696	16
4697	-3
4698	-6
4699	-1
4700	-2
4701	-6
4702	7
4703	-8
4704	5
4705	10
4706	-3
4707	0
4708	-12
4709	-7
4710	5
4711	-5
4712	7
4713	12
4714	9
4715	5
4716	19
4717	-4
4718	15
4719	5
4720	21
4721	9
4722	1
4723	5
4724	1
4725	0
4726	10
4727	7
4728	7
4729	-16
4730	5
4731	2
4732	14
4733	9
4734	6
4735	3
4736	-4
4737	2
4738	7
4739	2
4740	-6
4741	11
4742	-8
4743	5
4744	18
4745	8
4746	8
4747	4
4748	2
4749	12
4750	-6
4751	2
4752	-1
4753	-8
4754	-6
4755	0
4756	1
4757	12
4758	11
4759	16
4760	1
4761	7
4762	21
4763	2
4764	5
4765	1
4766	0
4767	1
4768	2
4769	19
4770	1
4771	9
4772	-3
4773	5
4774	-21
4775	1
4776	7
4777	3
4778	4
4779	5
4780	5
4781	-12
4782	-2
4783	-1
4784	-4
4785	2
4786	4
4787	13
4788	-5
4789	-3
4790	-11
4791	5
4792	4
4793	9
4794	6
4795	-9
4796	-8
4797	10
4798	3
4799	-3
4800	-3
4801	-9
4802	1
4803	-5
4804	-7
4805	19
4806	24
4807	4
4808	-4
4809	-1
4810	4
4811	-2
4812	-7
4813	6
4814	10
4815	12
4816	13
4817	5
4818	10
4819	1
4820	9
4821	11
4822	-7
4823	12
4824	18
4825	6
4826	10
4827	16
4828	21
4829	2
4830	2
4831	0
4832	1
4833	-3
4834	5
4835	3
4836	12
4837	15
4838	10
4839	8
4840	0
4841	-3
4842	8
4843	5
4844	1
4845	-6
4846	6
4847	-4
4848	-4
4849	13
4850	15
4851	4
4852	10
4853	17
4854	-3
4855	0
4856	8
4857	7
4858	2
4859	3
4860	5
4861	-3
4862	-2
4863	-8
4864	-13
4865	-3
4866	-2
4867	5
4868	-5
4869	12
4870	10
4871	-1
4872	-12
4873	3
4874	-7
4875	9
4876	0
4877	4
4878	20
4879	13
4880	0
4881	-1
4882	22
4883	-6
4884	15
4885	0
4886	-2
4887	11
4888	16
4889	2
4890	-4
4891	-3
4892	9
4893	13
4894	9
4895	0
4896	16
4897	1
4898	-4
4899	9
4900	3
4901	16
4902	10
4903	-7
4904	10
4905	6
4906	6
4907	16
4908	-7
4909	8
4910	-19
4911	12
4912	6
4913	-4
4914	6
4915	9
4916	13
4917	8
4918	2
4919	8
4920	2
4921	6
4922	16
4923	3
4924	-5
4925	2
4926	-2
4927	7
4928	22
4929	0
4930	11
4931	2
4932	-4
4933	7
4934	2
4935	-1
4936	10
4937	-2
4938	5
4939	7
4940	0
4941	-3
4942	-2
4943	7
4944	8
4945	19
4946	-4
4947	3
4948	6
4949	0
4950	0
4951	4
4952	-1
4953	15
4954	4
4955	-3
4956	-1
4957	-3
4958	10
4959	4
4960	11
4961	2
4962	0
4963	0
4964	1
4965	2
4966	6
4967	5
4968	-5
4969	-18
4970	-10
4971	15
4972	11
4973	7
4974	3
4975	-13
4976	3
4977	5
4978	-7
4979	2
4980	2
4981	7
4982	2
4983	-9
4984	12
4985	17
4986	11
4987	-14
4988	35
4989	29
4990	7
4991	6
4992	24
4993	-7
4994	-3
4995	2
4996	14
4997	-17
4998	2
4999	-18
5000	-5
5001	9
5002	10
5003	-1
5004	10
5005	7
5006	12
5007	7
5008	4
5009	-2
5010	15
5011	-5
5012	3
5013	7
5014	-2
5015	-6
5016	8
5017	11
5018	-5
5019	8
5020	1
5021	0
5022	3
5023	10
5024	9
5025	6
5026	11
5027	9
5028	-7
5029	9
5030	4
5031	4
5032	-4
5033	-18
5034	-8
5035	-13
5036	0
5037	6
5038	4
5039	-9
5040	4
5041	-6
5042	3
5043	0
5044	5
5045	18
5046	2
5047	2
5048	-3
5049	6
5050	-6
5051	-3
5052	-5
5053	-3
5054	1
5055	-2
5056	-4
5057	1
5058	-4
5059	12
5060	4
5061	13
5062	3
5063	7
5064	-5
5065	0
5066	5
5067	-3
5068	1
5069	7
5070	20
5071	-2
5072	-2
5073	20
5074	-1
5075	7
5076	-11
5077	2
5078	0
5079	8
5080	7
5081	14
5082	26
5083	4
5084	-1
5085	14
5086	-9
5087	9
5088	2
5089	11
5090	1
5091	10
5092	4
5093	-2
5094	4
5095	0
5096	6
5097	4
5098	8
5099	16
5100	0
5101	-1
5102	-11
5103	10
5104	5
5105	-5
5106	8
5107	11
5108	-1
5109	4
5110	7
5111	1
5112	3
5113	-3
5114	-12
5115	4
5116	-4
5117	1
5118	4
5119	5
5120	-2
5121	8
5122	6
5123	-7
5124	-3
5125	12
5126	4
5127	-2
5128	11
5129	3
5130	13
5131	7
5132	1
5133	9
5134	7
5135	-2
5136	-6
5137	-4
5138	-7
5139	-3
5140	16
5141	2
5142	-2
5143	10
5144	-7
5145	-7
5146	5
5147	2
5148	5
5149	7
5150	12
5151	7
5152	0
5153	0
5154	0
5155	8
5156	6
5157	4
5158	10
5159	0
5160	6
5161	3
5162	19
5163	0
5164	1
5165	-7
5166	6
5167	2
5168	0
5169	-7
5170	0
5171	7
5172	3
5173	2
5174	3
5175	8
5176	-4
5177	-6
5178	4
5179	-5
5180	-7
5181	9
5182	5
5183	17
5184	5
5185	4
5186	-8
5187	-7
5188	2
5189	10
5190	17
5191	-6
5192	11
5193	-1
5194	6
5195	8
5196	8
5197	21
5198	-1
5199	10
5200	2
5201	11
5202	-8
5203	8
5204	-7
5205	9
5206	7
5207	16
5208	-2
5209	4
5210	-10
5211	-1
5212	9
5213	6
5214	4
5215	13
5216	11
5217	6
5218	3
5219	8
5220	7
5221	-7
5222	5
5223	-11
5224	6
5225	0
5226	7
5227	6
5228	9
5229	10
5230	-2
5231	8
5232	11
5233	6
5234	5
5235	14
5236	-10
5237	8
5238	2
5239	-2
5240	10
5241	9
5242	13
5243	7
5244	1
5245	11
5246	5
5247	10
5248	11
5249	5
5250	8
5251	12
5252	2
5253	-3
5254	12
5255	11
5256	-2
5257	-9
5258	11
5259	-4
5260	14
5261	13
5262	4
5263	2
5264	14
5265	9
5266	6
5267	5
5268	10
5269	10
5270	4
5271	10
5272	1
5273	8
5274	7
5275	5
5276	4
5277	7
5278	18
5279	0
5280	-1
5281	-1
5282	12
5283	4
5284	10
5285	3
5286	-2
5287	8
5288	0
5289	0
5290	-3
5291	7
5292	7
5293	8
5294	1
5295	21
5296	17
5297	0
5298	4
5299	3
5300	14
5301	1
5302	8
5303	14
5304	6
5305	11
5306	-2
5307	15
5308	0
5309	17
5310	-4
5311	2
5312	12
5313	7
5314	-9
5315	-1
5316	12
5317	-4
5318	-3
5319	15
5320	-5
5321	0
5322	12
5323	7
5324	5
5325	14
5326	1
5327	-6
5328	-2
5329	10
5330	3
5331	-1
5332	-6
5333	6
5334	21
5335	17
5336	10
5337	2
5338	-7
5339	2
5340	4
5341	-1
5342	4
5343	15
5344	0
5345	-9
5346	-4
5347	7
5348	-1
5349	10
5350	-2
5351	5
5352	-2
5353	0
5354	3
5355	3
5356	6
5357	5
5358	-4
5359	10
5360	7
5361	6
5362	6
5363	-7
5364	11
5365	7
5366	6
5367	18
5368	3
5369	10
5370	3
5371	-1
5372	11
5373	16
5374	3
5375	10
5376	5
5377	4
5378	4
5379	4
5380	3
5381	3
5382	2
5383	5
5384	-4
5385	3
5386	-7
5387	5
5388	-9
5389	-11
5390	-4
5391	15
5392	5
5393	6
5394	11
5395	-2
5396	-7
5397	10
5398	-6
5399	11
5400	-7
5401	22
5402	15
5403	-2
5404	-3
5405	1
5406	-5
5407	12
5408	-4
5409	11
5410	4
5411	16
5412	12
5413	-1
5414	11
5415	10
5416	2
5417	2
5418	8
5419	4
5420	3
5421	6
5422	6
5423	-8
5424	9
5425	-13
5426	0
5427	-5
5428	2
5429	-6
5430	9
5431	0
5432	1
5433	-1
5434	3
5435	13
5436	8
5437	-8
5438	15
5439	8
5440	7
5441	17
5442	13
5443	7
5444	0
5445	8
5446	4
5447	3
5448	-1
5449	5
5450	-1
5451	3
5452	4
5453	4
5454	-1
5455	5
5456	11
5457	15
5458	-1
5459	-5
5460	5
5461	10
5462	-2
5463	12
5464	15
5465	8
5466	18
5467	-3
5468	5
5469	5
5470	-4
5471	7
5472	11
5473	6
5474	13
5475	8
5476	5
5477	7
5478	14
5479	-5
5480	9
5481	5
5482	4
5483	2
5484	13
5485	13
5486	7
5487	-2
5488	8
5489	9
5490	-2
5491	11
5492	-9
5493	2
5494	14
5495	23
5496	21
5497	18
5498	2
5499	8
5500	4
5501	0
5502	5
5503	4
5504	8
5505	2
5506	0
5507	6
5508	10
5509	7
5510	0
5511	9
5512	7
5513	0
5514	11
5515	12
5516	-1
5517	0
5518	11
5519	6
5520	5
5521	-2
5522	8
5523	-8
5524	8
5525	16
5526	-3
5527	-7
5528	2
5529	4
5530	10
5531	21
5532	1
5533	14
5534	12
5535	21
5536	4
5537	7
5538	20
5539	-2
5540	1
5541	0
5542	17
5543	6
5544	-1
5545	-1
5546	7
5547	1
5548	-5
5549	-5
5550	-1
5551	14
5552	-1
5553	3
5554	11
5555	2
5556	10
5557	-1
5558	1
5559	-1
5560	1
5561	-6
5562	2
5563	3
5564	6
5565	-4
5566	14
5567	-1
5568	6
5569	-4
5570	-1
5571	13
5572	4
5573	-3
5574	13
5575	4
5576	3
5577	4
5578	1
5579	10
5580	6
5581	2
5582	13
5583	7
5584	-13
5585	4
5586	7
5587	0
5588	5
5589	-5
5590	-9
5591	-7
5592	5
5593	7
5594	-1
5595	-5
5596	10
5597	13
5598	9
5599	1
5600	9
5601	10
5602	4
5603	4
5604	-2
5605	1
5606	0
5607	6
5608	4
5609	7
5610	10
5611	5
5612	5
5613	11
5614	6
5615	6
5616	13
5617	4
5618	6
5619	-11
5620	8
5621	4
5622	4
5623	15
5624	5
5625	9
5626	12
5627	12
5628	9
5629	0
5630	-2
5631	2
5632	7
5633	6
5634	21
5635	-1
5636	1
5637	15
5638	12
5639	7
5640	0
5641	8
5642	-3
5643	1
5644	4
5645	5
5646	-1
5647	6
5648	2
5649	5
5650	1
5651	12
5652	3
5653	15
5654	6
5655	1
5656	3
5657	-4
5658	8
5659	14
5660	1
5661	8
5662	6
5663	13
5664	13
5665	9
5666	4
5667	12
5668	10
5669	-2
5670	3
5671	4
5672	4
5673	3
5674	7
5675	6
5676	7
5677	14
5678	5
5679	4
5680	0
5681	8
5682	7
5683	-2
5684	0
5685	6
5686	5
5687	3
5688	2
5689	13
5690	1
5691	9
5692	16
5693	-4
5694	7
5695	14
5696	9
5697	14
5698	-3
5699	0
5700	13
5701	12
5702	14
5703	10
5704	9
5705	1
5706	7
5707	13
5708	-2
5709	16
5710	7
5711	13
5712	2
5713	-3
5714	-2
5715	0
5716	19
5717	19
5718	6
5719	5
5720	2
5721	8
5722	17
5723	3
5724	0
5725	14
5726	15
5727	0
5728	-1
5729	4
5730	5
5731	7
5732	2
5733	2
5734	-9
5735	0
5736	-3
5737	-3
5738	7
5739	9
5740	-4
5741	5
5742	5
5743	-4
5744	8
5745	8
5746	4
5747	13
5748	15
5749	6
5750	6
5751	14
5752	3
5753	-3
5754	10
5755	8
5756	-2
5757	6
5758	0
5759	10
5760	21
5761	0
5762	11
5763	-10
5764	7
5765	17
5766	2
5767	2
5768	7
5769	4
5770	20
5771	7
5772	10
5773	7
5774	-12
5775	2
5776	-2
5777	-9
5778	-4
5779	2
5780	-12
5781	0
5782	1
5783	2
5784	12
5785	5
5786	11
5787	2
5788	-11
5789	-16
5790	14
5791	8
5792	1
5793	7
5794	3
5795	11
5796	5
5797	9
5798	3
5799	2
5800	-7
5801	9
5802	-1
5803	10
5804	1
5805	4
5806	-6
5807	1
5808	4
5809	13
5810	-6
5811	5
5812	3
5813	16
5814	10
5815	-7
5816	6
5817	6
5818	8
5819	-1
5820	6
5821	-1
5822	5
5823	9
5824	3
5825	-7
5826	22
5827	4
5828	4
5829	2
5830	11
5831	12
5832	16
5833	-7
5834	7
5835	12
5836	-2
5837	18
5838	7
5839	16
5840	9
5841	12
5842	9
5843	2
5844	6
5845	7
5846	8
5847	8
5848	-1
5849	8
5850	7
5851	2
5852	-6
5853	10
5854	11
5855	25
5856	13
5857	-3
5858	9
5859	3
5860	-8
5861	-6
5862	7
5863	0
5864	23
5865	15
5866	8
5867	17
5868	14
5869	1
5870	11
5871	10
5872	7
5873	14
5874	1
5875	1
5876	10
5877	15
5878	9
5879	7
5880	8
5881	6
5882	10
5883	13
5884	4
5885	7
5886	-1
5887	8
5888	7
5889	10
5890	13
5891	1
5892	-1
5893	4
5894	15
5895	7
5896	4
5897	-6
5898	15
5899	-1
5900	11
5901	-1
5902	4
5903	22
5904	5
5905	-5
5906	21
5907	-2
5908	5
5909	13
5910	4
5911	7
5912	16
5913	3
5914	-2
5915	20
5916	13
5917	11
5918	1
5919	11
5920	-5
5921	-3
5922	4
5923	8
5924	-1
5925	7
5926	13
5927	-7
5928	-3
5929	0
5930	-1
5931	10
5932	19
5933	3
5934	-2
5935	5
5936	16
5937	0
5938	0
5939	2
5940	12
5941	9
5942	0
5943	0
5944	-10
5945	3
5946	-7
5947	2
5948	11
5949	2
5950	11
5951	-6
5952	15
5953	19
5954	12
5955	2
5956	-5
5957	7
5958	13
5959	11
5960	0
5961	5
5962	-7
5963	12
5964	8
5965	3
5966	5
5967	-2
5968	10
5969	3
5970	8
5971	11
5972	7
5973	6
5974	1
5975	11
5976	0
5977	7
5978	6
5979	11
5980	5
5981	9
5982	22
5983	0
5984	5
5985	-5
5986	14
5987	0
5988	-2
5989	19
5990	8
5991	20
5992	1
5993	8
5994	10
5995	5
5996	12
5997	15
5998	3
5999	-2
6000	6
6001	3
6002	-4
6003	-9
6004	3
6005	10
6006	-2
6007	11
6008	-3
6009	5
6010	12
6011	15
6012	11
6013	1
6014	10
6015	14
6016	4
6017	7
6018	-6
6019	18
6020	3
6021	6
6022	-2
6023	5
6024	9
6025	5
6026	-1
6027	1
6028	23
6029	15
6030	-8
6031	8
6032	18
6033	5
6034	-6
6035	4
6036	-7
6037	12
6038	16
6039	-5
6040	15
6041	6
6042	8
6043	5
6044	18
6045	12
6046	8
6047	-1
6048	7
6049	-3
6050	-2
6051	-1
6052	17
6053	3
6054	5
6055	-1
6056	0
6057	-1
6058	3
6059	3
6060	9
6061	3
6062	5
6063	18
6064	2
6065	2
6066	1
6067	-3
6068	-11
6069	7
6070	15
6071	16
6072	1
6073	-1
6074	-8
6075	8
6076	17
6077	12
6078	19
6079	5
6080	13
6081	2
6082	12
6083	19
6084	0
6085	13
6086	21
6087	3
6088	5
6089	10
6090	2
6091	10
6092	11
6093	20
6094	5
6095	19
6096	6
6097	2
6098	17
6099	6
6100	-2
6101	-7
6102	11
6103	10
6104	0
6105	10
6106	1
6107	-2
6108	4
6109	9
6110	7
6111	7
6112	1
6113	13
6114	5
6115	11
6116	-7
6117	-8
6118	-3
6119	0
6120	-4
6121	4
6122	5
6123	2
6124	-5
6125	20
6126	5
6127	3
6128	11
6129	-10
6130	8
6131	9
6132	4
6133	0
6134	6
6135	14
6136	4
6137	5
6138	-3
6139	3
6140	9
6141	15
6142	21
6143	5
6144	-4
6145	10
6146	9
6147	6
6148	1
6149	-11
6150	6
6151	-5
6152	8
6153	-2
6154	9
6155	16
6156	18
6157	19
6158	12
6159	19
6160	13
6161	11
6162	10
6163	18
6164	-3
6165	-6
6166	8
6167	2
6168	6
6169	9
6170	4
6171	5
6172	16
6173	21
6174	5
6175	4
6176	16
6177	9
6178	4
6179	5
6180	6
6181	10
6182	18
6183	2
6184	-4
6185	20
6186	6
6187	3
6188	16
6189	2
6190	10
6191	3
6192	5
6193	15
6194	5
6195	6
6196	6
6197	3
6198	-1
6199	0
6200	12
6201	14
6202	6
6203	8
6204	10
6205	4
6206	6
6207	10
6208	7
6209	6
6210	-8
6211	13
6212	9
6213	8
6214	-3
6215	8
6216	13
6217	16
6218	-6
6219	16
6220	-12
6221	12
6222	3
6223	20
6224	14
6225	16
6226	13
6227	12
6228	-2
6229	5
6230	1
6231	-6
6232	-3
6233	7
6234	0
6235	25
6236	12
6237	5
6238	6
6239	6
6240	8
6241	-8
6242	9
6243	4
6244	1
6245	11
6246	11
6247	7
6248	4
6249	19
6250	13
6251	3
6252	1
6253	3
6254	8
6255	5
6256	-1
6257	9
6258	7
6259	8
6260	17
6261	0
6262	-2
6263	16
6264	10
6265	-3
6266	22
6267	13
6268	6
6269	10
6270	7
6271	4
6272	8
6273	17
6274	1
6275	0
6276	16
6277	-3
6278	4
6279	-4
6280	5
6281	0
6282	15
6283	6
6284	11
6285	12
6286	16
6287	10
6288	10
6289	-10
6290	14
6291	12
6292	3
6293	14
6294	9
6295	10
6296	11
6297	7
6298	5
6299	4
6300	7
6301	12
6302	5
6303	0
6304	14
6305	9
6306	13
6307	19
6308	3
6309	14
6310	9
6311	19
6312	1
6313	8
6314	8
6315	15
6316	16
6317	11
6318	3
6319	14
6320	5
6321	15
6322	12
6323	18
6324	15
6325	7
6326	12
6327	-4
6328	6
6329	9
6330	7
6331	5
6332	0
6333	17
6334	1
6335	6
6336	13
6337	10
6338	22
6339	5
6340	-4
6341	3
6342	7
6343	10
6344	15
6345	12
6346	10
6347	6
6348	1
6349	4
6350	21
6351	26
6352	14
6353	7
6354	7
6355	7
6356	7
6357	6
6358	2
6359	8
6360	12
6361	8
6362	2
6363	-3
6364	11
6365	8
6366	14
6367	19
6368	4
6369	9
6370	17
6371	2
6372	11
6373	20
6374	4
6375	17
6376	3
6377	33
6378	13
6379	15
6380	12
6381	21
6382	3
6383	20
6384	14
6385	-5
6386	15
6387	16
6388	7
6389	-2
6390	0
6391	8
6392	0
6393	14
6394	15
6395	11
6396	2
6397	0
6398	3
6399	14
6400	-3
6401	12
6402	16
6403	12
6404	15
6405	-5
6406	1
6407	2
6408	16
6409	8
6410	3
6411	13
6412	10
6413	9
6414	12
6415	11
6416	4
6417	15
6418	17
6419	-3
6420	6
6421	12
6422	1
6423	1
6424	16
6425	12
6426	7
6427	4
6428	-8
6429	7
6430	7
6431	6
6432	7
6433	13
6434	8
6435	2
6436	1
6437	1
6438	-5
6439	9
6440	5
6441	3
6442	4
6443	8
6444	14
6445	9
6446	7
6447	17
6448	1
6449	-2
6450	7
6451	-2
6452	15
6453	5
6454	8
6455	-4
6456	6
6457	1
6458	6
6459	-6
6460	-1
6461	8
6462	-9
6463	10
6464	4
6465	0
6466	7
6467	15
6468	4
6469	0
6470	6
6471	11
6472	-4
6473	6
6474	8
6475	9
6476	14
6477	11
6478	5
6479	4
6480	7
6481	-2
6482	-3
6483	15
6484	-8
6485	5
6486	15
6487	6
6488	-7
6489	-7
6490	6
6491	1
6492	8
6493	2
6494	8
6495	-2
6496	6
6497	11
6498	5
6499	-4
6500	9
6501	4
6502	2
6503	1
6504	8
6505	15
6506	1
6507	17
6508	2
6509	6
6510	4
6511	3
6512	8
6513	1
6514	17
6515	12
6516	12
6517	0
6518	7
6519	5
6520	7
6521	5
6522	-3
6523	15
6524	-4
6525	14
6526	10
6527	3
6528	8
6529	-10
6530	1
6531	-2
6532	10
6533	6
6534	1
6535	-1
6536	1
6537	5
6538	4
6539	5
6540	10
6541	8
6542	4
6543	12
6544	6
6545	6
6546	8
6547	2
6548	14
6549	5
6550	1
6551	9
6552	8
6553	12
6554	7
6555	8
6556	12
6557	4
6558	3
6559	0
6560	10
6561	8
6562	0
6563	3
6564	5
6565	10
6566	3
6567	2
6568	3
6569	-1
6570	13
6571	6
6572	6
6573	10
6574	11
6575	6
6576	13
6577	-2
6578	3
6579	8
6580	4
6581	0
6582	7
6583	6
6584	3
6585	8
6586	-6
6587	3
6588	-2
6589	0
6590	6
6591	3
6592	-2
6593	8
6594	6
6595	4
6596	10
6597	4
6598	7
6599	-2
6600	5
6601	8
6602	0
6603	3
6604	-14
6605	8
6606	5
6607	6
6608	4
6609	21
6610	5
6611	-4
6612	-5
6613	-4
6614	-5
6615	4
6616	5
6617	-3
6618	17
6619	13
6620	7
6621	11
6622	-9
6623	11
6624	4
6625	5
6626	11
6627	1
6628	5
6629	3
6630	6
6631	2
6632	-5
6633	6
6634	8
6635	14
6636	0
6637	10
6638	4
6639	10
6640	2
6641	6
6642	1
6643	5
6644	8
6645	13
6646	3
6647	8
6648	9
6649	3
6650	4
6651	12
6652	1
6653	4
6654	1
6655	10
6656	12
6657	-6
6658	-1
6659	-2
6660	-1
6661	12
6662	7
6663	2
6664	-6
6665	-8
6666	3
6667	4
6668	5
6669	3
6670	-4
6671	-4
6672	9
6673	1
6674	14
6675	-4
6676	-3
6677	16
6678	9
6679	-6
6680	5
6681	1
6682	-1
6683	3
6684	-1
6685	6
6686	4
6687	3
6688	0
6689	-3
6690	6
6691	4
6692	2
6693	4
6694	-1
6695	7
6696	7
6697	-6
6698	11
6699	6
6700	2
6701	3
6702	3
6703	-3
6704	-1
6705	6
6706	-10
6707	7
6708	-4
6709	-7
6710	2
6711	1
6712	1
6713	15
6714	6
6715	10
6716	8
6717	8
6718	0
6719	-1
6720	-4
6721	-7
6722	2
6723	3
6724	7
6725	16
6726	0
6727	6
6728	5
6729	9
6730	-1
6731	0
6732	8
6733	6
6734	1
6735	1
6736	4
6737	-2
6738	6
6739	-1
6740	11
6741	2
6742	8
6743	-10
6744	-5
6745	5
6746	5
6747	3
6748	3
6749	0
6750	6
6751	6
6752	5
6753	4
6754	-8
6755	0
6756	5
6757	2
6758	-1
6759	-4
6760	-2
6761	7
6762	-3
6763	5
6764	2
6765	13
6766	0
6767	6
6768	2
6769	-12
6770	-1
6771	2
6772	2
6773	12
6774	4
6775	8
6776	-8
6777	4
6778	7
6779	3
6780	1
6781	14
6782	-7
6783	10
6784	1
6785	-7
6786	5
6787	11
6788	-4
6789	0
6790	7
6791	1
6792	3
6793	6
6794	1
6795	0
6796	1
6797	6
6798	1
6799	5
6800	-7
6801	3
6802	7
6803	-1
6804	4
6805	8
6806	-2
6807	-1
6808	2
6809	0
6810	2
6811	4
6812	6
6813	7
6814	4
6815	5
6816	0
6817	-1
6818	4
6819	2
6820	4
6821	7
6822	2
6823	7
6824	-2
6825	-6
6826	14
6827	2
6828	-5
6829	-5
6830	4
6831	-3
6832	4
6833	10
6834	-3
6835	7
6836	-4
6837	0
6838	-4
6839	-2
6840	2
6841	0
6842	5
6843	-7
6844	3
6845	-1
6846	6
6847	7
6848	-4
6849	2
6850	4
6851	1
6852	5
6853	5
6854	9
6855	6
6856	1
6857	-1
6858	-5
6859	-4
6860	-6
6861	6
6862	9
6863	2
6864	0
6865	-4
6866	-1
6867	-2
6868	6
6869	11
6870	10
6871	1
6872	0
6873	8
6874	4
6875	12
6876	2
6877	-4
6878	4
6879	2
6880	-1
6881	-1
6882	1
6883	-1
6884	-4
6885	9
6886	-3
6887	9
6888	-2
6889	-7
6890	-4
6891	7
6892	4
6893	3
6894	-2
6895	3
6896	4
6897	6
6898	5
6899	-7
6900	1
6901	5
6902	3
6903	6
6904	-2
6905	1
6906	5
6907	1
6908	0
6909	4
6910	9
6911	1
6912	-6
6913	-8
6914	-2
6915	10
6916	1
6917	4
6918	3
6919	0
6920	1
6921	-2
6922	-9
6923	2
6924	1
6925	-2
6926	8
6927	1
6928	-4
6929	-3
6930	1
6931	10
6932	8
6933	-1
6934	11
6935	3
6936	-7
6937	0
6938	-7
6939	10
6940	0
6941	7
6942	2
6943	3
6944	5
6945	6
6946	6
6947	5
6948	-1
6949	-3
6950	7
6951	-8
6952	7
6953	2
6954	4
6955	4
6956	-3
6957	7
6958	-5
6959	5
6960	2
6961	-6
6962	6
6963	2
6964	-2
6965	0
6966	10
6967	4
6968	3
6969	-6
6970	-1
6971	6
6972	3
6973	2
6974	11
6975	-4
6976	1
6977	-6
6978	10
6979	0
6980	-1
6981	6
6982	0
6983	5
6984	4
6985	-2
6986	-8
6987	-1
6988	2
6989	8
6990	-4
6991	11
6992	2
6993	-8
6994	-5
6995	12
6996	3
6997	0
6998	7
6999	6
7000	7
7001	5
7002	4
7003	3
7004	2
7005	3
7006	2
7007	0
7008	2
7009	3
7010	10
7011	-2
7012	-4
7013	-4
7014	1
7015	1
7016	2
7017	-8
7018	-5
7019	3
7020	9
7021	2
7022	-4
7023	5
7024	8
7025	-6
7026	-3
7027	6
7028	-4
7029	7
7030	5
7031	-1
7032	-3
7033	-2
7034	4
7035	-3
7036	5
7037	8
7038	2
7039	1
7040	-6
7041	-3
7042	0
7043	12
7044	2
7045	0
7046	4
7047	0
7048	1
7049	0
7050	-6
7051	-6
7052	-4
7053	2
7054	8
7055	5
7056	7
7057	-1
7058	5
7059	-3
7060	1
7061	0
7062	10
7063	7
7064	0
7065	1
7066	-5
7067	-8
7068	-5
7069	-2
7070	2
7071	6
7072	0
7073	-3
7074	-5
7075	1
7076	2
7077	10
7078	2
7079	1
7080	-5
7081	-1
7082	7
7083	0
7084	-5
7085	0
7086	-3
7087	-1
7088	-4
7089	9
7090	-2
7091	-1
7092	6
7093	3
7094	-9
7095	-1
7096	-1
7097	6
7098	6
7099	-7
7100	-5
7101	6
7102	4
7103	-1
7104	6
7105	-2
7106	-5
7107	3
7108	9
7109	-2
7110	-3
7111	5
7112	-1
7113	2
7114	3
7115	-2
7116	-3
7117	-2
7118	1
7119	8
7120	1
7121	-2
7122	1
7123	-4
7124	-4
7125	3
7126	6
7127	-3
7128	3
7129	-2
7130	0
7131	-7
7132	-5
7133	1
7134	3
7135	2
7136	1
7137	-3
7138	3
7139	-2
7140	-2
7141	-3
7142	3
7143	-1
7144	-6
7145	5
7146	5
7147	-3
7148	3
7149	2
7150	-5
7151	0
7152	1
7153	2
7154	0
7155	-1
7156	-5
7157	0
7158	4
7159	-6
7160	1
7161	-1
7162	2
7163	1
7164	-2
7165	0
7166	3
7167	-1
7168	-1
7169	0
7170	2
7171	-5
7172	0
7173	4
7174	-2
7175	0
7176	5
7177	-4
7178	3
7179	2
7180	14
7181	-1
7182	-4
7183	0
7184	13
7185	3
7186	-2
7187	-9
7188	5
7189	5
7190	0
7191	1
7192	1
7193	0
7194	-4
7195	-2
7196	5
7197	2
7198	2
7199	-2
7200	4
7201	7
7202	-6
7203	0
7204	-2
7205	-6
7206	6
7207	1
7208	-4
7209	-4
7210	4
7211	8
7212	-7
7213	1
7214	-6
7215	1
7216	-4
7217	-3
7218	3
7219	-1
7220	-5
7221	4
7222	11
7223	-1
7224	-2
7225	8
7226	8
7227	1
7228	0
7229	8
7230	-1
7231	4
7232	2
7233	3
7234	0
7235	-10
7236	5
7237	0
7238	-11
7239	0
7240	4
7241	0
7242	-2
7243	-1
7244	-1
7245	4
7246	3
7247	5
7248	6
7249	-3
7250	5
7251	-5
7252	7
7253	-5
7254	0
7255	5
7256	-2
7257	0
7258	0
7259	8
7260	-9
7261	-16
7262	-1
7263	-7
7264	-11
7265	2
7266	-19
7267	-12
7268	0
7269	-12
7270	-4
7271	-17
7272	-4
7273	-6
7274	0
7275	14
7276	4
7277	4
7278	4
7279	-5
7280	6
7281	1
7282	-7
7283	2
7284	5
7285	-3
7286	4
7287	-3
7288	0
7289	-1
7290	7
7291	3
7292	-3
7293	1
7294	0
7295	2
7296	6
7297	-1
7298	4
7299	6
7300	-1
7301	-1
7302	1
7303	-4
7304	3
7305	-5
7306	2
7307	1
7308	-2
7309	5
7310	-2
7311	6
7312	-9
7313	1
7314	-5
7315	-1
7316	1
7317	8
7318	-1
7319	5
7320	-4
7321	1
7322	1
7323	4
7324	2
7325	11
7326	7
7327	2
7328	5
7329	-2
7330	0
7331	-1
7332	5
7333	3
7334	-2
7335	4
7336	1
7337	-3
7338	-2
7339	-3
7340	0
7341	0
7342	4
7343	6
7344	-3
7345	-3
7346	4
7347	2
7348	8
7349	3
7350	-5
7351	0
7352	1
7353	2
7354	1
7355	-5
7356	4
7357	1
7358	2
7359	9
7360	-3
7361	-5
7362	2
7363	5
7364	3
7365	-1
7366	-3
7367	0
7368	-3
7369	2
7370	1
7371	2
7372	0
7373	0
7374	-2
7375	-3
7376	4
7377	-5
7378	6
7379	0
7380	3
7381	2
7382	8
7383	-7
7384	-4
7385	7
7386	-1
7387	7
7388	0
7389	5
7390	6
7391	0
7392	4
7393	-10
7394	0
7395	3
7396	-3
7397	0
7398	-2
7399	-2
7400	3
7401	2
7402	1
7403	-2
7404	7
7405	-2
7406	1
7407	-7
7408	-3
7409	7
7410	-2
7411	11
7412	2
7413	4
7414	-9
7415	2
7416	-3
7417	-3
7418	1
7419	5
7420	1
7421	-3
7422	-3
7423	-1
7424	0
7425	-4
7426	4
7427	-2
7428	-2
7429	-2
7430	-1
7431	11
7432	-2
7433	1
7434	-1
7435	-8
7436	-1
7437	-1
7438	-1
7439	4
7440	8
7441	-4
7442	-3
7443	1
7444	3
7445	4
7446	-3
7447	4
7448	-1
7449	6
7450	13
7451	-3
7452	6
7453	7
7454	0
7455	1
7456	0
7457	0
7458	-3
7459	-7
7460	3
7461	-4
7462	6
7463	0
7464	0
7465	5
7466	4
7467	9
7468	2
7469	-2
7470	3
7471	2
7472	1
7473	2
7474	0
7475	-4
7476	-2
7477	1
7478	3
7479	4
7480	4
7481	2
7482	3
7483	2
7484	-5
7485	5
7486	11
7487	-1
7488	1
7489	6
7490	10
7491	-1
7492	4
7493	-2
7494	-1
7495	-2
7496	4
7497	-6
7498	2
7499	-7
7500	-4
7501	-9
7502	0
7503	0
7504	4
7505	3
7506	9
7507	-1
7508	10
7509	3
7510	0
7511	10
7512	-2
7513	-7
7514	4
7515	-1
7516	6
7517	6
7518	10
7519	4
7520	2
7521	11
7522	10
7523	8
7524	20
7525	34
7526	30
7527	82
7528	109
7529	147
7530	175
7531	214
7532	268
7533	309
7534	368
7535	531
7536	410
7537	478
7538	445
7539	384
7540	276
7541	225
7542	186
7543	68
7544	54
7545	21
7546	18
7547	4
7548	3
7549	3
7550	7
7551	3
7552	-5
7553	-2
7554	1
7555	0
7556	1
7557	0
7558	-1
7559	-4
7560	2
7561	2
7562	4
7563	3
7564	1
7565	-3
7566	-2
7567	6
7568	1
7569	3
7570	4
7571	-4
7572	4
7573	-3
7574	1
7575	0
7576	1
7577	7
7578	0
7579	5
7580	0
7581	-1
7582	1
7583	-2
7584	1
7585	6
7586	-1
7587	0
7588	1
7589	-3
7590	-2
7591	-5
7592	-3
7593	4
7594	2
7595	0
7596	1
7597	0
7598	-6
7599	2
7600	-3
7601	-2
7602	-5
7603	-1
7604	-2
7605	4
7606	-7
7607	0
7608	0
7609	1
7610	2
7611	-1
7612	3
7613	5
7614	-1
7615	-6
7616	1
7617	-1
7618	0
7619	0
7620	-4
7621	1
7622	0
7623	1
7624	1
7625	4
7626	1
7627	3
7628	-3
7629	0
7630	1
7631	3
7632	-3
7633	-3
7634	4
7635	1
7636	5
7637	1
7638	-2
7639	-4
7640	4
7641	2
7642	2
7643	2
7644	-3
7645	3
7646	1
7647	-2
7648	2
7649	7
7650	-3
7651	0
7652	5
7653	-5
7654	0
7655	3
7656	-2
7657	1
7658	1
7659	-1
7660	0
7661	-1
7662	-4
7663	-7
7664	1
7665	1
7666	-4
7667	2
7668	5
7669	7
7670	-1
7671	-1
7672	3
7673	0
7674	1
7675	4
7676	-5
7677	3
7678	4
7679	-2
7680	-3
7681	-2
7682	-1
7683	-3
7684	-4
7685	-6
7686	2
7687	-3
7688	-2
7689	2
7690	1
7691	-1
7692	-2
7693	-5
7694	-2
7695	-6
7696	-1
7697	-4
7698	-2
7699	0
7700	-1
7701	-2
7702	-1
7703	2
7704	1
7705	1
7706	5
7707	-1
7708	9
7709	-3
7710	-1
7711	8
7712	2
7713	-3
7714	1
7715	8
7716	3
7717	1
7718	-6
7719	1
7720	-2
7721	-2
7722	2
7723	-2
7724	-2
7725	-5
7726	-2
7727	-4
7728	2
7729	2
7730	-5
7731	-6
7732	0
7733	1
7734	1
7735	-3
7736	2
7737	1
7738	3
7739	-3
7740	4
7741	2
7742	-4
7743	2
7744	0
7745	-3
7746	1
7747	5
7748	3
7749	2
7750	-2
7751	4
7752	5
7753	-1
7754	1
7755	-4
7756	5
7757	-6
7758	0
7759	-5
7760	2
7761	3
7762	5
7763	1
7764	1
7765	0
7766	2
7767	-6
7768	1
7769	2
7770	1
7771	5
7772	3
7773	0
7774	4
7775	3
7776	-1
7777	3
7778	-2
7779	4
7780	1
7781	0
7782	-8
7783	0
7784	8
7785	0
7786	1
7787	-5
7788	-3
7789	0
7790	-20
7791	-3
7792	3
7793	0
7794	0
7795	1
7796	-1
7797	-2
7798	5
7799	-1
7800	3
7801	1
7802	0
7803	5
7804	-3
7805	2
7806	0
7807	-1
7808	0
7809	-3
7810	-2
7811	-4
7812	-3
7813	1
7814	3
7815	1
7816	-6
7817	-2
7818	0
7819	6
7820	0
7821	3
7822	5
7823	-2
7824	7
7825	-6
7826	-6
7827	2
7828	-1
7829	-1
7830	-4
7831	-4
7832	5
7833	3
7834	-3
7835	3
7836	0
7837	0
7838	-1
7839	4
7840	1
7841	1
7842	-3
7843	11
7844	2
7845	1
7846	2
7847	5
7848	-3
7849	-4
7850	3
7851	-3
7852	-1
7853	-4
7854	-4
7855	4
7856	8
7857	-1
7858	-4
7859	-3
7860	0
7861	2
7862	-3
7863	3
7864	-6
7865	0
7866	-2
7867	-6
7868	3
7869	1
7870	0
7871	-3
7872	1
7873	2
7874	-4
7875	-1
7876	-1
7877	-5
7878	3
7879	0
7880	1
7881	4
7882	2
7883	3
7884	1
7885	0
7886	2
7887	0
7888	-2
7889	1
7890	4
7891	-3
7892	-1
7893	-4
7894	0
7895	-4
7896	-1
7897	-1
7898	-6
7899	-4
7900	2
7901	-6
7902	4
7903	0
7904	4
7905	4
7906	3
7907	2
7908	6
7909	-1
7910	6
7911	-2
7912	-4
7913	-2
7914	-3
7915	2
7916	-2
7917	-4
7918	-1
7919	1
7920	-2
7921	5
7922	-10
7923	-6
7924	-5
7925	-3
7926	0
7927	4
7928	-5
7929	-3
7930	2
7931	1
7932	-2
7933	-3
7934	1
7935	-1
7936	-2
7937	0
7938	-5
7939	0
7940	2
7941	1
7942	-2
7943	2
7944	-2
7945	4
7946	1
7947	-1
7948	4
7949	1
7950	0
7951	-1
7952	-3
7953	2
7954	-2
7955	5
7956	-2
7957	1
7958	4
7959	3
7960	0
7961	-1
7962	7
7963	2
7964	1
7965	-2
7966	2
7967	2
7968	-6
7969	2
7970	2
7971	-9
7972	4
7973	-3
7974	3
7975	0
7976	-5
7977	2
7978	4
7979	3
7980	0
7981	1
7982	-9
7983	1
7984	-1
7985	2
7986	1
7987	-4
7988	3
7989	2
7990	2
7991	-1
7992	-3
7993	-1
7994	-5
7995	5
7996	2
7997	2
7998	-4
7999	-6
8000	-9
8001	0
8002	-3
8003	0
8004	-4
8005	-2
8006	1
8007	-2
8008	4
8009	-1
8010	1
8011	-4
8012	3
8013	2
8014	8
8015	2
8016	3
8017	-2
8018	0
8019	0
8020	2
8021	5
8022	3
8023	2
8024	-1
8025	1
8026	1
8027	6
8028	-1
8029	-2
8030	2
8031	3
8032	-4
8033	2
8034	-4
8035	5
8036	1
8037	-1
8038	4
8039	-3
8040	-1
8041	2
8042	2
8043	1
8044	-1
8045	0
8046	2
8047	-4
8048	6
8049	2
8050	-2
8051	-4
8052	0
8053	0
8054	0
8055	3
8056	-1
8057	4
8058	-1
8059	-9
8060	1
8061	2
8062	-4
8063	5
8064	4
8065	3
8066	-5
8067	-2
8068	-1
8069	-6
8070	-5
8071	1
8072	-3
8073	2
8074	1
8075	-7
8076	2
8077	-3
8078	2
8079	1
8080	4
8081	4
8082	-3
8083	-3
8084	6
8085	-1
8086	-2
8087	3
8088	-1
8089	-1
8090	0
8091	-2
8092	-1
8093	-1
8094	0
8095	0
8096	0
8097	0
8098	0
8099	0
8100	0
8101	0
8102	0
8103	0
8104	0
8105	0
8106	0
8107	0
8108	0
8109	0
8110	0
8111	0
8112	0
8113	0
8114	0
8115	0
8116	0
8117	0
8118	0
8119	0
8120	0
8121	0
8122	0
8123	0
8124	0
8125	0
8126	0
8127	0
8128	0
8129	0
8130	0
8131	0
8132	0
8133	0
8134	0
8135	0
8136	0
8137	0
8138	0
8139	0
8140	0
8141	0
8142	0
8143	0
8144	0
8145	0
8146	0
8147	0
8148	0
8149	0
8150	0
8151	0
8152	0
8153	0
8154	0
8155	0
8156	0
8157	0
8158	0
8159	0
8160	0
8161	0
8162	0
8163	0
8164	0
8165	0
8166	0
8167	0
8168	0
8169	0
8170	0
8171	0
8172	0
8173	0
8174	0
8175	0
8176	0
8177	0
8178	0
8179	0
8180	0
8181	0
8182	0
8183	0
8184	0
8185	0
8186	0
8187	0
8188	0
8189	0
8190	0
8191	0
