0	0
1	0
2	0
3	0
4	0
5	0
6	0
7	0
8	0
9	0
10	0
11	0
12	0
13	0
14	0
15	0
16	0
17	0
18	0
19	0
20	0
21	0
22	0
23	0
24	0
25	0
26	0
27	0
28	0
29	0
30	0
31	0
32	0
33	0
34	0
35	0
36	0
37	0
38	0
39	0
40	0
41	0
42	0
43	0
44	0
45	0
46	0
47	0
48	0
49	0
50	0
51	0
52	0
53	0
54	0
55	0
56	0
57	0
58	0
59	0
60	0
61	0
62	0
63	0
64	0
65	0
66	0
67	3
68	-4
69	28
70	8
71	12
72	65
73	61
74	5
75	10
76	-59
77	52
78	-6
79	14
80	5
81	-24
82	31
83	-42
84	18
85	-25
86	48
87	-15
88	0
89	-11
90	-32
91	12
92	22
93	11
94	50
95	-15
96	14
97	24
98	59
99	25
100	87
101	35
102	105
103	16
104	72
105	37
106	9
107	-58
108	-94
109	-71
110	-44
111	-8
112	-47
113	11
114	-23
115	10
116	-17
117	-64
118	5
119	37
120	-30
121	-9
122	-7
123	-22
124	3
125	-14
126	-40
127	-18
128	-30
129	-15
130	-5
131	-6
132	-28
133	6
134	18
135	-13
136	34
137	31
138	19
139	5
140	-44
141	16
142	3
143	-5
144	-11
145	-14
146	-21
147	13
148	14
149	13
150	0
151	4
152	10
153	-10
154	46
155	-7
156	54
157	-19
158	-19
159	0
160	21
161	28
162	26
163	10
164	20
165	-27
166	20
167	30
168	22
169	21
170	-3
171	25
172	-5
173	-10
174	21
175	7
176	-8
177	10
178	12
179	50
180	-38
181	-40
182	5
183	-30
184	-39
185	9
186	46
187	12
188	-17
189	-3
190	-29
191	16
192	-16
193	15
194	9
195	1
196	29
197	36
198	-16
199	-35
200	16
201	32
202	0
203	-12
204	16
205	-7
206	29
207	-20
208	-33
209	-6
210	-2
211	1
212	-48
213	24
214	69
215	-17
216	-1
217	36
218	-15
219	-19
220	55
221	-41
222	11
223	12
224	-30
225	-2
226	-25
227	12
228	-33
229	-25
230	25
231	-63
232	-50
233	-1
234	15
235	-18
236	33
237	-22
238	18
239	35
240	-16
241	25
242	-13
243	-1
244	4
245	14
246	8
247	-43
248	61
249	-46
250	-13
251	-7
252	4
253	47
254	-29
255	-12
256	27
257	-2
258	11
259	-14
260	-11
261	-53
262	39
263	-3
264	-11
265	-14
266	-11
267	-6
268	-2
269	-26
270	-16
271	-10
272	-28
273	28
274	-37
275	66
276	-8
277	1
278	-52
279	35
280	20
281	71
282	-8
283	10
284	-2
285	8
286	-23
287	23
288	23
289	47
290	-67
291	-26
292	1
293	-13
294	-22
295	-20
296	-17
297	-12
298	-32
299	-53
300	-33
301	28
302	23
303	-8
304	-16
305	2
306	11
307	11
308	-16
309	41
310	-39
311	17
312	42
313	9
314	-18
315	37
316	-5
317	2
318	-45
319	-5
320	28
321	28
322	-12
323	-5
324	25
325	-20
326	-33
327	-7
328	51
329	4
330	35
331	-44
332	-18
333	-36
334	-15
335	14
336	28
337	-7
338	17
339	-30
340	-32
341	-27
342	10
343	-39
344	55
345	-43
346	-44
347	46
348	0
349	-1
350	6
351	-37
352	-72
353	-118
354	16
355	-33
356	8
357	-9
358	-28
359	20
360	-17
361	-16
362	-61
363	-95
364	-93
365	-24
366	-63
367	19
368	72
369	100
370	131
371	50
372	41
373	-64
374	-1
375	-15
376	-26
377	-31
378	6
379	16
380	-7
381	-1
382	21
383	0
384	-7
385	-44
386	-5
387	-25
388	11
389	13
390	-21
391	74
392	-22
393	23
394	-6
395	-20
396	11
397	54
398	14
399	18
400	-23
401	54
402	9
403	-3
404	-15
405	2
406	9
407	-17
408	61
409	49
410	-3
411	8
412	-41
413	-46
414	-66
415	-138
416	-68
417	-57
418	67
419	10
420	20
421	45
422	39
423	66
424	14
425	25
426	51
427	-31
428	-8
429	46
430	20
431	47
432	0
433	17
434	12
435	31
436	19
437	45
438	-7
439	19
440	0
441	-54
442	24
443	5
444	-33
445	24
446	12
447	2
448	-36
449	-9
450	28
451	26
452	57
453	22
454	-38
455	1
456	26
457	3
458	-14
459	-53
460	1
461	20
462	-9
463	-27
464	35
465	-7
466	-9
467	-40
468	-9
469	-30
470	45
471	22
472	-7
473	0
474	-36
475	-32
476	-7
477	-23
478	18
479	8
480	24
481	40
482	21
483	-46
484	65
485	36
486	-9
487	14
488	-21
489	-34
490	22
491	-36
492	-23
493	3
494	-14
495	-42
496	21
497	5
498	25
499	6
500	10
501	-23
502	10
503	30
504	-1
505	-33
506	16
507	-11
508	14
509	0
510	-7
511	26
512	-23
513	-36
514	7
515	-6
516	78
517	26
518	-18
519	46
520	60
521	-23
522	-3
523	16
524	-43
525	-52
526	-4
527	-12
528	0
529	-18
530	21
531	11
532	-8
533	4
534	-31
535	35
536	0
537	30
538	64
539	-15
540	-8
541	13
542	-19
543	0
544	17
545	-29
546	-8
547	4
548	28
549	5
550	-19
551	-23
552	10
553	75
554	63
555	30
556	-39
557	-75
558	-68
559	-10
560	-20
561	15
562	-47
563	32
564	-4
565	79
566	31
567	52
568	13
569	-62
570	-25
571	-47
572	-25
573	-52
574	34
575	23
576	17
577	27
578	58
579	30
580	-6
581	-33
582	46
583	-53
584	-20
585	52
586	17
587	45
588	48
589	-1
590	35
591	37
592	27
593	28
594	9
595	-9
596	3
597	-14
598	31
599	-4
600	24
601	11
602	13
603	-44
604	-29
605	-12
606	9
607	-31
608	-35
609	-59
610	6
611	16
612	31
613	-27
614	-1
615	11
616	49
617	-10
618	59
619	24
620	12
621	46
622	-27
623	-5
624	-24
625	-48
626	0
627	-5
628	-10
629	-19
630	22
631	16
632	1
633	11
634	13
635	24
636	11
637	-25
638	29
639	-28
640	1
641	12
642	-16
643	33
644	-18
645	-1
646	21
647	29
648	-24
649	-12
650	-18
651	7
652	37
653	48
654	-11
655	-24
656	37
657	1
658	21
659	-25
660	-27
661	-14
662	41
663	-52
664	-1
665	0
666	19
667	49
668	27
669	-15
670	-57
671	5
672	8
673	16
674	-3
675	22
676	23
677	3
678	15
679	-16
680	-39
681	25
682	1
683	26
684	1
685	-51
686	24
687	-48
688	41
689	-13
690	-12
691	-15
692	8
693	-22
694	7
695	55
696	-17
697	18
698	20
699	15
700	10
701	6
702	4
703	50
704	15
705	1
706	14
707	53
708	26
709	-24
710	23
711	31
712	11
713	14
714	-20
715	35
716	12
717	4
718	-13
719	-1
720	-19
721	-34
722	-1
723	24
724	4
725	-11
726	11
727	20
728	26
729	-13
730	-41
731	-5
732	-6
733	31
734	71
735	-12
736	12
737	-7
738	23
739	19
740	-11
741	30
742	60
743	10
744	11
745	13
746	-9
747	-2
748	12
749	29
750	5
751	1
752	-5
753	-18
754	25
755	16
756	-41
757	24
758	2
759	-10
760	12
761	-2
762	14
763	12
764	7
765	27
766	3
767	-4
768	-20
769	5
770	0
771	-2
772	13
773	20
774	36
775	-32
776	54
777	34
778	-2
779	92
780	-13
781	-38
782	13
783	-2
784	58
785	11
786	38
787	-3
788	37
789	28
790	-33
791	-20
792	17
793	-24
794	16
795	18
796	22
797	10
798	28
799	-5
800	16
801	9
802	20
803	-59
804	-6
805	-12
806	-20
807	43
808	23
809	2
810	-12
811	24
812	-4
813	-58
814	30
815	-17
816	27
817	54
818	11
819	16
820	32
821	5
822	-14
823	-7
824	16
825	-28
826	-5
827	15
828	16
829	-4
830	-5
831	7
832	12
833	41
834	-28
835	-29
836	-25
837	42
838	-10
839	-8
840	-3
841	2
842	-5
843	-2
844	-16
845	10
846	-32
847	23
848	-6
849	46
850	-14
851	46
852	29
853	-48
854	10
855	-9
856	51
857	-30
858	1
859	-10
860	25
861	-2
862	4
863	41
864	-14
865	-9
866	-17
867	40
868	19
869	-6
870	-52
871	23
872	16
873	1
874	23
875	-3
876	4
877	0
878	-27
879	5
880	30
881	10
882	2
883	9
884	21
885	6
886	13
887	14
888	-4
889	-1
890	6
891	5
892	16
893	50
894	19
895	-12
896	13
897	31
898	36
899	-29
900	1
901	40
902	-69
903	20
904	32
905	8
906	50
907	1
908	-17
909	-13
910	2
911	15
912	7
913	-33
914	-14
915	-7
916	-2
917	-13
918	-36
919	-9
920	2
921	-1
922	-4
923	-7
924	-34
925	-12
926	4
927	4
928	27
929	-1
930	-53
931	-17
932	37
933	-12
934	29
935	-53
936	10
937	-43
938	-11
939	51
940	-13
941	57
942	-13
943	20
944	13
945	-13
946	-22
947	27
948	4
949	2
950	-19
951	-6
952	-31
953	1
954	-8
955	-11
956	-2
957	53
958	34
959	-6
960	17
961	-5
962	33
963	-3
964	-19
965	-17
966	26
967	-16
968	-7
969	19
970	-2
971	-9
972	44
973	0
974	39
975	-9
976	46
977	45
978	-1
979	-20
980	11
981	-54
982	17
983	2
984	-8
985	12
986	28
987	34
988	-3
989	-6
990	60
991	8
992	5
993	-20
994	-18
995	5
996	-27
997	14
998	3
999	28
1000	15
1001	11
1002	31
1003	-1
1004	-1
1005	8
1006	-10
1007	33
1008	28
1009	-23
1010	-12
1011	-1
1012	4
1013	23
1014	10
1015	-20
1016	10
1017	-50
1018	4
1019	0
1020	4
1021	12
1022	17
1023	-10
1024	-6
1025	-45
1026	10
1027	50
1028	10
1029	-12
1030	-21
1031	5
1032	1
1033	17
1034	23
1035	15
1036	21
1037	-11
1038	48
1039	31
1040	-21
1041	-9
1042	16
1043	0
1044	-19
1045	-16
1046	-4
1047	-50
1048	1
1049	-13
1050	13
1051	-9
1052	43
1053	31
1054	-18
1055	-3
1056	-32
1057	-24
1058	14
1059	2
1060	14
1061	26
1062	21
1063	0
1064	1
1065	19
1066	-35
1067	29
1068	25
1069	8
1070	34
1071	9
1072	1
1073	-44
1074	-3
1075	12
1076	5
1077	14
1078	-1
1079	-30
1080	31
1081	-9
1082	40
1083	22
1084	1
1085	-5
1086	27
1087	-8
1088	27
1089	17
1090	16
1091	8
1092	13
1093	45
1094	-32
1095	26
1096	-20
1097	11
1098	21
1099	-7
1100	-11
1101	44
1102	-13
1103	-8
1104	7
1105	-11
1106	14
1107	35
1108	15
1109	22
1110	15
1111	8
1112	-10
1113	21
1114	0
1115	13
1116	-18
1117	38
1118	8
1119	29
1120	-20
1121	-1
1122	6
1123	-15
1124	3
1125	18
1126	12
1127	33
1128	-22
1129	-16
1130	-13
1131	8
1132	37
1133	33
1134	-35
1135	-39
1136	7
1137	-25
1138	-9
1139	29
1140	24
1141	-34
1142	-3
1143	4
1144	36
1145	15
1146	-2
1147	-5
1148	21
1149	25
1150	23
1151	30
1152	-12
1153	-14
1154	29
1155	-26
1156	30
1157	15
1158	37
1159	11
1160	22
1161	-19
1162	-1
1163	19
1164	32
1165	-4
1166	0
1167	31
1168	16
1169	-8
1170	18
1171	-4
1172	11
1173	2
1174	-23
1175	23
1176	-5
1177	-23
1178	12
1179	39
1180	22
1181	-20
1182	1
1183	15
1184	28
1185	22
1186	-11
1187	1
1188	17
1189	-8
1190	15
1191	-27
1192	-3
1193	10
1194	-8
1195	33
1196	1
1197	-3
1198	15
1199	-13
1200	29
1201	-25
1202	4
1203	2
1204	1
1205	-1
1206	-5
1207	2
1208	17
1209	-15
1210	-10
1211	-7
1212	2
1213	6
1214	-11
1215	91
1216	16
1217	34
1218	12
1219	19
1220	12
1221	27
1222	-2
1223	32
1224	-19
1225	-16
1226	-51
1227	3
1228	-7
1229	25
1230	4
1231	-18
1232	17
1233	-27
1234	-5
1235	-57
1236	27
1237	20
1238	-2
1239	15
1240	12
1241	3
1242	-15
1243	-3
1244	8
1245	-5
1246	18
1247	21
1248	2
1249	7
1250	-49
1251	-15
1252	-2
1253	21
1254	-21
1255	-8
1256	10
1257	12
1258	-4
1259	-8
1260	10
1261	21
1262	20
1263	-6
1264	36
1265	19
1266	6
1267	-19
1268	2
1269	8
1270	7
1271	10
1272	39
1273	23
1274	-22
1275	9
1276	40
1277	7
1278	-10
1279	6
1280	12
1281	-4
1282	-19
1283	30
1284	25
1285	7
1286	-9
1287	-13
1288	29
1289	23
1290	1
1291	3
1292	-12
1293	31
1294	-47
1295	38
1296	11
1297	-6
1298	-9
1299	-33
1300	13
1301	54
1302	20
1303	34
1304	-23
1305	36
1306	-2
1307	14
1308	14
1309	-25
1310	-7
1311	-19
1312	6
1313	-9
1314	41
1315	0
1316	25
1317	-10
1318	-4
1319	21
1320	13
1321	3
1322	-6
1323	17
1324	52
1325	-5
1326	17
1327	6
1328	26
1329	-5
1330	-33
1331	26
1332	-9
1333	-13
1334	-8
1335	20
1336	14
1337	14
1338	-7
1339	26
1340	-7
1341	-36
1342	8
1343	43
1344	27
1345	-30
1346	-21
1347	0
1348	23
1349	8
1350	18
1351	15
1352	1
1353	0
1354	-10
1355	-1
1356	-8
1357	0
1358	8
1359	5
1360	26
1361	-15
1362	24
1363	-2
1364	-1
1365	0
1366	32
1367	8
1368	33
1369	8
1370	25
1371	-4
1372	-8
1373	4
1374	15
1375	7
1376	3
1377	13
1378	-23
1379	42
1380	7
1381	17
1382	-12
1383	11
1384	-3
1385	-6
1386	-47
1387	-4
1388	-7
1389	-23
1390	28
1391	28
1392	13
1393	-14
1394	-16
1395	16
1396	11
1397	4
1398	-7
1399	14
1400	64
1401	30
1402	17
1403	1
1404	13
1405	18
1406	1
1407	19
1408	7
1409	-15
1410	16
1411	11
1412	-12
1413	-29
1414	-14
1415	6
1416	-9
1417	18
1418	-13
1419	8
1420	-11
1421	5
1422	-34
1423	12
1424	-23
1425	17
1426	-18
1427	24
1428	21
1429	-50
1430	15
1431	12
1432	-6
1433	10
1434	11
1435	21
1436	21
1437	14
1438	-24
1439	27
1440	1
1441	-19
1442	-22
1443	-7
1444	6
1445	24
1446	56
1447	-4
1448	21
1449	21
1450	1
1451	-7
1452	29
1453	28
1454	-2
1455	-12
1456	-9
1457	-25
1458	28
1459	1
1460	35
1461	-26
1462	-11
1463	10
1464	16
1465	37
1466	51
1467	20
1468	33
1469	-13
1470	-21
1471	22
1472	-13
1473	37
1474	17
1475	-27
1476	-11
1477	24
1478	27
1479	17
1480	2
1481	14
1482	6
1483	-37
1484	2
1485	11
1486	24
1487	-16
1488	-3
1489	23
1490	-18
1491	12
1492	-25
1493	8
1494	-8
1495	2
1496	-16
1497	10
1498	11
1499	-16
1500	-9
1501	-8
1502	-24
1503	6
1504	-7
1505	2
1506	-4
1507	-56
1508	-19
1509	4
1510	24
1511	26
1512	-6
1513	-9
1514	-6
1515	-31
1516	-10
1517	13
1518	2
1519	5
1520	33
1521	-6
1522	8
1523	-19
1524	-6
1525	1
1526	1
1527	-21
1528	15
1529	-21
1530	-8
1531	-8
1532	-3
1533	-16
1534	1
1535	46
1536	-22
1537	-4
1538	-2
1539	0
1540	7
1541	11
1542	32
1543	11
1544	-13
1545	-17
1546	7
1547	17
1548	-2
1549	14
1550	-1
1551	20
1552	-7
1553	-15
1554	-6
1555	12
1556	24
1557	10
1558	23
1559	-7
1560	-2
1561	-10
1562	-20
1563	10
1564	21
1565	36
1566	-14
1567	24
1568	1
1569	-25
1570	-5
1571	5
1572	-8
1573	7
1574	-23
1575	33
1576	18
1577	57
1578	-40
1579	2
1580	-38
1581	-3
1582	29
1583	-16
1584	22
1585	30
1586	-32
1587	40
1588	11
1589	-14
1590	3
1591	-12
1592	16
1593	20
1594	-4
1595	-12
1596	7
1597	39
1598	8
1599	-2
1600	19
1601	10
1602	0
1603	16
1604	1
1605	6
1606	6
1607	18
1608	13
1609	33
1610	-13
1611	20
1612	18
1613	10
1614	-24
1615	12
1616	39
1617	21
1618	11
1619	-17
1620	-16
1621	6
1622	2
1623	-6
1624	-17
1625	13
1626	29
1627	-4
1628	-13
1629	9
1630	-2
1631	-3
1632	-14
1633	-21
1634	33
1635	22
1636	-9
1637	6
1638	6
1639	-18
1640	14
1641	8
1642	23
1643	9
1644	-8
1645	12
1646	9
1647	30
1648	12
1649	18
1650	5
1651	-8
1652	21
1653	0
1654	19
1655	-6
1656	11
1657	13
1658	12
1659	4
1660	41
1661	-1
1662	44
1663	27
1664	-1
1665	-7
1666	21
1667	-37
1668	-9
1669	15
1670	40
1671	-12
1672	-9
1673	-45
1674	13
1675	8
1676	6
1677	-25
1678	3
1679	-2
1680	29
1681	-3
1682	-25
1683	15
1684	23
1685	8
1686	26
1687	-8
1688	23
1689	28
1690	19
1691	33
1692	-3
1693	9
1694	6
1695	0
1696	-3
1697	-4
1698	-10
1699	2
1700	5
1701	2
1702	0
1703	20
1704	-14
1705	1
1706	13
1707	-25
1708	28
1709	4
1710	-24
1711	11
1712	5
1713	-21
1714	9
1715	-12
1716	27
1717	17
1718	20
1719	5
1720	-6
1721	-5
1722	-12
1723	-2
1724	-12
1725	-13
1726	23
1727	-11
1728	-8
1729	-11
1730	34
1731	34
1732	-9
1733	-9
1734	-2
1735	-16
1736	17
1737	3
1738	-17
1739	31
1740	24
1741	10
1742	-1
1743	-1
1744	-8
1745	8
1746	1
1747	16
1748	3
1749	-15
1750	-21
1751	2
1752	-31
1753	-7
1754	0
1755	10
1756	-4
1757	-4
1758	-13
1759	32
1760	4
1761	12
1762	-27
1763	-28
1764	5
1765	5
1766	10
1767	0
1768	20
1769	9
1770	-1
1771	12
1772	-5
1773	-11
1774	-19
1775	22
1776	-2
1777	19
1778	-13
1779	1
1780	31
1781	13
1782	9
1783	9
1784	-1
1785	-14
1786	33
1787	11
1788	16
1789	-13
1790	-10
1791	-32
1792	-9
1793	-5
1794	-16
1795	5
1796	6
1797	-42
1798	-12
1799	24
1800	30
1801	17
1802	11
1803	23
1804	13
1805	-17
1806	-17
1807	-14
1808	7
1809	9
1810	7
1811	2
1812	-5
1813	7
1814	9
1815	13
1816	28
1817	-4
1818	23
1819	13
1820	23
1821	25
1822	3
1823	1
1824	2
1825	30
1826	10
1827	-13
1828	-22
1829	-15
1830	3
1831	8
1832	13
1833	-8
1834	10
1835	-10
1836	0
1837	-8
1838	15
1839	-6
1840	-1
1841	20
1842	16
1843	-18
1844	-12
1845	-1
1846	34
1847	-8
1848	-6
1849	-17
1850	24
1851	7
1852	29
1853	-17
1854	-3
1855	1
1856	-13
1857	-26
1858	-9
1859	21
1860	12
1861	17
1862	26
1863	40
1864	10
1865	-4
1866	6
1867	16
1868	12
1869	21
1870	-23
1871	8
1872	22
1873	-22
1874	-4
1875	16
1876	1
1877	10
1878	7
1879	-22
1880	0
1881	-3
1882	14
1883	10
1884	11
1885	30
1886	-9
1887	5
1888	-7
1889	16
1890	-21
1891	9
1892	-19
1893	23
1894	32
1895	11
1896	15
1897	-1
1898	9
1899	14
1900	24
1901	8
1902	-3
1903	26
1904	-20
1905	6
1906	-8
1907	2
1908	-5
1909	-27
1910	12
1911	-1
1912	19
1913	-1
1914	-1
1915	-20
1916	18
1917	-18
1918	0
1919	0
1920	-14
1921	28
1922	34
1923	17
1924	2
1925	9
1926	19
1927	1
1928	23
1929	8
1930	-7
1931	15
1932	-5
1933	-21
1934	-7
1935	16
1936	-1
1937	2
1938	-14
1939	30
1940	-3
1941	-6
1942	8
1943	10
1944	-4
1945	23
1946	-19
1947	-1
1948	-11
1949	-10
1950	-3
1951	4
1952	13
1953	-6
1954	-6
1955	11
1956	24
1957	0
1958	0
1959	29
1960	33
1961	-6
1962	9
1963	13
1964	13
1965	29
1966	-4
1967	9
1968	15
1969	-4
1970	-6
1971	-4
1972	11
1973	37
1974	1
1975	17
1976	11
1977	-2
1978	-8
1979	7
1980	8
1981	-7
1982	22
1983	20
1984	3
1985	22
1986	-6
1987	-29
1988	-1
1989	3
1990	22
1991	10
1992	-4
1993	11
1994	-19
1995	-2
1996	-8
1997	3
1998	-1
1999	-10
2000	-5
2001	11
2002	7
2003	-1
2004	12
2005	4
2006	8
2007	7
2008	6
2009	-9
2010	47
2011	4
2012	-9
2013	-6
2014	18
2015	-6
2016	6
2017	-15
2018	-7
2019	0
2020	-16
2021	28
2022	-2
2023	-5
2024	-14
2025	0
2026	-28
2027	5
2028	17
2029	6
2030	-12
2031	25
2032	6
2033	1
2034	28
2035	-2
2036	4
2037	0
2038	28
2039	7
2040	-14
2041	0
2042	16
2043	5
2044	-1
2045	-10
2046	25
2047	-26
2048	17
2049	-4
2050	-14
2051	19
2052	-1
2053	5
2054	22
2055	29
2056	1
2057	-10
2058	-3
2059	-4
2060	47
2061	0
2062	16
2063	24
2064	-23
2065	7
2066	8
2067	-25
2068	7
2069	-11
2070	14
2071	-10
2072	-8
2073	15
2074	-1
2075	16
2076	6
2077	-3
2078	11
2079	-2
2080	3
2081	6
2082	-3
2083	9
2084	42
2085	13
2086	3
2087	-2
2088	-18
2089	-15
2090	13
2091	9
2092	1
2093	-8
2094	8
2095	21
2096	2
2097	3
2098	-12
2099	-23
2100	12
2101	0
2102	-4
2103	33
2104	-9
2105	8
2106	16
2107	-22
2108	2
2109	7
2110	12
2111	-2
2112	-11
2113	-7
2114	21
2115	-2
2116	8
2117	-20
2118	2
2119	15
2120	-8
2121	-3
2122	17
2123	15
2124	26
2125	4
2126	-7
2127	-8
2128	2
2129	-14
2130	5
2131	-19
2132	6
2133	6
2134	6
2135	12
2136	-12
2137	8
2138	-2
2139	-11
2140	11
2141	9
2142	-5
2143	-8
2144	-11
2145	11
2146	-1
2147	2
2148	3
2149	20
2150	-17
2151	-17
2152	-17
2153	4
2154	-12
2155	10
2156	13
2157	-15
2158	-16
2159	10
2160	-6
2161	25
2162	3
2163	-1
2164	-13
2165	-18
2166	15
2167	20
2168	-1
2169	-3
2170	-12
2171	-16
2172	-23
2173	16
2174	16
2175	20
2176	-11
2177	-10
2178	19
2179	-15
2180	-3
2181	-25
2182	-3
2183	-12
2184	-4
2185	5
2186	-7
2187	-6
2188	11
2189	-12
2190	-9
2191	6
2192	3
2193	10
2194	-30
2195	17
2196	12
2197	-1
2198	18
2199	11
2200	16
2201	-3
2202	1
2203	-4
2204	-11
2205	-3
2206	-9
2207	-25
2208	3
2209	13
2210	6
2211	7
2212	15
2213	6
2214	4
2215	7
2216	4
2217	2
2218	16
2219	7
2220	14
2221	12
2222	-7
2223	8
2224	28
2225	-3
2226	13
2227	-21
2228	21
2229	6
2230	0
2231	9
2232	21
2233	-17
2234	10
2235	38
2236	-2
2237	18
2238	1
2239	37
2240	18
2241	13
2242	11
2243	10
2244	2
2245	6
2246	-19
2247	31
2248	10
2249	9
2250	0
2251	-6
2252	25
2253	23
2254	9
2255	15
2256	-2
2257	-8
2258	10
2259	25
2260	-13
2261	-18
2262	-4
2263	-11
2264	12
2265	15
2266	-23
2267	7
2268	25
2269	-2
2270	18
2271	0
2272	29
2273	-9
2274	-2
2275	-8
2276	14
2277	11
2278	11
2279	9
2280	11
2281	21
2282	5
2283	26
2284	6
2285	-22
2286	-2
2287	18
2288	5
2289	21
2290	2
2291	-10
2292	15
2293	11
2294	11
2295	12
2296	18
2297	28
2298	19
2299	22
2300	-23
2301	8
2302	-11
2303	16
2304	24
2305	16
2306	4
2307	13
2308	14
2309	-13
2310	5
2311	-8
2312	13
2313	5
2314	-7
2315	-15
2316	2
2317	9
2318	8
2319	27
2320	-3
2321	13
2322	10
2323	-2
2324	23
2325	7
2326	-7
2327	1
2328	11
2329	-17
2330	30
2331	5
2332	-4
2333	12
2334	-6
2335	-2
2336	-11
2337	9
2338	3
2339	27
2340	-4
2341	-3
2342	11
2343	14
2344	-8
2345	27
2346	-13
2347	27
2348	-12
2349	18
2350	-3
2351	14
2352	-14
2353	-8
2354	-11
2355	-14
2356	28
2357	-10
2358	-7
2359	28
2360	16
2361	11
2362	9
2363	25
2364	7
2365	-5
2366	0
2367	2
2368	-22
2369	17
2370	29
2371	17
2372	-20
2373	4
2374	9
2375	-1
2376	2
2377	26
2378	15
2379	20
2380	10
2381	2
2382	-22
2383	2
2384	-10
2385	-4
2386	9
2387	14
2388	-19
2389	-3
2390	3
2391	-15
2392	13
2393	11
2394	21
2395	-4
2396	1
2397	8
2398	1
2399	5
2400	-8
2401	-2
2402	22
2403	4
2404	12
2405	4
2406	-18
2407	-7
2408	0
2409	16
2410	3
2411	33
2412	-3
2413	-7
2414	-7
2415	-1
2416	3
2417	-9
2418	1
2419	-7
2420	8
2421	-12
2422	14
2423	-9
2424	10
2425	-2
2426	-19
2427	2
2428	-22
2429	4
2430	-2
2431	-18
2432	2
2433	0
2434	22
2435	38
2436	2
2437	2
2438	23
2439	1
2440	-25
2441	17
2442	8
2443	5
2444	0
2445	-7
2446	11
2447	3
2448	7
2449	25
2450	-2
2451	16
2452	3
2453	-30
2454	4
2455	10
2456	-8
2457	-8
2458	15
2459	-21
2460	18
2461	19
2462	-10
2463	-1
2464	-8
2465	10
2466	6
2467	7
2468	-9
2469	1
2470	21
2471	4
2472	-34
2473	-12
2474	10
2475	20
2476	-2
2477	-3
2478	1
2479	15
2480	8
2481	8
2482	8
2483	-11
2484	1
2485	2
2486	14
2487	-5
2488	-4
2489	-20
2490	7
2491	-6
2492	5
2493	4
2494	-8
2495	-23
2496	23
2497	11
2498	-15
2499	20
2500	-1
2501	10
2502	10
2503	-14
2504	-9
2505	2
2506	4
2507	2
2508	8
2509	-12
2510	2
2511	-3
2512	7
2513	2
2514	3
2515	-3
2516	4
2517	0
2518	14
2519	13
2520	-22
2521	2
2522	-14
2523	10
2524	16
2525	12
2526	10
2527	8
2528	14
2529	20
2530	10
2531	18
2532	10
2533	6
2534	5
2535	-2
2536	11
2537	5
2538	-19
2539	15
2540	20
2541	-5
2542	-6
2543	-33
2544	0
2545	-2
2546	18
2547	17
2548	-5
2549	11
2550	-4
2551	13
2552	-5
2553	5
2554	9
2555	5
2556	-1
2557	-20
2558	-1
2559	8
2560	9
2561	2
2562	12
2563	12
2564	-15
2565	7
2566	11
2567	3
2568	-3
2569	-6
2570	-5
2571	8
2572	-4
2573	-5
2574	4
2575	-6
2576	6
2577	4
2578	-8
2579	-15
2580	-5
2581	11
2582	3
2583	-9
2584	-2
2585	4
2586	16
2587	11
2588	0
2589	2
2590	-21
2591	9
2592	17
2593	9
2594	-13
2595	4
2596	-4
2597	-2
2598	-2
2599	-5
2600	2
2601	18
2602	-9
2603	-6
2604	12
2605	15
2606	-15
2607	-13
2608	8
2609	14
2610	-2
2611	-4
2612	-9
2613	-13
2614	-46
2615	-4
2616	5
2617	-14
2618	2
2619	-10
2620	-25
2621	-40
2622	-11
2623	-9
2624	24
2625	18
2626	14
2627	6
2628	-21
2629	16
2630	-2
2631	32
2632	-12
2633	17
2634	-1
2635	24
2636	10
2637	-8
2638	3
2639	-1
2640	-11
2641	-18
2642	8
2643	-6
2644	-6
2645	1
2646	-3
2647	-9
2648	-6
2649	-8
2650	28
2651	5
2652	8
2653	7
2654	8
2655	1
2656	6
2657	-3
2658	-2
2659	-4
2660	-2
2661	7
2662	-16
2663	18
2664	3
2665	6
2666	12
2667	9
2668	-7
2669	3
2670	-11
2671	30
2672	-9
2673	11
2674	-12
2675	22
2676	2
2677	0
2678	-11
2679	8
2680	12
2681	29
2682	-13
2683	2
2684	22
2685	4
2686	3
2687	5
2688	11
2689	-8
2690	-19
2691	15
2692	-17
2693	-5
2694	-5
2695	-4
2696	-7
2697	-12
2698	20
2699	3
2700	18
2701	2
2702	-12
2703	3
2704	12
2705	0
2706	-14
2707	20
2708	-9
2709	14
2710	10
2711	0
2712	8
2713	-6
2714	-4
2715	2
2716	29
2717	-13
2718	1
2719	4
2720	14
2721	16
2722	24
2723	-21
2724	-13
2725	12
2726	-2
2727	12
2728	-2
2729	9
2730	2
2731	33
2732	8
2733	4
2734	7
2735	-5
2736	0
2737	19
2738	19
2739	-6
2740	2
2741	-1
2742	3
2743	2
2744	-15
2745	0
2746	-7
2747	-9
2748	-14
2749	12
2750	24
2751	-4
2752	1
2753	0
2754	-1
2755	-13
2756	-5
2757	-26
2758	-2
2759	12
2760	28
2761	-10
2762	16
2763	14
2764	-9
2765	6
2766	-7
2767	-10
2768	9
2769	-7
2770	5
2771	4
2772	3
2773	-8
2774	5
2775	-3
2776	13
2777	6
2778	-1
2779	-3
2780	-4
2781	3
2782	11
2783	-6
2784	-2
2785	10
2786	-6
2787	-6
2788	3
2789	11
2790	-3
2791	9
2792	-7
2793	26
2794	-17
2795	-7
2796	27
2797	7
2798	-6
2799	-20
2800	-6
2801	15
2802	-1
2803	-12
2804	12
2805	20
2806	7
2807	10
2808	-4
2809	3
2810	-2
2811	-6
2812	9
2813	10
2814	-3
2815	-1
2816	-2
2817	16
2818	29
2819	15
2820	4
2821	-21
2822	8
2823	-5
2824	-10
2825	-6
2826	11
2827	-2
2828	-13
2829	6
2830	5
2831	8
2832	3
2833	0
2834	6
2835	8
2836	-6
2837	27
2838	8
2839	1
2840	16
2841	13
2842	11
2843	16
2844	12
2845	-3
2846	13
2847	-5
2848	-6
2849	-6
2850	19
2851	14
2852	-6
2853	15
2854	-3
2855	1
2856	-4
2857	-1
2858	1
2859	-8
2860	18
2861	-2
2862	-12
2863	15
2864	16
2865	5
2866	17
2867	-6
2868	-1
2869	2
2870	-1
2871	-7
2872	-3
2873	-10
2874	24
2875	-12
2876	12
2877	11
2878	2
2879	3
2880	-13
2881	18
2882	-17
2883	-6
2884	-18
2885	-4
2886	-1
2887	-9
2888	13
2889	30
2890	16
2891	8
2892	10
2893	9
2894	11
2895	12
2896	19
2897	-7
2898	14
2899	-4
2900	-5
2901	9
2902	-11
2903	0
2904	-3
2905	-2
2906	-20
2907	-10
2908	5
2909	0
2910	-3
2911	0
2912	1
2913	0
2914	4
2915	6
2916	10
2917	8
2918	-7
2919	-2
2920	0
2921	9
2922	1
2923	15
2924	8
2925	-14
2926	10
2927	-10
2928	16
2929	-24
2930	-7
2931	-10
2932	13
2933	0
2934	2
2935	16
2936	12
2937	9
2938	19
2939	-2
2940	-19
2941	-9
2942	-13
2943	3
2944	9
2945	14
2946	26
2947	-19
2948	-29
2949	-11
2950	24
2951	-6
2952	-6
2953	-1
2954	11
2955	-5
2956	-30
2957	10
2958	-16
2959	-17
2960	-12
2961	-12
2962	23
2963	15
2964	15
2965	7
2966	22
2967	7
2968	13
2969	20
2970	-13
2971	7
2972	8
2973	7
2974	-2
2975	8
2976	7
2977	-16
2978	-3
2979	-8
2980	6
2981	11
2982	12
2983	6
2984	-15
2985	-2
2986	3
2987	12
2988	-16
2989	6
2990	-9
2991	15
2992	-4
2993	-30
2994	16
2995	30
2996	-11
2997	20
2998	4
2999	21
3000	9
3001	6
3002	9
3003	27
3004	3
3005	16
3006	6
3007	9
3008	-6
3009	-6
3010	-6
3011	0
3012	6
3013	-7
3014	-20
3015	3
3016	-4
3017	-23
3018	-1
3019	0
3020	15
3021	7
3022	-5
3023	0
3024	-6
3025	-1
3026	7
3027	7
3028	19
3029	8
3030	0
3031	-1
3032	0
3033	2
3034	-8
3035	7
3036	-5
3037	-13
3038	-24
3039	12
3040	-2
3041	12
3042	1
3043	4
3044	6
3045	-2
3046	0
3047	-4
3048	1
3049	8
3050	-9
3051	5
3052	10
3053	-9
3054	-1
3055	9
3056	-3
3057	2
3058	13
3059	-3
3060	-13
3061	5
3062	-5
3063	-8
3064	-3
3065	4
3066	15
3067	-13
3068	17
3069	3
3070	15
3071	-10
3072	-4
3073	0
3074	-6
3075	29
3076	-1
3077	-8
3078	5
3079	-9
3080	-6
3081	11
3082	-19
3083	8
3084	-7
3085	-8
3086	14
3087	-4
3088	-1
3089	-1
3090	-3
3091	-3
3092	11
3093	5
3094	23
3095	2
3096	-7
3097	-1
3098	-8
3099	0
3100	12
3101	-17
3102	-15
3103	-4
3104	-18
3105	4
3106	-11
3107	0
3108	-7
3109	-9
3110	-2
3111	-6
3112	-11
3113	17
3114	2
3115	-5
3116	-2
3117	3
3118	-22
3119	18
3120	23
3121	23
3122	0
3123	5
3124	5
3125	12
3126	10
3127	-27
3128	-25
3129	-18
3130	-48
3131	-3
3132	14
3133	14
3134	4
3135	8
3136	15
3137	-10
3138	22
3139	10
3140	-18
3141	2
3142	-4
3143	-14
3144	-5
3145	0
3146	4
3147	8
3148	-3
3149	18
3150	7
3151	13
3152	-15
3153	-10
3154	-6
3155	-9
3156	9
3157	4
3158	-1
3159	-3
3160	-10
3161	-6
3162	13
3163	0
3164	7
3165	16
3166	-15
3167	3
3168	6
3169	2
3170	8
3171	-9
3172	0
3173	4
3174	2
3175	-2
3176	5
3177	-21
3178	-10
3179	3
3180	10
3181	-9
3182	6
3183	14
3184	0
3185	11
3186	13
3187	4
3188	-16
3189	12
3190	-7
3191	11
3192	10
3193	-23
3194	19
3195	1
3196	10
3197	-16
3198	-6
3199	3
3200	4
3201	-3
3202	-11
3203	-1
3204	18
3205	-1
3206	13
3207	9
3208	10
3209	-9
3210	9
3211	6
3212	-8
3213	19
3214	2
3215	-2
3216	12
3217	8
3218	4
3219	-5
3220	-1
3221	17
3222	6
3223	-7
3224	-9
3225	-6
3226	-3
3227	-3
3228	15
3229	0
3230	-18
3231	-10
3232	-4
3233	10
3234	-11
3235	9
3236	3
3237	3
3238	4
3239	4
3240	-5
3241	-6
3242	-3
3243	-5
3244	-5
3245	-4
3246	-9
3247	7
3248	6
3249	-6
3250	4
3251	-3
3252	0
3253	2
3254	7
3255	-12
3256	-6
3257	-6
3258	15
3259	-12
3260	9
3261	2
3262	-10
3263	8
3264	0
3265	-4
3266	6
3267	3
3268	10
3269	-12
3270	-17
3271	12
3272	0
3273	2
3274	-12
3275	3
3276	5
3277	-9
3278	-5
3279	-1
3280	7
3281	-4
3282	-11
3283	-2
3284	7
3285	23
3286	-12
3287	7
3288	-16
3289	1
3290	2
3291	12
3292	5
3293	-8
3294	10
3295	-1
3296	-13
3297	2
3298	0
3299	-23
3300	-3
3301	5
3302	-5
3303	-3
3304	-2
3305	-11
3306	12
3307	-4
3308	6
3309	-1
3310	-5
3311	4
3312	22
3313	7
3314	12
3315	11
3316	-4
3317	10
3318	9
3319	-17
3320	0
3321	5
3322	10
3323	3
3324	-7
3325	-20
3326	-5
3327	1
3328	-5
3329	7
3330	6
3331	7
3332	5
3333	9
3334	1
3335	8
3336	9
3337	-20
3338	-6
3339	8
3340	19
3341	3
3342	19
3343	15
3344	14
3345	1
3346	-1
3347	2
3348	-17
3349	2
3350	-6
3351	-2
3352	-2
3353	-3
3354	-2
3355	13
3356	5
3357	6
3358	-6
3359	0
3360	6
3361	1
3362	11
3363	15
3364	-1
3365	-18
3366	11
3367	-9
3368	4
3369	4
3370	3
3371	1
3372	-7
3373	-9
3374	5
3375	-11
3376	-16
3377	17
3378	10
3379	11
3380	1
3381	-3
3382	-4
3383	-5
3384	9
3385	-12
3386	16
3387	1
3388	-7
3389	17
3390	-2
3391	-1
3392	7
3393	4
3394	-7
3395	-9
3396	-13
3397	-11
3398	7
3399	12
3400	82
3401	133
3402	140
3403	216
3404	296
3405	159
3406	180
3407	156
3408	143
3409	42
3410	10
3411	7
3412	4
3413	14
3414	14
3415	-5
3416	5
3417	-7
3418	16
3419	-5
3420	-5
3421	11
3422	-11
3423	9
3424	-12
3425	3
3426	-2
3427	-19
3428	-7
3429	-29
3430	-12
3431	1
3432	12
3433	-7
3434	13
3435	-9
3436	-17
3437	18
3438	-13
3439	-12
3440	-1
3441	-3
3442	-8
3443	-20
3444	1
3445	8
3446	3
3447	7
3448	16
3449	-15
3450	0
3451	9
3452	3
3453	-11
3454	7
3455	4
3456	-7
3457	-7
3458	-10
3459	-1
3460	11
3461	10
3462	2
3463	-6
3464	11
3465	4
3466	-12
3467	6
3468	8
3469	-7
3470	-6
3471	6
3472	10
3473	14
3474	9
3475	10
3476	17
3477	10
3478	2
3479	-12
3480	12
3481	1
3482	-6
3483	-8
3484	-2
3485	6
3486	-17
3487	-2
3488	4
3489	5
3490	8
3491	7
3492	-11
3493	-31
3494	2
3495	-2
3496	3
3497	-5
3498	9
3499	6
3500	1
3501	-9
3502	10
3503	-8
3504	2
3505	17
3506	1
3507	-1
3508	17
3509	-8
3510	10
3511	3
3512	2
3513	22
3514	15
3515	-15
3516	-20
3517	5
3518	-3
3519	-9
3520	7
3521	1
3522	5
3523	-9
3524	3
3525	5
3526	9
3527	3
3528	6
3529	-2
3530	22
3531	-12
3532	-14
3533	4
3534	-23
3535	8
3536	-9
3537	8
3538	-12
3539	5
3540	14
3541	5
3542	2
3543	4
3544	-11
3545	-2
3546	14
3547	15
3548	-6
3549	-9
3550	8
3551	-3
3552	2
3553	-11
3554	2
3555	-19
3556	1
3557	-4
3558	-6
3559	4
3560	-4
3561	6
3562	-1
3563	-1
3564	-5
3565	-12
3566	-10
3567	18
3568	6
3569	8
3570	3
3571	-2
3572	12
3573	6
3574	-5
3575	-2
3576	7
3577	-10
3578	-1
3579	-5
3580	-10
3581	-7
3582	-9
3583	-6
3584	-8
3585	1
3586	-9
3587	1
3588	2
3589	4
3590	5
3591	-13
3592	-4
3593	-5
3594	8
3595	-10
3596	8
3597	-3
3598	-9
3599	-10
3600	-7
3601	8
3602	-13
3603	-10
3604	-3
3605	-5
3606	3
3607	3
3608	12
3609	8
3610	2
3611	26
3612	-1
3613	4
3614	-4
3615	7
3616	-6
3617	0
3618	-15
3619	10
3620	-5
3621	2
3622	1
3623	3
3624	-4
3625	7
3626	16
3627	4
3628	6
3629	13
3630	12
3631	0
3632	-13
3633	-3
3634	-11
3635	7
3636	21
3637	-6
3638	-4
3639	11
3640	4
3641	6
3642	-1
3643	-6
3644	4
3645	-9
3646	-12
3647	24
3648	-8
3649	10
3650	-4
3651	3
3652	4
3653	-9
3654	-7
3655	-5
3656	6
3657	-7
3658	-2
3659	8
3660	-10
3661	-3
3662	-14
3663	7
3664	5
3665	-7
3666	-4
3667	6
3668	-13
3669	-12
3670	0
3671	4
3672	-16
3673	5
3674	6
3675	10
3676	11
3677	0
3678	-4
3679	11
3680	-3
3681	-12
3682	-7
3683	1
3684	2
3685	16
3686	-9
3687	11
3688	8
3689	-12
3690	10
3691	7
3692	-3
3693	8
3694	-24
3695	4
3696	0
3697	-8
3698	-11
3699	9
3700	6
3701	18
3702	-9
3703	7
3704	-13
3705	1
3706	21
3707	6
3708	3
3709	-2
3710	-9
3711	-3
3712	-5
3713	-7
3714	12
3715	2
3716	7
3717	9
3718	-2
3719	4
3720	7
3721	4
3722	6
3723	-3
3724	2
3725	1
3726	6
3727	-3
3728	14
3729	6
3730	-8
3731	-13
3732	3
3733	-11
3734	-12
3735	-22
3736	18
3737	9
3738	-7
3739	-20
3740	-20
3741	16
3742	5
3743	-6
3744	3
3745	18
3746	7
3747	-2
3748	2
3749	11
3750	-1
3751	8
3752	12
3753	-18
3754	-3
3755	6
3756	-8
3757	2
3758	-9
3759	-2
3760	-4
3761	14
3762	-5
3763	17
3764	7
3765	0
3766	3
3767	-5
3768	-1
3769	-3
3770	-6
3771	-6
3772	9
3773	-1
3774	-2
3775	11
3776	-1
3777	-11
3778	-5
3779	0
3780	7
3781	15
3782	-12
3783	9
3784	-2
3785	-10
3786	-11
3787	32
3788	-2
3789	-10
3790	3
3791	-11
3792	1
3793	-10
3794	-10
3795	4
3796	1
3797	-2
3798	-2
3799	-9
3800	2
3801	5
3802	-2
3803	-13
3804	3
3805	-9
3806	-3
3807	5
3808	-1
3809	8
3810	-12
3811	-8
3812	0
3813	7
3814	-8
3815	-1
3816	7
3817	2
3818	-12
3819	2
3820	-12
3821	-9
3822	-5
3823	11
3824	3
3825	-4
3826	12
3827	-1
3828	-8
3829	3
3830	5
3831	5
3832	-2
3833	-9
3834	12
3835	-1
3836	-9
3837	-4
3838	5
3839	-8
3840	-6
3841	11
3842	2
3843	12
3844	10
3845	-18
3846	0
3847	-5
3848	16
3849	-2
3850	-7
3851	13
3852	-7
3853	-6
3854	2
3855	-16
3856	4
3857	-6
3858	-16
3859	-3
3860	1
3861	4
3862	-2
3863	1
3864	16
3865	-3
3866	-3
3867	5
3868	-2
3869	-9
3870	-11
3871	2
3872	10
3873	-6
3874	-7
3875	-3
3876	4
3877	-3
3878	-7
3879	9
3880	-3
3881	-11
3882	-5
3883	-11
3884	-6
3885	-9
3886	7
3887	-2
3888	10
3889	2
3890	-2
3891	8
3892	4
3893	4
3894	-15
3895	-9
3896	-5
3897	-8
3898	-10
3899	-3
3900	-1
3901	4
3902	-4
3903	-2
3904	2
3905	4
3906	10
3907	14
3908	9
3909	-10
3910	7
3911	-11
3912	2
3913	2
3914	-2
3915	14
3916	15
3917	-4
3918	-8
3919	9
3920	6
3921	20
3922	4
3923	-6
3924	-5
3925	0
3926	2
3927	-1
3928	-6
3929	10
3930	-4
3931	-11
3932	0
3933	-8
3934	6
3935	-8
3936	-3
3937	12
3938	1
3939	-7
3940	-7
3941	5
3942	13
3943	0
3944	-7
3945	-2
3946	-1
3947	16
3948	6
3949	-15
3950	12
3951	-24
3952	5
3953	-12
3954	16
3955	-6
3956	18
3957	-4
3958	26
3959	15
3960	9
3961	-12
3962	-12
3963	8
3964	-15
3965	8
3966	9
3967	8
3968	-4
3969	0
3970	1
3971	3
3972	-5
3973	-3
3974	8
3975	-9
3976	4
3977	-4
3978	-2
3979	-4
3980	-8
3981	2
3982	0
3983	8
3984	-6
3985	0
3986	1
3987	3
3988	13
3989	6
3990	8
3991	-8
3992	12
3993	8
3994	8
3995	10
3996	2
3997	-8
3998	5
3999	9
4000	8
4001	-9
4002	-2
4003	5
4004	12
4005	5
4006	19
4007	-5
4008	16
4009	-6
4010	-19
4011	-11
4012	-19
4013	8
4014	-17
4015	6
4016	13
4017	-17
4018	4
4019	-11
4020	-4
4021	-15
4022	6
4023	1
4024	1
4025	8
4026	-7
4027	-12
4028	0
4029	-15
4030	1
4031	22
4032	6
4033	5
4034	-3
4035	-17
4036	-7
4037	15
4038	1
4039	7
4040	13
4041	5
4042	5
4043	4
4044	-9
4045	-2
4046	-7
4047	-5
4048	-6
4049	-5
4050	2
4051	-7
4052	-7
4053	1
4054	-11
4055	5
4056	-1
4057	-1
4058	-9
4059	-3
4060	-2
4061	-2
4062	-15
4063	-12
4064	1
4065	-5
4066	-1
4067	-4
4068	5
4069	-13
4070	-3
4071	7
4072	-6
4073	-4
4074	1
4075	-5
4076	-10
4077	-11
4078	-5
4079	9
4080	5
4081	13
4082	-7
4083	8
4084	6
4085	-28
4086	12
4087	-10
4088	5
4089	6
4090	-1
4091	-5
4092	-1
4093	2
4094	-1
4095	18
4096	8
4097	-1
4098	-10
4099	-3
4100	11
4101	0
4102	12
4103	-8
4104	2
4105	-1
4106	1
4107	-2
4108	-18
4109	-2
4110	8
4111	-1
4112	4
4113	6
4114	0
4115	0
4116	11
4117	3
4118	-9
4119	-4
4120	-12
4121	-8
4122	3
4123	-13
4124	7
4125	-4
4126	4
4127	1
4128	0
4129	-1
4130	-5
4131	19
4132	-5
4133	-3
4134	-3
4135	-6
4136	10
4137	1
4138	2
4139	-15
4140	3
4141	10
4142	25
4143	2
4144	0
4145	-8
4146	5
4147	-5
4148	-8
4149	-3
4150	-2
4151	2
4152	-3
4153	4
4154	12
4155	-4
4156	19
4157	-7
4158	-20
4159	-5
4160	-1
4161	-1
4162	-4
4163	4
4164	7
4165	2
4166	5
4167	4
4168	15
4169	11
4170	6
4171	-4
4172	-3
4173	4
4174	-4
4175	1
4176	3
4177	10
4178	2
4179	-6
4180	-6
4181	7
4182	5
4183	-11
4184	-4
4185	-17
4186	5
4187	0
4188	-1
4189	-4
4190	6
4191	5
4192	8
4193	4
4194	14
4195	-1
4196	14
4197	7
4198	-3
4199	-6
4200	1
4201	1
4202	4
4203	-1
4204	15
4205	-10
4206	-1
4207	-8
4208	-8
4209	-1
4210	14
4211	1
4212	-4
4213	-2
4214	7
4215	-2
4216	3
4217	-6
4218	3
4219	9
4220	-5
4221	6
4222	3
4223	-5
4224	-9
4225	7
4226	-7
4227	6
4228	-4
4229	-2
4230	-6
4231	-10
4232	8
4233	8
4234	-2
4235	-4
4236	11
4237	-21
4238	-3
4239	-1
4240	0
4241	-9
4242	5
4243	2
4244	0
4245	-4
4246	-4
4247	2
4248	7
4249	-3
4250	14
4251	0
4252	7
4253	3
4254	-16
4255	15
4256	-3
4257	7
4258	4
4259	3
4260	10
4261	6
4262	15
4263	-4
4264	14
4265	-5
4266	5
4267	1
4268	5
4269	5
4270	8
4271	-2
4272	-11
4273	3
4274	1
4275	-12
4276	-10
4277	5
4278	0
4279	-9
4280	7
4281	0
4282	-4
4283	-6
4284	-4
4285	7
4286	10
4287	14
4288	9
4289	16
4290	-6
4291	3
4292	-2
4293	8
4294	9
4295	-4
4296	20
4297	-7
4298	-16
4299	-3
4300	4
4301	6
4302	2
4303	6
4304	4
4305	-4
4306	5
4307	-2
4308	-8
4309	5
4310	7
4311	-3
4312	-1
4313	-7
4314	0
4315	-17
4316	-2
4317	1
4318	-8
4319	-6
4320	-2
4321	-1
4322	8
4323	11
4324	-3
4325	2
4326	4
4327	3
4328	1
4329	15
4330	6
4331	-6
4332	6
4333	4
4334	0
4335	7
4336	-5
4337	-6
4338	-3
4339	1
4340	-2
4341	3
4342	-4
4343	-3
4344	-2
4345	0
4346	7
4347	2
4348	-6
4349	6
4350	12
4351	3
4352	8
4353	6
4354	5
4355	-6
4356	6
4357	-5
4358	-12
4359	9
4360	3
4361	5
4362	10
4363	-7
4364	0
4365	7
4366	8
4367	-10
4368	2
4369	-1
4370	2
4371	5
4372	-9
4373	-7
4374	0
4375	-10
4376	-5
4377	13
4378	6
4379	-7
4380	13
4381	-11
4382	-16
4383	-2
4384	7
4385	-5
4386	-1
4387	-2
4388	2
4389	-13
4390	-18
4391	-12
4392	1
4393	8
4394	12
4395	6
4396	0
4397	6
4398	-11
4399	-14
4400	-1
4401	9
4402	3
4403	-13
4404	1
4405	-8
4406	-11
4407	-6
4408	-12
4409	-10
4410	-8
4411	8
4412	-1
4413	0
4414	0
4415	0
4416	-7
4417	-6
4418	4
4419	3
4420	14
4421	9
4422	-5
4423	26
4424	-10
4425	-5
4426	13
4427	0
4428	1
4429	5
4430	5
4431	-10
4432	-4
4433	-15
4434	11
4435	-9
4436	5
4437	-1
4438	-9
4439	3
4440	8
4441	-3
4442	7
4443	-8
4444	-1
4445	-4
4446	-8
4447	-4
4448	-3
4449	-14
4450	-2
4451	-6
4452	-15
4453	-3
4454	-2
4455	1
4456	-4
4457	8
4458	8
4459	-7
4460	-1
4461	-9
4462	-6
4463	7
4464	10
4465	2
4466	-2
4467	-3
4468	-25
4469	-1
4470	-9
4471	-6
4472	-24
4473	1
4474	-5
4475	4
4476	16
4477	2
4478	9
4479	6
4480	3
4481	1
4482	-9
4483	4
4484	14
4485	-3
4486	6
4487	-2
4488	11
4489	15
4490	14
4491	0
4492	4
4493	-3
4494	10
4495	1
4496	-6
4497	-2
4498	-1
4499	1
4500	5
4501	-5
4502	10
4503	-6
4504	-3
4505	6
4506	4
4507	-4
4508	-6
4509	30
4510	7
4511	5
4512	0
4513	-7
4514	-5
4515	-4
4516	-9
4517	-3
4518	6
4519	1
4520	-4
4521	-5
4522	-14
4523	3
4524	-8
4525	1
4526	6
4527	-10
4528	-1
4529	-4
4530	7
4531	-5
4532	2
4533	-12
4534	-6
4535	-6
4536	10
4537	-8
4538	-3
4539	8
4540	11
4541	15
4542	-9
4543	-3
4544	13
4545	-5
4546	2
4547	-2
4548	4
4549	7
4550	-1
4551	4
4552	0
4553	1
4554	-3
4555	8
4556	-4
4557	16
4558	-2
4559	14
4560	0
4561	14
4562	-18
4563	4
4564	8
4565	-2
4566	7
4567	1
4568	6
4569	-3
4570	5
4571	-1
4572	9
4573	12
4574	-6
4575	0
4576	-3
4577	8
4578	-2
4579	12
4580	-2
4581	-3
4582	8
4583	-10
4584	-4
4585	7
4586	13
4587	18
4588	7
4589	-1
4590	-1
4591	5
4592	17
4593	10
4594	3
4595	4
4596	4
4597	-10
4598	-9
4599	5
4600	7
4601	-9
4602	-5
4603	7
4604	-3
4605	1
4606	-11
4607	-5
4608	-5
4609	-1
4610	0
4611	-7
4612	2
4613	-21
4614	-5
4615	-3
4616	-4
4617	3
4618	20
4619	0
4620	-5
4621	-8
4622	-5
4623	-7
4624	5
4625	-2
4626	-7
4627	14
4628	-3
4629	6
4630	-1
4631	-8
4632	-6
4633	-16
4634	8
4635	7
4636	6
4637	6
4638	1
4639	-3
4640	-1
4641	1
4642	10
4643	-15
4644	-6
4645	0
4646	-1
4647	16
4648	1
4649	-2
4650	-5
4651	8
4652	4
4653	4
4654	12
4655	-3
4656	7
4657	-7
4658	1
4659	-4
4660	-4
4661	-1
4662	14
4663	2
4664	0
4665	-3
4666	1
4667	8
4668	-3
4669	-7
4670	-2
4671	-4
4672	4
4673	-3
4674	3
4675	6
4676	4
4677	5
4678	-2
4679	5
4680	7
4681	0
4682	6
4683	-8
4684	-20
4685	0
4686	-14
4687	8
4688	-6
4689	4
4690	-2
4691	-3
4692	-7
4693	-21
4694	-3
4695	-13
4696	10
4697	33
4698	13
4699	11
4700	2
4701	18
4702	-4
4703	-8
4704	1
4705	17
4706	1
4707	-14
4708	-5
4709	0
4710	5
4711	-5
4712	1
4713	-3
4714	7
4715	11
4716	17
4717	8
4718	-4
4719	9
4720	2
4721	-2
4722	1
4723	-7
4724	-10
4725	-9
4726	12
4727	8
4728	1
4729	-18
4730	-7
4731	13
4732	-2
4733	6
4734	-9
4735	-2
4736	-14
4737	11
4738	-2
4739	12
4740	-9
4741	10
4742	-6
4743	-7
4744	3
4745	7
4746	-1
4747	-6
4748	6
4749	10
4750	-14
4751	7
4752	-10
4753	-6
4754	-6
4755	-8
4756	1
4757	-9
4758	7
4759	5
4760	-8
4761	-4
4762	12
4763	-5
4764	-1
4765	0
4766	-1
4767	-9
4768	-4
4769	-6
4770	-10
4771	7
4772	2
4773	-6
4774	-7
4775	0
4776	-2
4777	-1
4778	0
4779	8
4780	-9
4781	-8
4782	1
4783	-5
4784	-1
4785	-16
4786	-8
4787	3
4788	1
4789	-17
4790	4
4791	10
4792	-8
4793	5
4794	3
4795	-18
4796	-6
4797	-3
4798	3
4799	-16
4800	2
4801	-8
4802	-4
4803	-3
4804	-8
4805	17
4806	11
4807	12
4808	-1
4809	-23
4810	5
4811	-12
4812	-8
4813	5
4814	4
4815	4
4816	9
4817	5
4818	5
4819	-1
4820	-3
4821	8
4822	4
4823	-6
4824	-3
4825	-1
4826	-1
4827	11
4828	14
4829	0
4830	-4
4831	7
4832	6
4833	-5
4834	0
4835	13
4836	10
4837	9
4838	7
4839	1
4840	0
4841	6
4842	13
4843	6
4844	4
4845	1
4846	2
4847	-1
4848	-5
4849	6
4850	13
4851	3
4852	5
4853	8
4854	-1
4855	0
4856	6
4857	-6
4858	3
4859	2
4860	-13
4861	9
4862	-6
4863	-2
4864	-4
4865	1
4866	-7
4867	-7
4868	16
4869	4
4870	3
4871	-12
4872	-7
4873	-13
4874	-1
4875	7
4876	-3
4877	0
4878	8
4879	-1
4880	5
4881	-2
4882	8
4883	-3
4884	9
4885	3
4886	10
4887	4
4888	9
4889	1
4890	-4
4891	-7
4892	3
4893	7
4894	6
4895	12
4896	4
4897	-5
4898	1
4899	11
4900	4
4901	4
4902	-15
4903	-12
4904	2
4905	2
4906	0
4907	10
4908	-7
4909	15
4910	-14
4911	4
4912	7
4913	-8
4914	-2
4915	5
4916	-5
4917	6
4918	1
4919	9
4920	10
4921	-4
4922	-7
4923	-5
4924	-7
4925	-4
4926	-9
4927	-3
4928	10
4929	-3
4930	10
4931	0
4932	-18
4933	6
4934	7
4935	2
4936	6
4937	-5
4938	0
4939	6
4940	-1
4941	-4
4942	-1
4943	16
4944	4
4945	18
4946	-12
4947	9
4948	-2
4949	11
4950	-7
4951	-7
4952	1
4953	-7
4954	0
4955	-3
4956	-1
4957	-9
4958	5
4959	-7
4960	8
4961	-7
4962	-7
4963	1
4964	7
4965	7
4966	-5
4967	7
4968	-15
4969	-19
4970	-10
4971	0
4972	1
4973	2
4974	-5
4975	-4
4976	-1
4977	-2
4978	-9
4979	4
4980	-2
4981	-2
4982	-3
4983	-4
4984	-2
4985	11
4986	14
4987	-18
4988	8
4989	4
4990	-6
4991	2
4992	6
4993	-5
4994	-29
4995	-6
4996	11
4997	-15
4998	15
4999	3
5000	5
5001	0
5002	-2
5003	1
5004	0
5005	4
5006	6
5007	-5
5008	-1
5009	-6
5010	3
5011	-5
5012	-4
5013	1
5014	-3
5015	-4
5016	5
5017	0
5018	-4
5019	8
5020	3
5021	2
5022	4
5023	1
5024	5
5025	1
5026	1
5027	5
5028	-9
5029	1
5030	10
5031	-9
5032	-9
5033	-12
5034	-6
5035	3
5036	-5
5037	-3
5038	12
5039	-9
5040	1
5041	3
5042	4
5043	0
5044	-6
5045	-6
5046	6
5047	0
5048	8
5049	8
5050	-4
5051	-10
5052	1
5053	7
5054	7
5055	3
5056	-5
5057	-5
5058	-5
5059	6
5060	-10
5061	15
5062	0
5063	3
5064	-5
5065	2
5066	6
5067	-2
5068	-7
5069	0
5070	9
5071	-2
5072	3
5073	10
5074	-4
5075	16
5076	-8
5077	4
5078	-1
5079	4
5080	2
5081	4
5082	14
5083	5
5084	-9
5085	6
5086	-12
5087	1
5088	15
5089	-1
5090	-4
5091	10
5092	-1
5093	-12
5094	8
5095	-1
5096	9
5097	0
5098	-3
5099	11
5100	-6
5101	-7
5102	-9
5103	13
5104	-6
5105	-18
5106	3
5107	6
5108	8
5109	3
5110	-5
5111	-4
5112	-8
5113	1
5114	-14
5115	1
5116	-8
5117	-2
5118	-8
5119	-4
5120	2
5121	4
5122	-6
5123	-3
5124	0
5125	-1
5126	12
5127	2
5128	0
5129	3
5130	3
5131	12
5132	-4
5133	4
5134	-5
5135	8
5136	2
5137	-6
5138	3
5139	-5
5140	7
5141	11
5142	9
5143	8
5144	0
5145	2
5146	1
5147	-9
5148	1
5149	6
5150	14
5151	17
5152	5
5153	3
5154	-2
5155	-5
5156	-3
5157	-9
5158	1
5159	-3
5160	4
5161	1
5162	5
5163	7
5164	2
5165	-2
5166	7
5167	3
5168	5
5169	-11
5170	-3
5171	1
5172	-7
5173	8
5174	3
5175	-3
5176	-7
5177	1
5178	9
5179	-12
5180	2
5181	3
5182	-6
5183	5
5184	-5
5185	7
5186	2
5187	6
5188	-3
5189	12
5190	4
5191	-5
5192	4
5193	3
5194	4
5195	1
5196	7
5197	15
5198	-3
5199	15
5200	12
5201	9
5202	-7
5203	0
5204	-10
5205	5
5206	0
5207	3
5208	-6
5209	5
5210	-11
5211	-4
5212	13
5213	-4
5214	-2
5215	-2
5216	7
5217	-1
5218	21
5219	7
5220	-9
5221	-3
5222	8
5223	-7
5224	1
5225	8
5226	5
5227	-1
5228	13
5229	5
5230	-1
5231	10
5232	0
5233	-3
5234	4
5235	8
5236	-7
5237	3
5238	-6
5239	-16
5240	11
5241	2
5242	-1
5243	13
5244	-3
5245	1
5246	-12
5247	5
5248	2
5249	0
5250	-1
5251	8
5252	3
5253	7
5254	2
5255	0
5256	-5
5257	-6
5258	-1
5259	0
5260	12
5261	6
5262	0
5263	-6
5264	8
5265	-7
5266	8
5267	0
5268	-4
5269	7
5270	-3
5271	5
5272	1
5273	19
5274	4
5275	6
5276	2
5277	8
5278	6
5279	-2
5280	4
5281	-2
5282	5
5283	-5
5284	0
5285	1
5286	-3
5287	-4
5288	5
5289	-5
5290	-1
5291	-7
5292	4
5293	-9
5294	-6
5295	8
5296	-1
5297	8
5298	6
5299	-6
5300	-3
5301	-8
5302	8
5303	19
5304	4
5305	8
5306	-4
5307	-2
5308	2
5309	17
5310	2
5311	3
5312	2
5313	0
5314	5
5315	-1
5316	8
5317	-2
5318	-8
5319	8
5320	-7
5321	-1
5322	2
5323	6
5324	-11
5325	12
5326	-2
5327	-1
5328	0
5329	1
5330	4
5331	1
5332	-13
5333	-1
5334	-1
5335	0
5336	3
5337	-12
5338	1
5339	1
5340	12
5341	13
5342	-6
5343	-3
5344	6
5345	-12
5346	-4
5347	-3
5348	-1
5349	8
5350	-7
5351	0
5352	3
5353	-7
5354	-6
5355	5
5356	12
5357	-1
5358	-7
5359	0
5360	-2
5361	-1
5362	-3
5363	2
5364	7
5365	2
5366	4
5367	8
5368	12
5369	-2
5370	2
5371	-3
5372	10
5373	18
5374	-1
5375	-12
5376	4
5377	-1
5378	-5
5379	6
5380	-4
5381	4
5382	-5
5383	-6
5384	-9
5385	-5
5386	-2
5387	0
5388	-12
5389	-7
5390	7
5391	8
5392	3
5393	7
5394	1
5395	-8
5396	2
5397	7
5398	-7
5399	-2
5400	-16
5401	8
5402	-4
5403	0
5404	-10
5405	4
5406	-10
5407	-2
5408	-1
5409	7
5410	0
5411	9
5412	9
5413	-11
5414	6
5415	7
5416	-8
5417	4
5418	3
5419	1
5420	-4
5421	1
5422	-7
5423	-14
5424	8
5425	0
5426	4
5427	-6
5428	2
5429	3
5430	1
5431	-2
5432	6
5433	-7
5434	-12
5435	8
5436	7
5437	-5
5438	2
5439	3
5440	-3
5441	0
5442	-6
5443	6
5444	-6
5445	1
5446	-5
5447	-8
5448	2
5449	0
5450	-6
5451	-5
5452	3
5453	5
5454	-7
5455	0
5456	9
5457	-3
5458	0
5459	-2
5460	7
5461	1
5462	-8
5463	5
5464	7
5465	-3
5466	1
5467	-9
5468	-1
5469	9
5470	3
5471	0
5472	3
5473	13
5474	12
5475	6
5476	-3
5477	3
5478	3
5479	2
5480	0
5481	7
5482	11
5483	-2
5484	9
5485	3
5486	1
5487	2
5488	-1
5489	14
5490	-10
5491	-3
5492	-1
5493	7
5494	-5
5495	15
5496	2
5497	11
5498	-8
5499	-7
5500	2
5501	8
5502	-5
5503	-1
5504	11
5505	1
5506	-1
5507	10
5508	-1
5509	0
5510	-13
5511	9
5512	8
5513	4
5514	3
5515	6
5516	-12
5517	-6
5518	12
5519	1
5520	1
5521	4
5522	-6
5523	-9
5524	-3
5525	7
5526	-5
5527	5
5528	-5
5529	-1
5530	8
5531	18
5532	-1
5533	-2
5534	-18
5535	11
5536	-13
5537	-3
5538	15
5539	4
5540	8
5541	-4
5542	-2
5543	4
5544	-10
5545	1
5546	7
5547	2
5548	1
5549	10
5550	-5
5551	6
5552	-6
5553	4
5554	4
5555	0
5556	7
5557	-4
5558	-4
5559	-2
5560	-3
5561	-5
5562	-7
5563	4
5564	0
5565	-14
5566	20
5567	-6
5568	3
5569	5
5570	-4
5571	-8
5572	-9
5573	-7
5574	16
5575	3
5576	0
5577	-5
5578	2
5579	1
5580	-3
5581	-7
5582	5
5583	10
5584	-5
5585	12
5586	-3
5587	2
5588	-10
5589	1
5590	-11
5591	-16
5592	-4
5593	5
5594	-5
5595	-7
5596	2
5597	0
5598	-4
5599	8
5600	-12
5601	-4
5602	3
5603	6
5604	-7
5605	-4
5606	-2
5607	-4
5608	7
5609	1
5610	5
5611	7
5612	-1
5613	12
5614	7
5615	-2
5616	-3
5617	5
5618	-10
5619	2
5620	0
5621	3
5622	-2
5623	4
5624	-2
5625	-11
5626	5
5627	-3
5628	-2
5629	-7
5630	-1
5631	-8
5632	16
5633	-8
5634	1
5635	6
5636	1
5637	3
5638	8
5639	6
5640	12
5641	-8
5642	-7
5643	-6
5644	-9
5645	2
5646	-6
5647	-2
5648	-2
5649	-2
5650	-8
5651	4
5652	3
5653	11
5654	5
5655	13
5656	-5
5657	0
5658	-5
5659	5
5660	3
5661	1
5662	10
5663	9
5664	10
5665	8
5666	-8
5667	2
5668	9
5669	-1
5670	0
5671	-4
5672	0
5673	-2
5674	10
5675	8
5676	3
5677	-3
5678	7
5679	13
5680	4
5681	1
5682	2
5683	5
5684	-2
5685	1
5686	-5
5687	0
5688	-6
5689	13
5690	4
5691	12
5692	13
5693	-9
5694	5
5695	-2
5696	-8
5697	-1
5698	-2
5699	-2
5700	7
5701	-10
5702	4
5703	6
5704	-9
5705	6
5706	-6
5707	-2
5708	1
5709	-2
5710	-1
5711	7
5712	-3
5713	-8
5714	-5
5715	-2
5716	10
5717	1
5718	-6
5719	1
5720	-9
5721	1
5722	0
5723	5
5724	-9
5725	2
5726	2
5727	-4
5728	-2
5729	6
5730	-5
5731	-4
5732	6
5733	0
5734	-4
5735	7
5736	-14
5737	-7
5738	8
5739	-7
5740	-11
5741	5
5742	4
5743	2
5744	0
5745	0
5746	2
5747	-3
5748	-11
5749	1
5750	-2
5751	6
5752	2
5753	3
5754	4
5755	3
5756	6
5757	-5
5758	2
5759	2
5760	5
5761	-3
5762	-2
5763	-8
5764	-8
5765	4
5766	-5
5767	2
5768	1
5769	-16
5770	-4
5771	-5
5772	0
5773	9
5774	-19
5775	-16
5776	-7
5777	5
5778	15
5779	16
5780	0
5781	-11
5782	3
5783	1
5784	8
5785	5
5786	10
5787	-6
5788	-5
5789	-4
5790	7
5791	8
5792	-10
5793	4
5794	3
5795	8
5796	-7
5797	1
5798	-2
5799	-1
5800	-8
5801	0
5802	-1
5803	15
5804	-3
5805	-5
5806	-5
5807	4
5808	8
5809	7
5810	-9
5811	6
5812	-2
5813	6
5814	1
5815	-6
5816	1
5817	3
5818	-2
5819	2
5820	1
5821	-4
5822	6
5823	6
5824	3
5825	-5
5826	4
5827	-1
5828	4
5829	-3
5830	15
5831	14
5832	8
5833	7
5834	2
5835	2
5836	4
5837	4
5838	3
5839	2
5840	-6
5841	2
5842	7
5843	3
5844	1
5845	10
5846	0
5847	5
5848	-6
5849	10
5850	-4
5851	5
5852	-5
5853	-3
5854	4
5855	9
5856	4
5857	-10
5858	3
5859	-10
5860	-9
5861	-12
5862	9
5863	-4
5864	8
5865	-3
5866	-1
5867	-2
5868	6
5869	-4
5870	4
5871	1
5872	-2
5873	1
5874	7
5875	-4
5876	0
5877	-1
5878	6
5879	-1
5880	11
5881	6
5882	5
5883	-1
5884	-4
5885	-4
5886	5
5887	8
5888	5
5889	2
5890	19
5891	-7
5892	-4
5893	-12
5894	18
5895	1
5896	0
5897	-7
5898	3
5899	-3
5900	10
5901	0
5902	5
5903	2
5904	1
5905	-1
5906	15
5907	-4
5908	-2
5909	0
5910	-3
5911	6
5912	13
5913	-14
5914	-7
5915	3
5916	-5
5917	21
5918	-7
5919	16
5920	2
5921	-6
5922	3
5923	5
5924	-6
5925	3
5926	-4
5927	-13
5928	-5
5929	7
5930	1
5931	5
5932	-1
5933	-7
5934	-3
5935	-10
5936	5
5937	5
5938	4
5939	7
5940	14
5941	-3
5942	5
5943	-11
5944	-4
5945	4
5946	-12
5947	-15
5948	2
5949	1
5950	1
5951	6
5952	13
5953	0
5954	1
5955	-5
5956	-12
5957	2
5958	13
5959	11
5960	-11
5961	6
5962	-14
5963	9
5964	2
5965	-6
5966	-5
5967	-5
5968	3
5969	-5
5970	-1
5971	11
5972	-3
5973	3
5974	1
5975	-4
5976	-8
5977	3
5978	2
5979	4
5980	1
5981	7
5982	12
5983	2
5984	1
5985	-4
5986	2
5987	-7
5988	-3
5989	9
5990	3
5991	1
5992	-5
5993	2
5994	3
5995	12
5996	0
5997	5
5998	-4
5999	1
6000	12
6001	4
6002	8
6003	-9
6004	9
6005	1
6006	-7
6007	7
6008	3
6009	-2
6010	-2
6011	4
6012	7
6013	-2
6014	1
6015	11
6016	-1
6017	4
6018	0
6019	1
6020	-7
6021	5
6022	-2
6023	10
6024	-6
6025	0
6026	-5
6027	-3
6028	9
6029	6
6030	-4
6031	-3
6032	1
6033	3
6034	3
6035	-3
6036	-6
6037	-3
6038	-4
6039	-4
6040	-1
6041	4
6042	3
6043	6
6044	-2
6045	6
6046	-17
6047	-1
6048	5
6049	-7
6050	12
6051	-10
6052	2
6053	-10
6054	-5
6055	-2
6056	-3
6057	-9
6058	-6
6059	3
6060	9
6061	0
6062	6
6063	-1
6064	5
6065	4
6066	-10
6067	-4
6068	-6
6069	2
6070	8
6071	-15
6072	0
6073	9
6074	-6
6075	6
6076	6
6077	-3
6078	5
6079	11
6080	5
6081	3
6082	-12
6083	3
6084	-3
6085	0
6086	8
6087	-1
6088	3
6089	-1
6090	-5
6091	-6
6092	12
6093	2
6094	1
6095	-1
6096	8
6097	-4
6098	8
6099	1
6100	-5
6101	-7
6102	10
6103	1
6104	-7
6105	14
6106	-5
6107	-2
6108	-9
6109	0
6110	2
6111	1
6112	-5
6113	7
6114	8
6115	5
6116	7
6117	-10
6118	-7
6119	8
6120	0
6121	-3
6122	-1
6123	-4
6124	-3
6125	9
6126	6
6127	-4
6128	-9
6129	-6
6130	-6
6131	-3
6132	-5
6133	-4
6134	1
6135	2
6136	6
6137	4
6138	-1
6139	5
6140	-2
6141	6
6142	1
6143	2
6144	-5
6145	-1
6146	0
6147	-1
6148	-12
6149	-10
6150	10
6151	-9
6152	3
6153	-3
6154	4
6155	-6
6156	18
6157	8
6158	-5
6159	-9
6160	-1
6161	1
6162	2
6163	13
6164	-1
6165	-5
6166	0
6167	4
6168	3
6169	-1
6170	2
6171	9
6172	5
6173	4
6174	5
6175	-3
6176	-5
6177	12
6178	0
6179	-4
6180	3
6181	1
6182	10
6183	2
6184	-5
6185	3
6186	-6
6187	-7
6188	4
6189	-4
6190	10
6191	-1
6192	11
6193	1
6194	-17
6195	3
6196	-5
6197	3
6198	-17
6199	-1
6200	11
6201	2
6202	0
6203	0
6204	0
6205	0
6206	-1
6207	-3
6208	4
6209	7
6210	-1
6211	4
6212	9
6213	-8
6214	-8
6215	0
6216	9
6217	-6
6218	-13
6219	5
6220	-3
6221	-3
6222	-7
6223	9
6224	-7
6225	16
6226	18
6227	-3
6228	-11
6229	1
6230	6
6231	-10
6232	-5
6233	-1
6234	-4
6235	13
6236	8
6237	1
6238	2
6239	6
6240	10
6241	3
6242	0
6243	6
6244	-7
6245	6
6246	8
6247	5
6248	-1
6249	-4
6250	-4
6251	3
6252	6
6253	-5
6254	1
6255	11
6256	-5
6257	2
6258	4
6259	-1
6260	10
6261	-4
6262	-12
6263	2
6264	-3
6265	-5
6266	3
6267	-12
6268	0
6269	-3
6270	7
6271	-2
6272	-3
6273	11
6274	-5
6275	-1
6276	-2
6277	2
6278	2
6279	-6
6280	6
6281	4
6282	16
6283	-5
6284	5
6285	6
6286	0
6287	3
6288	-6
6289	-1
6290	-1
6291	6
6292	-2
6293	12
6294	4
6295	2
6296	5
6297	-6
6298	-7
6299	-2
6300	8
6301	11
6302	-3
6303	0
6304	4
6305	2
6306	0
6307	6
6308	2
6309	2
6310	10
6311	-2
6312	-5
6313	-8
6314	-5
6315	8
6316	16
6317	3
6318	8
6319	9
6320	13
6321	3
6322	11
6323	1
6324	11
6325	0
6326	8
6327	-7
6328	1
6329	-3
6330	3
6331	-7
6332	6
6333	9
6334	-5
6335	1
6336	9
6337	8
6338	10
6339	3
6340	-11
6341	-5
6342	-10
6343	3
6344	0
6345	-1
6346	9
6347	-4
6348	7
6349	-2
6350	-4
6351	15
6352	2
6353	-12
6354	7
6355	-2
6356	9
6357	-7
6358	-8
6359	-4
6360	4
6361	1
6362	0
6363	-4
6364	-6
6365	7
6366	8
6367	-1
6368	1
6369	2
6370	0
6371	3
6372	7
6373	-1
6374	11
6375	-3
6376	-3
6377	15
6378	-2
6379	2
6380	-4
6381	2
6382	-3
6383	-6
6384	-3
6385	-5
6386	-5
6387	12
6388	13
6389	0
6390	-5
6391	2
6392	7
6393	-7
6394	7
6395	4
6396	9
6397	3
6398	-4
6399	8
6400	6
6401	2
6402	7
6403	-5
6404	4
6405	0
6406	-2
6407	-3
6408	8
6409	-3
6410	-3
6411	-1
6412	7
6413	-5
6414	1
6415	-4
6416	1
6417	6
6418	7
6419	7
6420	4
6421	11
6422	-7
6423	-3
6424	9
6425	4
6426	-3
6427	4
6428	-4
6429	7
6430	10
6431	-9
6432	-2
6433	-4
6434	10
6435	-6
6436	-10
6437	3
6438	-11
6439	3
6440	14
6441	-1
6442	-6
6443	2
6444	2
6445	11
6446	4
6447	6
6448	-1
6449	4
6450	6
6451	-15
6452	9
6453	2
6454	1
6455	3
6456	-4
6457	-1
6458	-7
6459	9
6460	1
6461	18
6462	-12
6463	4
6464	8
6465	4
6466	1
6467	6
6468	-3
6469	2
6470	6
6471	3
6472	8
6473	4
6474	-2
6475	5
6476	14
6477	-5
6478	2
6479	4
6480	0
6481	-1
6482	-3
6483	12
6484	-9
6485	11
6486	5
6487	7
6488	-10
6489	-5
6490	2
6491	-2
6492	8
6493	5
6494	-5
6495	-4
6496	5
6497	9
6498	3
6499	-1
6500	10
6501	1
6502	2
6503	-2
6504	12
6505	6
6506	1
6507	4
6508	4
6509	0
6510	0
6511	3
6512	3
6513	1
6514	9
6515	1
6516	3
6517	-5
6518	6
6519	-1
6520	6
6521	-3
6522	-3
6523	11
6524	-9
6525	7
6526	-2
6527	-1
6528	-3
6529	-7
6530	8
6531	-1
6532	3
6533	4
6534	7
6535	-7
6536	-2
6537	-3
6538	2
6539	-2
6540	1
6541	10
6542	3
6543	-5
6544	2
6545	3
6546	0
6547	-3
6548	9
6549	-2
6550	1
6551	2
6552	10
6553	10
6554	-5
6555	4
6556	-4
6557	-4
6558	-8
6559	6
6560	15
6561	-2
6562	3
6563	8
6564	2
6565	5
6566	-5
6567	-6
6568	1
6569	-2
6570	-2
6571	3
6572	-3
6573	2
6574	6
6575	17
6576	-2
6577	-2
6578	1
6579	-5
6580	4
6581	5
6582	6
6583	-6
6584	7
6585	8
6586	-2
6587	-1
6588	-6
6589	1
6590	4
6591	-2
6592	-11
6593	-5
6594	-2
6595	5
6596	5
6597	3
6598	-7
6599	5
6600	-2
6601	6
6602	0
6603	7
6604	-8
6605	-2
6606	-4
6607	-1
6608	3
6609	6
6610	-3
6611	3
6612	-9
6613	-1
6614	5
6615	6
6616	-1
6617	-2
6618	4
6619	-1
6620	4
6621	9
6622	-4
6623	1
6624	-5
6625	-2
6626	11
6627	7
6628	-3
6629	-7
6630	2
6631	1
6632	-4
6633	5
6634	4
6635	9
6636	-9
6637	7
6638	-1
6639	6
6640	1
6641	-5
6642	-1
6643	-1
6644	4
6645	9
6646	-1
6647	0
6648	-2
6649	1
6650	-1
6651	10
6652	4
6653	0
6654	7
6655	4
6656	5
6657	-10
6658	1
6659	-5
6660	-3
6661	-1
6662	9
6663	4
6664	-2
6665	-13
6666	3
6667	2
6668	-8
6669	7
6670	-4
6671	-4
6672	-5
6673	-1
6674	-3
6675	-5
6676	-9
6677	2
6678	1
6679	-7
6680	-1
6681	-3
6682	-5
6683	3
6684	-8
6685	1
6686	2
6687	7
6688	1
6689	-11
6690	6
6691	-5
6692	-5
6693	-1
6694	15
6695	10
6696	-4
6697	-1
6698	5
6699	1
6700	-1
6701	2
6702	3
6703	-1
6704	-2
6705	-3
6706	-18
6707	4
6708	-1
6709	-13
6710	-2
6711	1
6712	0
6713	2
6714	2
6715	2
6716	3
6717	7
6718	3
6719	3
6720	-3
6721	1
6722	-8
6723	-3
6724	9
6725	2
6726	-2
6727	0
6728	-6
6729	9
6730	1
6731	1
6732	-1
6733	10
6734	-6
6735	-1
6736	-1
6737	-2
6738	2
6739	-4
6740	14
6741	-4
6742	0
6743	-1
6744	-3
6745	4
6746	9
6747	-4
6748	3
6749	-1
6750	2
6751	3
6752	4
6753	1
6754	-2
6755	-1
6756	5
6757	6
6758	-2
6759	1
6760	2
6761	1
6762	-15
6763	-4
6764	-1
6765	5
6766	-6
6767	-9
6768	-2
6769	-8
6770	-4
6771	5
6772	1
6773	9
6774	0
6775	5
6776	-4
6777	6
6778	-3
6779	-3
6780	9
6781	3
6782	-1
6783	-1
6784	-3
6785	-10
6786	2
6787	4
6788	-7
6789	5
6790	9
6791	1
6792	-1
6793	2
6794	8
6795	-8
6796	4
6797	10
6798	-1
6799	1
6800	-6
6801	5
6802	2
6803	0
6804	-5
6805	9
6806	4
6807	-2
6808	1
6809	-1
6810	-2
6811	7
6812	4
6813	1
6814	3
6815	3
6816	-9
6817	0
6818	4
6819	0
6820	0
6821	0
6822	-1
6823	3
6824	1
6825	-10
6826	4
6827	0
6828	-8
6829	-1
6830	3
6831	0
6832	-2
6833	2
6834	-6
6835	4
6836	0
6837	-3
6838	-4
6839	-3
6840	4
6841	0
6842	5
6843	-11
6844	8
6845	3
6846	6
6847	3
6848	-3
6849	6
6850	-1
6851	1
6852	2
6853	-3
6854	7
6855	7
6856	-1
6857	0
6858	-10
6859	-2
6860	-5
6861	14
6862	0
6863	-5
6864	2
6865	0
6866	-12
6867	3
6868	8
6869	4
6870	1
6871	-7
6872	-2
6873	7
6874	-6
6875	2
6876	-1
6877	-7
6878	11
6879	0
6880	0
6881	0
6882	-1
6883	-3
6884	-7
6885	3
6886	4
6887	1
6888	-3
6889	-11
6890	2
6891	6
6892	1
6893	0
6894	-7
6895	-9
6896	2
6897	-1
6898	2
6899	-4
6900	-2
6901	-2
6902	1
6903	8
6904	1
6905	5
6906	3
6907	4
6908	2
6909	4
6910	0
6911	4
6912	3
6913	-5
6914	1
6915	4
6916	6
6917	6
6918	0
6919	9
6920	3
6921	-2
6922	-8
6923	-7
6924	-7
6925	2
6926	3
6927	-4
6928	2
6929	-2
6930	6
6931	6
6932	3
6933	3
6934	6
6935	4
6936	-3
6937	4
6938	-7
6939	1
6940	-3
6941	2
6942	5
6943	6
6944	0
6945	12
6946	-2
6947	8
6948	-4
6949	2
6950	-1
6951	-7
6952	9
6953	4
6954	13
6955	1
6956	-2
6957	3
6958	4
6959	0
6960	-9
6961	2
6962	-1
6963	-4
6964	1
6965	-5
6966	3
6967	6
6968	2
6969	-4
6970	-6
6971	4
6972	7
6973	0
6974	9
6975	3
6976	5
6977	-7
6978	6
6979	3
6980	6
6981	-7
6982	1
6983	6
6984	0
6985	0
6986	-2
6987	4
6988	5
6989	-3
6990	-3
6991	2
6992	5
6993	-1
6994	-4
6995	4
6996	6
6997	3
6998	1
6999	8
7000	1
7001	3
7002	-3
7003	0
7004	0
7005	3
7006	2
7007	3
7008	-7
7009	-1
7010	4
7011	-3
7012	-6
7013	-5
7014	3
7015	8
7016	-2
7017	-1
7018	-1
7019	-4
7020	-2
7021	-1
7022	-2
7023	1
7024	3
7025	-7
7026	-6
7027	4
7028	3
7029	10
7030	-1
7031	-1
7032	-7
7033	1
7034	-1
7035	1
7036	1
7037	5
7038	2
7039	2
7040	-2
7041	1
7042	-5
7043	6
7044	2
7045	1
7046	0
7047	4
7048	5
7049	0
7050	-10
7051	0
7052	6
7053	-4
7054	6
7055	-8
7056	8
7057	4
7058	7
7059	-5
7060	3
7061	0
7062	4
7063	1
7064	5
7065	-3
7066	3
7067	-8
7068	-3
7069	-9
7070	9
7071	6
7072	0
7073	-4
7074	-5
7075	2
7076	6
7077	1
7078	0
7079	4
7080	-3
7081	2
7082	9
7083	-1
7084	-3
7085	4
7086	-3
7087	-5
7088	3
7089	2
7090	-6
7091	0
7092	1
7093	1
7094	-1
7095	4
7096	6
7097	-3
7098	7
7099	-11
7100	-3
7101	3
7102	3
7103	-5
7104	4
7105	2
7106	-13
7107	-7
7108	8
7109	-4
7110	-4
7111	-7
7112	12
7113	8
7114	9
7115	7
7116	-14
7117	-2
7118	-2
7119	4
7120	1
7121	5
7122	-4
7123	-2
7124	-4
7125	4
7126	1
7127	3
7128	4
7129	-3
7130	1
7131	-3
7132	-1
7133	-2
7134	9
7135	0
7136	1
7137	-4
7138	-2
7139	-4
7140	-3
7141	8
7142	-4
7143	-4
7144	-5
7145	8
7146	-5
7147	-4
7148	1
7149	4
7150	5
7151	-8
7152	2
7153	-6
7154	-1
7155	7
7156	-7
7157	-6
7158	5
7159	-5
7160	3
7161	6
7162	4
7163	-3
7164	0
7165	2
7166	0
7167	-1
7168	4
7169	7
7170	2
7171	-5
7172	-4
7173	6
7174	-2
7175	-5
7176	3
7177	3
7178	6
7179	5
7180	6
7181	2
7182	-4
7183	0
7184	5
7185	2
7186	3
7187	-6
7188	1
7189	4
7190	-2
7191	1
7192	0
7193	-4
7194	0
7195	-2
7196	0
7197	1
7198	0
7199	-1
7200	7
7201	-2
7202	-3
7203	2
7204	-3
7205	-1
7206	8
7207	3
7208	-5
7209	-5
7210	7
7211	6
7212	-8
7213	-2
7214	0
7215	-1
7216	-2
7217	-9
7218	-2
7219	-8
7220	-3
7221	4
7222	0
7223	8
7224	-5
7225	3
7226	2
7227	5
7228	-1
7229	5
7230	-1
7231	6
7232	1
7233	8
7234	5
7235	-8
7236	1
7237	1
7238	-11
7239	9
7240	5
7241	6
7242	-1
7243	-2
7244	2
7245	4
7246	-3
7247	5
7248	2
7249	-1
7250	3
7251	-3
7252	3
7253	2
7254	-2
7255	3
7256	-4
7257	5
7258	-2
7259	-1
7260	-4
7261	-20
7262	-5
7263	-13
7264	-8
7265	-2
7266	-15
7267	-14
7268	1
7269	-12
7270	-8
7271	-18
7272	0
7273	-7
7274	5
7275	1
7276	4
7277	3
7278	-1
7279	-7
7280	8
7281	0
7282	-7
7283	4
7284	5
7285	5
7286	2
7287	-5
7288	3
7289	-1
7290	3
7291	1
7292	-7
7293	2
7294	-4
7295	-1
7296	-1
7297	6
7298	1
7299	-5
7300	-5
7301	-1
7302	-4
7303	2
7304	-2
7305	-1
7306	-2
7307	-2
7308	-1
7309	2
7310	1
7311	7
7312	-8
7313	-6
7314	-7
7315	-2
7316	-7
7317	-1
7318	-5
7319	4
7320	-4
7321	1
7322	-1
7323	1
7324	-5
7325	1
7326	2
7327	0
7328	2
7329	-2
7330	0
7331	-3
7332	-1
7333	3
7334	1
7335	-3
7336	-1
7337	0
7338	3
7339	-2
7340	0
7341	0
7342	2
7343	6
7344	1
7345	-5
7346	-4
7347	-2
7348	6
7349	-3
7350	-3
7351	-5
7352	6
7353	-1
7354	-8
7355	-6
7356	1
7357	6
7358	5
7359	0
7360	-3
7361	-6
7362	4
7363	1
7364	4
7365	-1
7366	-5
7367	0
7368	-2
7369	1
7370	-3
7371	-4
7372	0
7373	1
7374	-1
7375	-5
7376	2
7377	0
7378	3
7379	-5
7380	4
7381	1
7382	3
7383	-8
7384	8
7385	13
7386	0
7387	6
7388	0
7389	8
7390	1
7391	-2
7392	0
7393	-6
7394	3
7395	5
7396	-12
7397	4
7398	-7
7399	-7
7400	5
7401	-5
7402	-1
7403	-8
7404	2
7405	-1
7406	5
7407	-6
7408	1
7409	11
7410	-3
7411	1
7412	3
7413	0
7414	-2
7415	-6
7416	-1
7417	4
7418	-5
7419	0
7420	0
7421	-4
7422	-5
7423	6
7424	2
7425	-3
7426	2
7427	-5
7428	1
7429	1
7430	-7
7431	12
7432	-4
7433	-2
7434	-1
7435	-8
7436	-3
7437	3
7438	-2
7439	0
7440	7
7441	-5
7442	-3
7443	2
7444	-5
7445	3
7446	-6
7447	4
7448	2
7449	0
7450	2
7451	0
7452	1
7453	6
7454	-2
7455	4
7456	6
7457	4
7458	-4
7459	-4
7460	2
7461	2
7462	4
7463	2
7464	-3
7465	6
7466	2
7467	9
7468	4
7469	0
7470	2
7471	-2
7472	-2
7473	4
7474	6
7475	-3
7476	-5
7477	-7
7478	5
7479	-1
7480	7
7481	4
7482	-1
7483	-2
7484	-2
7485	-2
7486	9
7487	-7
7488	-1
7489	2
7490	6
7491	-2
7492	-4
7493	-2
7494	6
7495	-3
7496	4
7497	-6
7498	-2
7499	-3
7500	3
7501	-7
7502	-1
7503	7
7504	1
7505	3
7506	-6
7507	-4
7508	8
7509	4
7510	0
7511	4
7512	-2
7513	-8
7514	-2
7515	-3
7516	2
7517	0
7518	9
7519	-3
7520	7
7521	3
7522	5
7523	-2
7524	-3
7525	-3
7526	-23
7527	-3
7528	-3
7529	-7
7530	-24
7531	-23
7532	-66
7533	-34
7534	-33
7535	5
7536	-8
7537	122
7538	79
7539	144
7540	82
7541	116
7542	124
7543	139
7544	112
7545	86
7546	57
7547	54
7548	23
7549	21
7550	14
7551	6
7552	-2
7553	0
7554	0
7555	4
7556	1
7557	-2
7558	2
7559	-1
7560	-1
7561	5
7562	3
7563	3
7564	1
7565	-5
7566	-4
7567	5
7568	3
7569	7
7570	3
7571	2
7572	4
7573	3
7574	-4
7575	-1
7576	1
7577	1
7578	0
7579	3
7580	-1
7581	0
7582	3
7583	2
7584	5
7585	2
7586	-2
7587	3
7588	-2
7589	-6
7590	-2
7591	-2
7592	0
7593	2
7594	5
7595	3
7596	2
7597	-1
7598	-5
7599	1
7600	-2
7601	-5
7602	-7
7603	-3
7604	0
7605	0
7606	-8
7607	2
7608	2
7609	0
7610	0
7611	-5
7612	5
7613	-3
7614	-1
7615	0
7616	0
7617	-3
7618	1
7619	1
7620	-2
7621	-2
7622	2
7623	-1
7624	0
7625	3
7626	-6
7627	0
7628	-6
7629	-3
7630	2
7631	3
7632	-1
7633	-8
7634	-2
7635	5
7636	3
7637	1
7638	-4
7639	-2
7640	-1
7641	-3
7642	-1
7643	3
7644	-4
7645	-3
7646	-3
7647	-2
7648	3
7649	3
7650	-1
7651	-2
7652	-1
7653	-4
7654	1
7655	2
7656	0
7657	0
7658	-2
7659	5
7660	-2
7661	-3
7662	1
7663	-8
7664	-1
7665	-2
7666	1
7667	0
7668	2
7669	1
7670	3
7671	-3
7672	4
7673	-1
7674	3
7675	3
7676	1
7677	2
7678	7
7679	-2
7680	-5
7681	2
7682	5
7683	0
7684	0
7685	2
7686	2
7687	-5
7688	-1
7689	6
7690	3
7691	1
7692	0
7693	-8
7694	-7
7695	-4
7696	0
7697	1
7698	0
7699	-2
7700	-6
7701	0
7702	-2
7703	2
7704	7
7705	3
7706	2
7707	-2
7708	0
7709	-1
7710	-6
7711	6
7712	0
7713	-4
7714	-1
7715	8
7716	6
7717	1
7718	-2
7719	5
7720	0
7721	1
7722	5
7723	-1
7724	0
7725	-6
7726	-1
7727	-2
7728	2
7729	5
7730	-4
7731	-1
7732	0
7733	4
7734	-1
7735	-7
7736	2
7737	5
7738	5
7739	3
7740	-1
7741	4
7742	1
7743	5
7744	-5
7745	-6
7746	-3
7747	2
7748	0
7749	4
7750	3
7751	2
7752	1
7753	6
7754	5
7755	-2
7756	5
7757	-6
7758	-11
7759	0
7760	-2
7761	0
7762	3
7763	-4
7764	0
7765	-3
7766	6
7767	-2
7768	-1
7769	2
7770	4
7771	1
7772	4
7773	-3
7774	6
7775	7
7776	1
7777	8
7778	-3
7779	0
7780	7
7781	-6
7782	-3
7783	-2
7784	4
7785	6
7786	-4
7787	0
7788	5
7789	8
7790	-20
7791	6
7792	4
7793	0
7794	-2
7795	1
7796	0
7797	-3
7798	-2
7799	-4
7800	1
7801	0
7802	3
7803	2
7804	-2
7805	6
7806	1
7807	-8
7808	6
7809	3
7810	-5
7811	-5
7812	-3
7813	0
7814	6
7815	2
7816	-5
7817	-3
7818	6
7819	3
7820	-3
7821	3
7822	5
7823	-3
7824	4
7825	-1
7826	-1
7827	0
7828	-2
7829	-1
7830	0
7831	-4
7832	1
7833	-1
7834	1
7835	-5
7836	3
7837	5
7838	-2
7839	5
7840	-4
7841	0
7842	-2
7843	10
7844	-2
7845	3
7846	3
7847	2
7848	-3
7849	-4
7850	4
7851	3
7852	3
7853	-5
7854	-3
7855	1
7856	5
7857	9
7858	1
7859	-6
7860	-8
7861	0
7862	-6
7863	4
7864	-6
7865	-3
7866	0
7867	-3
7868	3
7869	3
7870	2
7871	-3
7872	2
7873	5
7874	3
7875	-5
7876	2
7877	0
7878	-1
7879	1
7880	3
7881	-2
7882	4
7883	-2
7884	0
7885	-3
7886	-1
7887	9
7888	0
7889	-2
7890	1
7891	-1
7892	0
7893	-1
7894	-3
7895	-4
7896	0
7897	2
7898	-7
7899	-5
7900	-2
7901	-1
7902	4
7903	3
7904	4
7905	2
7906	3
7907	2
7908	0
7909	3
7910	6
7911	-1
7912	-2
7913	-1
7914	2
7915	-2
7916	-1
7917	1
7918	1
7919	3
7920	-6
7921	4
7922	-7
7923	-3
7924	5
7925	0
7926	-1
7927	6
7928	-2
7929	-3
7930	0
7931	2
7932	2
7933	-8
7934	-1
7935	-4
7936	-1
7937	4
7938	-5
7939	2
7940	3
7941	-3
7942	-1
7943	3
7944	-2
7945	1
7946	-3
7947	-1
7948	0
7949	1
7950	-3
7951	1
7952	-4
7953	6
7954	0
7955	3
7956	-3
7957	3
7958	5
7959	0
7960	-4
7961	-2
7962	-1
7963	-1
7964	3
7965	4
7966	-5
7967	0
7968	-6
7969	1
7970	4
7971	-6
7972	3
7973	-1
7974	7
7975	5
7976	-1
7977	-3
7978	3
7979	-2
7980	-3
7981	4
7982	-11
7983	0
7984	0
7985	5
7986	-2
7987	-2
7988	2
7989	3
7990	-2
7991	3
7992	-2
7993	-1
7994	-5
7995	2
7996	-2
7997	-1
7998	-4
7999	-5
8000	-5
8001	2
8002	-4
8003	4
8004	-3
8005	4
8006	0
8007	-2
8008	0
8009	-2
8010	5
8011	-3
8012	0
8013	1
8014	5
8015	3
8016	-1
8017	-8
8018	0
8019	-3
8020	-1
8021	3
8022	5
8023	4
8024	3
8025	-2
8026	0
8027	4
8028	0
8029	1
8030	0
8031	5
8032	0
8033	-3
8034	-7
8035	2
8036	-2
8037	-5
8038	2
8039	-2
8040	2
8041	-1
8042	-1
8043	4
8044	2
8045	5
8046	-1
8047	0
8048	6
8049	8
8050	-2
8051	2
8052	-2
8053	-1
8054	-2
8055	1
8056	-4
8057	-2
8058	0
8059	-7
8060	2
8061	3
8062	1
8063	-4
8064	7
8065	5
8066	-3
8067	1
8068	-4
8069	-8
8070	-6
8071	4
8072	-4
8073	-1
8074	1
8075	-5
8076	-2
8077	0
8078	9
8079	1
8080	3
8081	2
8082	2
8083	-6
8084	2
8085	3
8086	-3
8087	1
8088	7
8089	2
8090	-2
8091	-2
8092	-4
8093	-1
8094	-1
8095	1
8096	0
8097	0
8098	0
8099	0
8100	0
8101	0
8102	0
8103	0
8104	0
8105	0
8106	0
8107	0
8108	0
8109	0
8110	0
8111	0
8112	0
8113	0
8114	0
8115	0
8116	0
8117	0
8118	0
8119	0
8120	0
8121	0
8122	0
8123	0
8124	0
8125	0
8126	0
8127	0
8128	0
8129	0
8130	0
8131	0
8132	0
8133	0
8134	0
8135	0
8136	0
8137	0
8138	0
8139	0
8140	0
8141	0
8142	0
8143	0
8144	0
8145	0
8146	0
8147	0
8148	0
8149	0
8150	0
8151	0
8152	0
8153	0
8154	0
8155	0
8156	0
8157	0
8158	0
8159	0
8160	0
8161	0
8162	0
8163	0
8164	0
8165	0
8166	0
8167	0
8168	0
8169	0
8170	0
8171	0
8172	0
8173	0
8174	0
8175	0
8176	0
8177	0
8178	0
8179	0
8180	0
8181	0
8182	0
8183	0
8184	0
8185	0
8186	0
8187	0
8188	0
8189	0
8190	0
8191	0
