0	0
1	0
2	0
3	0
4	0
5	0
6	0
7	0
8	0
9	0
10	0
11	0
12	0
13	0
14	0
15	0
16	0
17	0
18	0
19	0
20	0
21	0
22	0
23	0
24	0
25	0
26	0
27	0
28	0
29	0
30	0
31	0
32	0
33	0
34	0
35	0
36	0
37	0
38	0
39	0
40	0
41	0
42	0
43	0
44	0
45	0
46	0
47	0
48	0
49	0
50	0
51	0
52	0
53	0
54	0
55	0
56	0
57	0
58	0
59	0
60	0
61	0
62	0
63	0
64	0
65	1
66	0
67	4
68	15
69	125
70	308
71	426
72	439
73	467
74	409
75	466
76	457
77	465
78	436
79	474
80	452
81	443
82	459
83	452
84	445
85	425
86	445
87	457
88	423
89	461
90	456
91	435
92	430
93	416
94	432
95	436
96	434
97	405
98	387
99	477
100	410
101	437
102	422
103	428
104	419
105	390
106	424
107	427
108	417
109	455
110	417
111	419
112	433
113	398
114	422
115	445
116	402
117	406
118	421
119	389
120	407
121	398
122	409
123	391
124	392
125	414
126	387
127	414
128	401
129	414
130	425
131	408
132	365
133	362
134	389
135	413
136	376
137	414
138	404
139	402
140	409
141	429
142	406
143	437
144	414
145	425
146	390
147	398
148	386
149	395
150	385
151	388
152	418
153	443
154	444
155	414
156	422
157	410
158	429
159	399
160	372
161	398
162	371
163	348
164	387
165	387
166	398
167	367
168	339
169	375
170	393
171	349
172	387
173	380
174	375
175	355
176	372
177	364
178	398
179	389
180	431
181	399
182	445
183	494
184	520
185	480
186	438
187	463
188	394
189	353
190	365
191	342
192	311
193	313
194	334
195	343
196	304
197	325
198	323
199	303
200	332
201	338
202	318
203	325
204	323
205	306
206	328
207	311
208	335
209	367
210	412
211	483
212	540
213	522
214	429
215	380
216	346
217	383
218	361
219	365
220	362
221	330
222	319
223	270
224	293
225	290
226	265
227	285
228	266
229	297
230	310
231	280
232	288
233	308
234	321
235	311
236	267
237	243
238	271
239	302
240	290
241	259
242	281
243	270
244	313
245	289
246	272
247	270
248	298
249	271
250	296
251	269
252	254
253	272
254	325
255	280
256	297
257	295
258	280
259	288
260	266
261	257
262	276
263	294
264	276
265	299
266	297
267	300
268	284
269	311
270	315
271	282
272	286
273	291
274	297
275	291
276	287
277	302
278	276
279	309
280	302
281	283
282	305
283	351
284	278
285	295
286	304
287	310
288	285
289	303
290	279
291	303
292	292
293	334
294	288
295	302
296	336
297	303
298	332
299	287
300	310
301	316
302	313
303	285
304	302
305	304
306	304
307	310
308	295
309	318
310	346
311	291
312	306
313	329
314	314
315	316
316	321
317	308
318	326
319	351
320	313
321	318
322	309
323	334
324	328
325	343
326	350
327	339
328	344
329	345
330	314
331	329
332	331
333	321
334	318
335	321
336	349
337	348
338	322
339	376
340	323
341	375
342	340
343	377
344	346
345	362
346	326
347	361
348	333
349	389
350	380
351	377
352	402
353	404
354	380
355	423
356	358
357	392
358	397
359	405
360	388
361	384
362	382
363	440
364	458
365	475
366	428
367	429
368	426
369	394
370	407
371	364
372	338
373	364
374	388
375	391
376	413
377	363
378	392
379	400
380	366
381	404
382	396
383	390
384	425
385	396
386	379
387	381
388	408
389	431
390	413
391	391
392	446
393	407
394	462
395	434
396	443
397	442
398	434
399	481
400	429
401	456
402	478
403	469
404	521
405	516
406	524
407	532
408	544
409	534
410	500
411	552
412	599
413	599
414	561
415	578
416	595
417	620
418	583
419	535
420	550
421	553
422	545
423	573
424	535
425	550
426	588
427	598
428	553
429	524
430	548
431	533
432	542
433	546
434	552
435	558
436	559
437	545
438	584
439	568
440	546
441	542
442	597
443	540
444	568
445	578
446	554
447	573
448	507
449	591
450	564
451	542
452	578
453	537
454	581
455	546
456	569
457	596
458	616
459	542
460	545
461	551
462	508
463	537
464	553
465	548
466	536
467	541
468	571
469	575
470	579
471	573
472	562
473	557
474	536
475	559
476	547
477	583
478	581
479	561
480	615
481	549
482	589
483	551
484	560
485	561
486	569
487	562
488	528
489	556
490	571
491	523
492	546
493	550
494	555
495	597
496	526
497	543
498	546
499	559
500	561
501	537
502	509
503	565
504	557
505	540
506	492
507	506
508	546
509	514
510	480
511	523
512	525
513	528
514	462
515	512
516	531
517	496
518	488
519	472
520	532
521	529
522	469
523	478
524	519
525	496
526	521
527	461
528	488
529	499
530	449
531	481
532	510
533	502
534	444
535	475
536	463
537	478
538	500
539	464
540	483
541	447
542	475
543	466
544	456
545	469
546	479
547	485
548	493
549	484
550	439
551	479
552	451
553	470
554	455
555	450
556	489
557	465
558	479
559	515
560	474
561	418
562	448
563	525
564	491
565	470
566	504
567	440
568	487
569	448
570	465
571	470
572	474
573	469
574	477
575	427
576	513
577	477
578	502
579	500
580	448
581	456
582	525
583	542
584	522
585	471
586	498
587	485
588	478
589	475
590	470
591	515
592	491
593	486
594	496
595	509
596	506
597	454
598	531
599	548
600	546
601	684
602	1279
603	2780
604	5519
605	9697
606	13923
607	16834
608	16780
609	14418
610	9866
611	5573
612	2638
613	1243
614	621
615	392
616	388
617	344
618	339
619	392
620	322
621	374
622	352
623	338
624	350
625	335
626	314
627	373
628	347
629	355
630	349
631	343
632	353
633	320
634	368
635	358
636	348
637	344
638	351
639	383
640	319
641	312
642	326
643	340
644	340
645	333
646	349
647	326
648	347
649	312
650	325
651	353
652	337
653	355
654	376
655	350
656	351
657	376
658	352
659	356
660	344
661	330
662	393
663	385
664	351
665	321
666	339
667	326
668	320
669	336
670	343
671	309
672	340
673	355
674	339
675	324
676	337
677	337
678	341
679	350
680	325
681	336
682	340
683	385
684	340
685	320
686	335
687	340
688	333
689	311
690	361
691	370
692	342
693	316
694	329
695	294
696	345
697	324
698	360
699	356
700	333
701	323
702	359
703	319
704	335
705	300
706	345
707	344
708	323
709	344
710	355
711	354
712	347
713	340
714	349
715	332
716	343
717	364
718	338
719	323
720	341
721	353
722	347
723	318
724	324
725	361
726	360
727	339
728	367
729	393
730	339
731	393
732	344
733	368
734	379
735	390
736	350
737	396
738	354
739	397
740	384
741	391
742	457
743	421
744	410
745	378
746	418
747	421
748	389
749	380
750	347
751	376
752	397
753	375
754	373
755	376
756	383
757	367
758	373
759	375
760	377
761	356
762	358
763	367
764	398
765	350
766	379
767	340
768	346
769	348
770	353
771	341
772	402
773	350
774	377
775	376
776	367
777	364
778	347
779	356
780	350
781	373
782	374
783	340
784	350
785	318
786	361
787	356
788	346
789	341
790	352
791	362
792	347
793	313
794	340
795	341
796	346
797	361
798	325
799	363
800	354
801	336
802	316
803	334
804	341
805	319
806	359
807	340
808	335
809	314
810	346
811	352
812	347
813	333
814	338
815	339
816	342
817	336
818	348
819	317
820	366
821	363
822	353
823	360
824	332
825	334
826	336
827	329
828	307
829	308
830	342
831	338
832	319
833	331
834	318
835	333
836	327
837	312
838	312
839	351
840	327
841	341
842	360
843	296
844	358
845	355
846	338
847	321
848	325
849	352
850	316
851	344
852	342
853	327
854	342
855	340
856	336
857	313
858	365
859	373
860	337
861	335
862	327
863	354
864	353
865	320
866	350
867	344
868	349
869	319
870	365
871	321
872	336
873	327
874	328
875	342
876	351
877	324
878	340
879	340
880	358
881	325
882	340
883	281
884	291
885	343
886	330
887	324
888	323
889	337
890	314
891	334
892	315
893	342
894	335
895	322
896	331
897	329
898	315
899	332
900	319
901	322
902	320
903	346
904	346
905	316
906	332
907	339
908	303
909	299
910	308
911	338
912	318
913	342
914	365
915	332
916	340
917	348
918	328
919	317
920	296
921	340
922	305
923	314
924	321
925	332
926	332
927	320
928	280
929	317
930	309
931	324
932	320
933	293
934	312
935	329
936	322
937	319
938	344
939	312
940	338
941	358
942	311
943	336
944	327
945	310
946	311
947	334
948	288
949	347
950	327
951	317
952	340
953	297
954	330
955	324
956	301
957	341
958	329
959	305
960	334
961	343
962	315
963	326
964	290
965	324
966	340
967	335
968	317
969	325
970	310
971	325
972	318
973	345
974	314
975	343
976	299
977	317
978	335
979	316
980	337
981	336
982	321
983	320
984	252
985	326
986	310
987	295
988	325
989	316
990	330
991	327
992	312
993	307
994	288
995	326
996	296
997	325
998	318
999	299
1000	286
1001	291
1002	303
1003	287
1004	288
1005	297
1006	294
1007	280
1008	292
1009	300
1010	303
1011	314
1012	301
1013	295
1014	287
1015	301
1016	299
1017	293
1018	277
1019	293
1020	268
1021	275
1022	281
1023	276
1024	268
1025	284
1026	287
1027	296
1028	285
1029	260
1030	264
1031	279
1032	307
1033	270
1034	286
1035	273
1036	301
1037	264
1038	295
1039	295
1040	279
1041	242
1042	299
1043	270
1044	277
1045	310
1046	250
1047	262
1048	281
1049	268
1050	270
1051	298
1052	264
1053	296
1054	283
1055	275
1056	285
1057	263
1058	314
1059	254
1060	294
1061	257
1062	268
1063	293
1064	247
1065	282
1066	260
1067	258
1068	288
1069	261
1070	302
1071	255
1072	257
1073	234
1074	286
1075	274
1076	278
1077	274
1078	301
1079	244
1080	263
1081	271
1082	258
1083	256
1084	238
1085	244
1086	276
1087	249
1088	280
1089	266
1090	267
1091	248
1092	241
1093	252
1094	263
1095	253
1096	249
1097	267
1098	282
1099	258
1100	267
1101	252
1102	243
1103	255
1104	259
1105	251
1106	254
1107	253
1108	261
1109	233
1110	265
1111	253
1112	245
1113	263
1114	268
1115	250
1116	249
1117	237
1118	249
1119	240
1120	256
1121	267
1122	205
1123	260
1124	239
1125	239
1126	235
1127	236
1128	238
1129	237
1130	238
1131	241
1132	247
1133	238
1134	238
1135	222
1136	191
1137	256
1138	206
1139	206
1140	253
1141	221
1142	193
1143	206
1144	189
1145	214
1146	214
1147	187
1148	243
1149	245
1150	216
1151	218
1152	231
1153	215
1154	225
1155	221
1156	270
1157	220
1158	225
1159	202
1160	245
1161	221
1162	233
1163	200
1164	187
1165	216
1166	191
1167	201
1168	219
1169	204
1170	195
1171	198
1172	208
1173	218
1174	217
1175	217
1176	211
1177	202
1178	205
1179	215
1180	199
1181	198
1182	191
1183	200
1184	201
1185	206
1186	227
1187	179
1188	205
1189	212
1190	198
1191	194
1192	222
1193	206
1194	193
1195	209
1196	213
1197	203
1198	206
1199	208
1200	198
1201	198
1202	199
1203	188
1204	225
1205	206
1206	206
1207	191
1208	199
1209	194
1210	232
1211	212
1212	206
1213	219
1214	210
1215	206
1216	211
1217	206
1218	224
1219	207
1220	180
1221	182
1222	161
1223	189
1224	179
1225	195
1226	204
1227	214
1228	207
1229	196
1230	175
1231	185
1232	174
1233	188
1234	197
1235	196
1236	207
1237	240
1238	466
1239	793
1240	1525
1241	2550
1242	3342
1243	3836
1244	3446
1245	2776
1246	1810
1247	1011
1248	497
1249	298
1250	187
1251	190
1252	155
1253	168
1254	171
1255	182
1256	177
1257	176
1258	180
1259	163
1260	169
1261	176
1262	178
1263	131
1264	185
1265	172
1266	158
1267	165
1268	172
1269	175
1270	154
1271	152
1272	160
1273	155
1274	176
1275	167
1276	178
1277	186
1278	194
1279	161
1280	190
1281	146
1282	172
1283	185
1284	164
1285	163
1286	153
1287	159
1288	145
1289	175
1290	148
1291	161
1292	139
1293	169
1294	161
1295	144
1296	143
1297	178
1298	125
1299	164
1300	163
1301	154
1302	147
1303	162
1304	145
1305	178
1306	140
1307	145
1308	149
1309	138
1310	143
1311	134
1312	164
1313	158
1314	137
1315	146
1316	146
1317	148
1318	170
1319	163
1320	157
1321	154
1322	153
1323	161
1324	147
1325	133
1326	158
1327	147
1328	154
1329	138
1330	154
1331	152
1332	153
1333	169
1334	147
1335	134
1336	142
1337	140
1338	164
1339	138
1340	166
1341	159
1342	142
1343	161
1344	164
1345	160
1346	151
1347	169
1348	152
1349	146
1350	141
1351	148
1352	154
1353	141
1354	144
1355	125
1356	141
1357	146
1358	148
1359	143
1360	146
1361	128
1362	145
1363	135
1364	154
1365	150
1366	135
1367	158
1368	152
1369	130
1370	147
1371	162
1372	155
1373	167
1374	178
1375	161
1376	168
1377	178
1378	164
1379	167
1380	179
1381	187
1382	160
1383	145
1384	154
1385	166
1386	143
1387	164
1388	142
1389	142
1390	128
1391	153
1392	133
1393	133
1394	130
1395	140
1396	152
1397	148
1398	126
1399	139
1400	172
1401	162
1402	161
1403	148
1404	133
1405	140
1406	149
1407	139
1408	129
1409	144
1410	131
1411	153
1412	147
1413	151
1414	148
1415	138
1416	149
1417	140
1418	146
1419	145
1420	145
1421	150
1422	135
1423	146
1424	150
1425	135
1426	136
1427	151
1428	145
1429	131
1430	143
1431	164
1432	149
1433	150
1434	149
1435	152
1436	146
1437	128
1438	119
1439	153
1440	125
1441	141
1442	132
1443	129
1444	132
1445	143
1446	109
1447	136
1448	123
1449	121
1450	142
1451	133
1452	144
1453	127
1454	125
1455	126
1456	136
1457	120
1458	135
1459	137
1460	123
1461	150
1462	130
1463	141
1464	138
1465	134
1466	127
1467	111
1468	130
1469	125
1470	136
1471	110
1472	120
1473	147
1474	117
1475	135
1476	134
1477	126
1478	131
1479	122
1480	131
1481	138
1482	122
1483	135
1484	136
1485	116
1486	130
1487	131
1488	140
1489	140
1490	134
1491	116
1492	119
1493	137
1494	123
1495	134
1496	116
1497	122
1498	112
1499	127
1500	118
1501	133
1502	162
1503	151
1504	173
1505	203
1506	270
1507	293
1508	312
1509	296
1510	222
1511	196
1512	153
1513	117
1514	137
1515	128
1516	117
1517	138
1518	134
1519	141
1520	118
1521	118
1522	139
1523	120
1524	125
1525	143
1526	135
1527	142
1528	117
1529	114
1530	132
1531	109
1532	106
1533	129
1534	121
1535	128
1536	132
1537	122
1538	138
1539	127
1540	130
1541	116
1542	127
1543	118
1544	110
1545	117
1546	124
1547	120
1548	126
1549	108
1550	117
1551	107
1552	110
1553	108
1554	109
1555	109
1556	113
1557	134
1558	113
1559	119
1560	139
1561	110
1562	111
1563	133
1564	98
1565	111
1566	133
1567	121
1568	111
1569	117
1570	128
1571	120
1572	118
1573	121
1574	95
1575	131
1576	104
1577	126
1578	144
1579	118
1580	153
1581	115
1582	102
1583	117
1584	131
1585	112
1586	129
1587	131
1588	112
1589	114
1590	117
1591	119
1592	147
1593	124
1594	142
1595	112
1596	112
1597	119
1598	110
1599	114
1600	124
1601	109
1602	125
1603	136
1604	122
1605	124
1606	132
1607	127
1608	135
1609	117
1610	112
1611	118
1612	135
1613	135
1614	110
1615	108
1616	117
1617	116
1618	114
1619	111
1620	123
1621	103
1622	127
1623	123
1624	122
1625	115
1626	105
1627	100
1628	108
1629	110
1630	99
1631	110
1632	107
1633	113
1634	103
1635	101
1636	105
1637	115
1638	110
1639	130
1640	123
1641	105
1642	106
1643	112
1644	106
1645	99
1646	118
1647	119
1648	110
1649	121
1650	107
1651	149
1652	107
1653	128
1654	125
1655	127
1656	123
1657	153
1658	128
1659	112
1660	119
1661	110
1662	123
1663	100
1664	114
1665	119
1666	109
1667	125
1668	128
1669	113
1670	108
1671	108
1672	115
1673	115
1674	114
1675	108
1676	126
1677	138
1678	131
1679	149
1680	148
1681	162
1682	148
1683	135
1684	125
1685	124
1686	104
1687	126
1688	118
1689	112
1690	122
1691	99
1692	106
1693	96
1694	110
1695	116
1696	100
1697	96
1698	111
1699	106
1700	94
1701	114
1702	103
1703	103
1704	104
1705	102
1706	84
1707	124
1708	100
1709	97
1710	105
1711	100
1712	96
1713	120
1714	100
1715	108
1716	109
1717	99
1718	99
1719	103
1720	107
1721	97
1722	102
1723	101
1724	89
1725	107
1726	127
1727	104
1728	111
1729	75
1730	111
1731	109
1732	107
1733	103
1734	122
1735	110
1736	141
1737	105
1738	112
1739	113
1740	115
1741	133
1742	123
1743	99
1744	96
1745	109
1746	109
1747	107
1748	91
1749	145
1750	237
1751	448
1752	901
1753	1849
1754	3538
1755	5644
1756	7792
1757	8763
1758	8346
1759	6914
1760	4938
1761	2779
1762	1578
1763	690
1764	326
1765	159
1766	104
1767	94
1768	79
1769	80
1770	84
1771	84
1772	94
1773	86
1774	94
1775	91
1776	98
1777	85
1778	86
1779	86
1780	84
1781	81
1782	97
1783	101
1784	96
1785	93
1786	82
1787	89
1788	87
1789	99
1790	105
1791	90
1792	79
1793	106
1794	100
1795	121
1796	109
1797	118
1798	97
1799	89
1800	80
1801	86
1802	98
1803	77
1804	71
1805	75
1806	93
1807	80
1808	86
1809	81
1810	81
1811	83
1812	82
1813	81
1814	97
1815	87
1816	94
1817	82
1818	95
1819	81
1820	104
1821	80
1822	99
1823	86
1824	105
1825	82
1826	81
1827	82
1828	90
1829	89
1830	86
1831	95
1832	86
1833	76
1834	71
1835	92
1836	82
1837	78
1838	74
1839	93
1840	88
1841	89
1842	72
1843	64
1844	74
1845	90
1846	100
1847	89
1848	96
1849	72
1850	91
1851	77
1852	78
1853	95
1854	77
1855	76
1856	77
1857	92
1858	90
1859	69
1860	71
1861	91
1862	89
1863	76
1864	84
1865	80
1866	68
1867	84
1868	99
1869	85
1870	97
1871	94
1872	96
1873	97
1874	135
1875	165
1876	268
1877	300
1878	338
1879	357
1880	282
1881	271
1882	175
1883	114
1884	98
1885	91
1886	102
1887	89
1888	86
1889	78
1890	80
1891	100
1892	53
1893	70
1894	81
1895	90
1896	87
1897	71
1898	70
1899	82
1900	88
1901	73
1902	76
1903	82
1904	78
1905	79
1906	72
1907	78
1908	80
1909	83
1910	75
1911	59
1912	77
1913	76
1914	85
1915	84
1916	82
1917	78
1918	80
1919	75
1920	82
1921	81
1922	86
1923	95
1924	71
1925	88
1926	75
1927	82
1928	97
1929	80
1930	64
1931	76
1932	78
1933	84
1934	80
1935	83
1936	82
1937	80
1938	67
1939	86
1940	76
1941	85
1942	84
1943	72
1944	80
1945	74
1946	95
1947	79
1948	76
1949	85
1950	77
1951	76
1952	90
1953	79
1954	67
1955	74
1956	75
1957	82
1958	86
1959	75
1960	68
1961	81
1962	79
1963	82
1964	80
1965	82
1966	70
1967	79
1968	85
1969	82
1970	93
1971	79
1972	73
1973	94
1974	89
1975	81
1976	72
1977	68
1978	65
1979	83
1980	83
1981	81
1982	64
1983	86
1984	76
1985	64
1986	80
1987	71
1988	79
1989	92
1990	54
1991	75
1992	82
1993	72
1994	73
1995	67
1996	84
1997	55
1998	88
1999	70
2000	85
2001	81
2002	82
2003	75
2004	77
2005	88
2006	69
2007	68
2008	75
2009	69
2010	72
2011	86
2012	62
2013	81
2014	71
2015	77
2016	65
2017	73
2018	76
2019	92
2020	73
2021	61
2022	72
2023	83
2024	62
2025	72
2026	73
2027	87
2028	82
2029	79
2030	80
2031	62
2032	68
2033	67
2034	75
2035	69
2036	68
2037	76
2038	64
2039	69
2040	84
2041	81
2042	81
2043	90
2044	79
2045	87
2046	93
2047	68
2048	82
2049	90
2050	92
2051	70
2052	73
2053	57
2054	61
2055	81
2056	88
2057	74
2058	70
2059	72
2060	79
2061	77
2062	71
2063	72
2064	77
2065	83
2066	85
2067	65
2068	59
2069	80
2070	73
2071	69
2072	83
2073	78
2074	69
2075	76
2076	72
2077	75
2078	63
2079	80
2080	66
2081	61
2082	65
2083	60
2084	73
2085	76
2086	71
2087	77
2088	74
2089	76
2090	70
2091	68
2092	71
2093	74
2094	89
2095	86
2096	82
2097	130
2098	197
2099	268
2100	447
2101	551
2102	642
2103	685
2104	541
2105	423
2106	316
2107	221
2108	143
2109	98
2110	88
2111	63
2112	66
2113	68
2114	69
2115	79
2116	72
2117	64
2118	66
2119	56
2120	74
2121	65
2122	77
2123	70
2124	73
2125	91
2126	100
2127	107
2128	88
2129	87
2130	91
2131	89
2132	94
2133	79
2134	68
2135	67
2136	75
2137	69
2138	76
2139	73
2140	61
2141	69
2142	49
2143	61
2144	67
2145	51
2146	55
2147	80
2148	60
2149	70
2150	71
2151	71
2152	75
2153	68
2154	60
2155	60
2156	56
2157	76
2158	68
2159	58
2160	78
2161	73
2162	79
2163	61
2164	69
2165	82
2166	76
2167	70
2168	65
2169	80
2170	65
2171	76
2172	60
2173	77
2174	61
2175	71
2176	62
2177	71
2178	70
2179	63
2180	61
2181	65
2182	68
2183	52
2184	61
2185	71
2186	82
2187	66
2188	58
2189	64
2190	57
2191	70
2192	72
2193	72
2194	60
2195	69
2196	74
2197	67
2198	70
2199	68
2200	62
2201	64
2202	65
2203	84
2204	53
2205	62
2206	56
2207	70
2208	71
2209	61
2210	73
2211	71
2212	79
2213	59
2214	70
2215	62
2216	77
2217	95
2218	63
2219	64
2220	67
2221	65
2222	80
2223	63
2224	75
2225	69
2226	56
2227	75
2228	67
2229	65
2230	52
2231	55
2232	65
2233	54
2234	62
2235	84
2236	79
2237	58
2238	69
2239	65
2240	68
2241	60
2242	64
2243	67
2244	75
2245	62
2246	61
2247	71
2248	59
2249	70
2250	73
2251	83
2252	74
2253	66
2254	74
2255	68
2256	81
2257	69
2258	56
2259	79
2260	58
2261	73
2262	70
2263	67
2264	82
2265	80
2266	119
2267	181
2268	234
2269	454
2270	548
2271	696
2272	742
2273	696
2274	617
2275	492
2276	384
2277	293
2278	207
2279	137
2280	115
2281	73
2282	65
2283	70
2284	65
2285	78
2286	56
2287	47
2288	57
2289	53
2290	65
2291	68
2292	75
2293	75
2294	71
2295	71
2296	73
2297	53
2298	76
2299	76
2300	79
2301	55
2302	67
2303	68
2304	54
2305	66
2306	51
2307	69
2308	71
2309	73
2310	74
2311	76
2312	57
2313	64
2314	68
2315	48
2316	69
2317	55
2318	75
2319	66
2320	60
2321	60
2322	67
2323	62
2324	66
2325	80
2326	54
2327	57
2328	57
2329	63
2330	54
2331	58
2332	80
2333	54
2334	83
2335	76
2336	76
2337	63
2338	54
2339	65
2340	62
2341	60
2342	70
2343	68
2344	67
2345	71
2346	73
2347	79
2348	61
2349	63
2350	62
2351	58
2352	80
2353	66
2354	69
2355	66
2356	72
2357	82
2358	61
2359	66
2360	61
2361	72
2362	71
2363	56
2364	57
2365	66
2366	61
2367	82
2368	66
2369	58
2370	82
2371	58
2372	71
2373	75
2374	59
2375	66
2376	65
2377	57
2378	65
2379	64
2380	41
2381	76
2382	69
2383	59
2384	60
2385	70
2386	55
2387	67
2388	56
2389	58
2390	63
2391	71
2392	72
2393	60
2394	57
2395	66
2396	61
2397	49
2398	69
2399	56
2400	59
2401	72
2402	60
2403	62
2404	54
2405	70
2406	69
2407	73
2408	63
2409	68
2410	55
2411	68
2412	67
2413	57
2414	57
2415	61
2416	73
2417	71
2418	65
2419	52
2420	60
2421	59
2422	67
2423	82
2424	63
2425	66
2426	61
2427	72
2428	64
2429	67
2430	60
2431	63
2432	57
2433	72
2434	80
2435	62
2436	67
2437	60
2438	62
2439	67
2440	73
2441	75
2442	72
2443	66
2444	70
2445	58
2446	51
2447	56
2448	71
2449	50
2450	78
2451	54
2452	57
2453	71
2454	57
2455	53
2456	73
2457	62
2458	68
2459	52
2460	59
2461	67
2462	71
2463	56
2464	54
2465	59
2466	87
2467	73
2468	71
2469	68
2470	73
2471	76
2472	70
2473	60
2474	59
2475	55
2476	76
2477	65
2478	61
2479	72
2480	64
2481	66
2482	54
2483	61
2484	59
2485	77
2486	62
2487	74
2488	60
2489	75
2490	59
2491	74
2492	53
2493	78
2494	74
2495	64
2496	69
2497	81
2498	78
2499	95
2500	121
2501	117
2502	111
2503	125
2504	145
2505	141
2506	140
2507	130
2508	115
2509	96
2510	75
2511	66
2512	62
2513	55
2514	69
2515	70
2516	68
2517	60
2518	54
2519	62
2520	77
2521	69
2522	55
2523	65
2524	77
2525	79
2526	67
2527	64
2528	61
2529	66
2530	71
2531	60
2532	72
2533	91
2534	61
2535	60
2536	55
2537	58
2538	66
2539	49
2540	57
2541	68
2542	54
2543	57
2544	55
2545	59
2546	68
2547	60
2548	60
2549	56
2550	65
2551	53
2552	66
2553	69
2554	67
2555	60
2556	61
2557	59
2558	59
2559	61
2560	50
2561	41
2562	56
2563	70
2564	64
2565	66
2566	68
2567	53
2568	65
2569	54
2570	68
2571	51
2572	70
2573	64
2574	67
2575	90
2576	59
2577	79
2578	102
2579	84
2580	91
2581	78
2582	73
2583	88
2584	92
2585	76
2586	95
2587	85
2588	68
2589	55
2590	56
2591	58
2592	73
2593	79
2594	55
2595	63
2596	57
2597	67
2598	69
2599	60
2600	79
2601	72
2602	76
2603	55
2604	54
2605	58
2606	55
2607	74
2608	52
2609	84
2610	54
2611	62
2612	69
2613	61
2614	86
2615	62
2616	62
2617	70
2618	72
2619	80
2620	87
2621	90
2622	69
2623	66
2624	71
2625	72
2626	62
2627	64
2628	55
2629	51
2630	63
2631	54
2632	52
2633	53
2634	72
2635	69
2636	64
2637	72
2638	59
2639	53
2640	76
2641	63
2642	66
2643	82
2644	75
2645	58
2646	65
2647	69
2648	75
2649	60
2650	63
2651	59
2652	70
2653	91
2654	65
2655	68
2656	52
2657	66
2658	77
2659	80
2660	82
2661	75
2662	59
2663	69
2664	52
2665	81
2666	77
2667	84
2668	57
2669	73
2670	68
2671	78
2672	74
2673	76
2674	40
2675	64
2676	63
2677	67
2678	71
2679	66
2680	71
2681	71
2682	55
2683	75
2684	61
2685	67
2686	75
2687	68
2688	66
2689	53
2690	75
2691	70
2692	64
2693	59
2694	63
2695	55
2696	72
2697	65
2698	76
2699	69
2700	68
2701	70
2702	80
2703	65
2704	58
2705	57
2706	56
2707	62
2708	65
2709	57
2710	61
2711	61
2712	55
2713	68
2714	62
2715	56
2716	67
2717	66
2718	63
2719	56
2720	57
2721	59
2722	71
2723	75
2724	57
2725	53
2726	64
2727	55
2728	75
2729	66
2730	55
2731	75
2732	48
2733	71
2734	67
2735	72
2736	58
2737	74
2738	67
2739	66
2740	67
2741	82
2742	89
2743	72
2744	70
2745	68
2746	59
2747	70
2748	71
2749	58
2750	71
2751	52
2752	65
2753	74
2754	78
2755	60
2756	61
2757	59
2758	72
2759	55
2760	71
2761	66
2762	60
2763	68
2764	69
2765	76
2766	79
2767	78
2768	64
2769	67
2770	75
2771	51
2772	76
2773	65
2774	65
2775	72
2776	68
2777	61
2778	55
2779	76
2780	58
2781	76
2782	76
2783	65
2784	66
2785	65
2786	71
2787	64
2788	67
2789	66
2790	59
2791	70
2792	61
2793	67
2794	73
2795	60
2796	69
2797	79
2798	61
2799	71
2800	67
2801	65
2802	50
2803	54
2804	73
2805	81
2806	69
2807	64
2808	61
2809	76
2810	58
2811	64
2812	69
2813	71
2814	64
2815	60
2816	66
2817	63
2818	58
2819	67
2820	52
2821	61
2822	84
2823	54
2824	77
2825	74
2826	69
2827	58
2828	64
2829	83
2830	63
2831	82
2832	47
2833	64
2834	66
2835	66
2836	62
2837	51
2838	66
2839	59
2840	61
2841	66
2842	77
2843	68
2844	66
2845	71
2846	47
2847	63
2848	73
2849	73
2850	65
2851	67
2852	77
2853	64
2854	65
2855	68
2856	77
2857	67
2858	75
2859	70
2860	55
2861	63
2862	74
2863	71
2864	76
2865	51
2866	72
2867	71
2868	54
2869	56
2870	85
2871	65
2872	73
2873	56
2874	81
2875	98
2876	72
2877	60
2878	62
2879	64
2880	66
2881	65
2882	70
2883	55
2884	78
2885	71
2886	67
2887	80
2888	91
2889	98
2890	119
2891	109
2892	130
2893	129
2894	126
2895	152
2896	127
2897	119
2898	108
2899	89
2900	81
2901	80
2902	76
2903	79
2904	100
2905	62
2906	86
2907	94
2908	75
2909	86
2910	80
2911	87
2912	67
2913	74
2914	59
2915	66
2916	78
2917	63
2918	78
2919	77
2920	73
2921	81
2922	71
2923	69
2924	72
2925	71
2926	74
2927	64
2928	62
2929	73
2930	68
2931	73
2932	70
2933	78
2934	73
2935	77
2936	62
2937	75
2938	84
2939	56
2940	86
2941	75
2942	71
2943	63
2944	59
2945	57
2946	63
2947	59
2948	74
2949	68
2950	69
2951	51
2952	71
2953	72
2954	77
2955	68
2956	83
2957	75
2958	83
2959	50
2960	83
2961	61
2962	52
2963	64
2964	61
2965	61
2966	55
2967	75
2968	74
2969	67
2970	78
2971	57
2972	52
2973	63
2974	63
2975	69
2976	74
2977	67
2978	71
2979	75
2980	64
2981	65
2982	63
2983	72
2984	79
2985	83
2986	70
2987	76
2988	66
2989	83
2990	92
2991	82
2992	88
2993	61
2994	82
2995	76
2996	77
2997	80
2998	67
2999	56
3000	67
3001	75
3002	69
3003	77
3004	95
3005	85
3006	94
3007	118
3008	105
3009	131
3010	135
3011	128
3012	127
3013	106
3014	94
3015	74
3016	77
3017	61
3018	59
3019	65
3020	77
3021	71
3022	73
3023	59
3024	45
3025	61
3026	56
3027	48
3028	60
3029	60
3030	45
3031	64
3032	45
3033	76
3034	60
3035	61
3036	74
3037	66
3038	64
3039	70
3040	63
3041	62
3042	81
3043	53
3044	58
3045	50
3046	49
3047	61
3048	63
3049	50
3050	53
3051	61
3052	53
3053	54
3054	70
3055	53
3056	41
3057	71
3058	60
3059	51
3060	54
3061	65
3062	40
3063	58
3064	64
3065	61
3066	73
3067	55
3068	68
3069	55
3070	62
3071	61
3072	57
3073	69
3074	69
3075	64
3076	67
3077	65
3078	69
3079	62
3080	55
3081	65
3082	71
3083	62
3084	53
3085	47
3086	61
3087	54
3088	53
3089	54
3090	43
3091	49
3092	69
3093	66
3094	66
3095	64
3096	64
3097	54
3098	66
3099	58
3100	49
3101	55
3102	72
3103	52
3104	57
3105	56
3106	63
3107	53
3108	63
3109	72
3110	63
3111	43
3112	59
3113	55
3114	50
3115	61
3116	51
3117	54
3118	60
3119	62
3120	80
3121	58
3122	62
3123	74
3124	63
3125	64
3126	66
3127	68
3128	64
3129	84
3130	82
3131	61
3132	65
3133	56
3134	54
3135	53
3136	62
3137	44
3138	58
3139	56
3140	59
3141	64
3142	55
3143	58
3144	50
3145	64
3146	54
3147	57
3148	62
3149	52
3150	55
3151	56
3152	57
3153	63
3154	54
3155	55
3156	60
3157	72
3158	55
3159	70
3160	55
3161	62
3162	56
3163	59
3164	54
3165	51
3166	68
3167	36
3168	50
3169	61
3170	58
3171	63
3172	64
3173	46
3174	49
3175	70
3176	59
3177	57
3178	73
3179	65
3180	45
3181	58
3182	56
3183	54
3184	59
3185	52
3186	59
3187	69
3188	43
3189	50
3190	50
3191	65
3192	52
3193	45
3194	57
3195	51
3196	47
3197	49
3198	55
3199	53
3200	60
3201	48
3202	68
3203	53
3204	66
3205	59
3206	59
3207	51
3208	50
3209	52
3210	55
3211	70
3212	68
3213	59
3214	63
3215	53
3216	54
3217	65
3218	62
3219	63
3220	49
3221	46
3222	53
3223	54
3224	59
3225	54
3226	63
3227	48
3228	56
3229	55
3230	55
3231	60
3232	47
3233	57
3234	62
3235	62
3236	57
3237	74
3238	56
3239	45
3240	67
3241	45
3242	51
3243	53
3244	49
3245	61
3246	50
3247	74
3248	54
3249	64
3250	47
3251	53
3252	67
3253	56
3254	49
3255	57
3256	42
3257	57
3258	70
3259	61
3260	75
3261	54
3262	60
3263	58
3264	51
3265	56
3266	70
3267	65
3268	57
3269	51
3270	60
3271	55
3272	48
3273	46
3274	59
3275	61
3276	61
3277	49
3278	51
3279	67
3280	57
3281	65
3282	40
3283	45
3284	59
3285	51
3286	61
3287	55
3288	41
3289	65
3290	57
3291	42
3292	50
3293	66
3294	50
3295	49
3296	49
3297	69
3298	60
3299	55
3300	61
3301	49
3302	60
3303	53
3304	50
3305	61
3306	60
3307	43
3308	71
3309	52
3310	51
3311	43
3312	55
3313	67
3314	57
3315	67
3316	52
3317	60
3318	41
3319	57
3320	53
3321	62
3322	54
3323	56
3324	58
3325	52
3326	52
3327	60
3328	60
3329	49
3330	50
3331	69
3332	49
3333	57
3334	59
3335	62
3336	41
3337	54
3338	42
3339	44
3340	56
3341	57
3342	66
3343	75
3344	50
3345	58
3346	66
3347	53
3348	64
3349	63
3350	53
3351	60
3352	66
3353	59
3354	65
3355	55
3356	53
3357	60
3358	51
3359	65
3360	49
3361	55
3362	44
3363	58
3364	61
3365	66
3366	62
3367	56
3368	71
3369	56
3370	66
3371	72
3372	76
3373	72
3374	72
3375	80
3376	68
3377	62
3378	54
3379	65
3380	47
3381	47
3382	53
3383	61
3384	44
3385	66
3386	60
3387	54
3388	55
3389	55
3390	51
3391	60
3392	67
3393	75
3394	73
3395	65
3396	85
3397	76
3398	93
3399	96
3400	92
3401	81
3402	75
3403	81
3404	60
3405	62
3406	64
3407	46
3408	70
3409	60
3410	56
3411	63
3412	53
3413	65
3414	51
3415	53
3416	45
3417	36
3418	51
3419	72
3420	53
3421	52
3422	51
3423	65
3424	53
3425	55
3426	58
3427	51
3428	52
3429	50
3430	65
3431	52
3432	44
3433	51
3434	63
3435	54
3436	60
3437	56
3438	57
3439	53
3440	58
3441	59
3442	39
3443	62
3444	65
3445	84
3446	64
3447	61
3448	57
3449	63
3450	56
3451	54
3452	36
3453	42
3454	55
3455	53
3456	46
3457	49
3458	52
3459	52
3460	51
3461	77
3462	72
3463	67
3464	94
3465	87
3466	79
3467	72
3468	83
3469	80
3470	74
3471	74
3472	54
3473	46
3474	56
3475	55
3476	56
3477	61
3478	47
3479	44
3480	53
3481	77
3482	80
3483	72
3484	94
3485	119
3486	128
3487	111
3488	113
3489	102
3490	98
3491	88
3492	71
3493	50
3494	56
3495	58
3496	58
3497	54
3498	57
3499	59
3500	58
3501	59
3502	57
3503	55
3504	54
3505	52
3506	50
3507	48
3508	62
3509	65
3510	39
3511	34
3512	48
3513	57
3514	64
3515	35
3516	53
3517	57
3518	57
3519	49
3520	42
3521	52
3522	40
3523	63
3524	47
3525	54
3526	49
3527	51
3528	57
3529	47
3530	62
3531	54
3532	64
3533	70
3534	87
3535	111
3536	130
3537	149
3538	193
3539	159
3540	163
3541	125
3542	108
3543	91
3544	66
3545	61
3546	61
3547	60
3548	67
3549	48
3550	49
3551	50
3552	48
3553	51
3554	51
3555	68
3556	58
3557	65
3558	44
3559	55
3560	52
3561	53
3562	58
3563	35
3564	48
3565	54
3566	42
3567	51
3568	45
3569	46
3570	56
3571	55
3572	47
3573	41
3574	53
3575	60
3576	49
3577	43
3578	79
3579	58
3580	58
3581	57
3582	62
3583	62
3584	54
3585	64
3586	41
3587	43
3588	46
3589	52
3590	62
3591	61
3592	53
3593	46
3594	41
3595	41
3596	48
3597	57
3598	42
3599	54
3600	53
3601	51
3602	50
3603	44
3604	52
3605	49
3606	56
3607	43
3608	61
3609	64
3610	49
3611	57
3612	45
3613	50
3614	61
3615	58
3616	45
3617	49
3618	57
3619	54
3620	48
3621	55
3622	61
3623	64
3624	57
3625	47
3626	45
3627	48
3628	41
3629	48
3630	77
3631	41
3632	57
3633	51
3634	46
3635	49
3636	56
3637	50
3638	55
3639	56
3640	71
3641	44
3642	56
3643	58
3644	54
3645	48
3646	49
3647	51
3648	48
3649	62
3650	40
3651	50
3652	59
3653	64
3654	63
3655	54
3656	50
3657	58
3658	65
3659	55
3660	63
3661	53
3662	82
3663	62
3664	74
3665	65
3666	65
3667	74
3668	49
3669	59
3670	64
3671	51
3672	66
3673	67
3674	55
3675	63
3676	54
3677	45
3678	57
3679	54
3680	51
3681	45
3682	49
3683	50
3684	46
3685	59
3686	51
3687	64
3688	55
3689	50
3690	61
3691	59
3692	61
3693	81
3694	86
3695	89
3696	105
3697	92
3698	78
3699	96
3700	65
3701	76
3702	69
3703	66
3704	64
3705	49
3706	42
3707	44
3708	56
3709	46
3710	41
3711	53
3712	60
3713	37
3714	73
3715	54
3716	54
3717	55
3718	59
3719	47
3720	60
3721	65
3722	62
3723	52
3724	56
3725	44
3726	53
3727	46
3728	51
3729	55
3730	45
3731	61
3732	55
3733	57
3734	58
3735	51
3736	51
3737	64
3738	58
3739	55
3740	63
3741	50
3742	58
3743	51
3744	50
3745	61
3746	46
3747	63
3748	43
3749	57
3750	51
3751	43
3752	52
3753	42
3754	54
3755	57
3756	50
3757	51
3758	57
3759	55
3760	68
3761	51
3762	62
3763	58
3764	62
3765	58
3766	55
3767	75
3768	62
3769	50
3770	57
3771	61
3772	46
3773	45
3774	59
3775	57
3776	67
3777	50
3778	64
3779	66
3780	55
3781	64
3782	61
3783	52
3784	62
3785	54
3786	55
3787	55
3788	49
3789	59
3790	57
3791	53
3792	59
3793	61
3794	65
3795	61
3796	63
3797	62
3798	44
3799	53
3800	55
3801	60
3802	55
3803	47
3804	67
3805	50
3806	55
3807	59
3808	50
3809	48
3810	42
3811	53
3812	46
3813	64
3814	60
3815	59
3816	42
3817	53
3818	52
3819	68
3820	49
3821	46
3822	52
3823	59
3824	58
3825	57
3826	57
3827	54
3828	44
3829	47
3830	57
3831	61
3832	47
3833	55
3834	54
3835	51
3836	58
3837	58
3838	49
3839	51
3840	49
3841	66
3842	46
3843	55
3844	61
3845	67
3846	62
3847	53
3848	62
3849	57
3850	60
3851	61
3852	46
3853	41
3854	53
3855	59
3856	57
3857	56
3858	73
3859	47
3860	61
3861	69
3862	49
3863	53
3864	53
3865	56
3866	59
3867	53
3868	55
3869	64
3870	65
3871	47
3872	60
3873	58
3874	56
3875	55
3876	61
3877	57
3878	50
3879	63
3880	48
3881	69
3882	52
3883	68
3884	66
3885	57
3886	61
3887	61
3888	60
3889	49
3890	48
3891	51
3892	60
3893	54
3894	50
3895	64
3896	57
3897	66
3898	67
3899	55
3900	45
3901	53
3902	51
3903	54
3904	58
3905	44
3906	52
3907	48
3908	41
3909	54
3910	56
3911	53
3912	56
3913	64
3914	46
3915	57
3916	55
3917	49
3918	46
3919	63
3920	54
3921	46
3922	50
3923	50
3924	53
3925	55
3926	78
3927	56
3928	47
3929	76
3930	74
3931	70
3932	78
3933	77
3934	63
3935	73
3936	61
3937	72
3938	56
3939	64
3940	43
3941	53
3942	52
3943	52
3944	44
3945	43
3946	57
3947	57
3948	59
3949	51
3950	65
3951	64
3952	67
3953	57
3954	64
3955	57
3956	49
3957	53
3958	56
3959	49
3960	42
3961	53
3962	59
3963	51
3964	49
3965	54
3966	51
3967	47
3968	37
3969	50
3970	48
3971	55
3972	52
3973	43
3974	50
3975	59
3976	48
3977	45
3978	62
3979	42
3980	53
3981	46
3982	42
3983	51
3984	46
3985	39
3986	42
3987	52
3988	47
3989	42
3990	50
3991	60
3992	53
3993	57
3994	72
3995	92
3996	129
3997	170
3998	328
3999	454
4000	698
4001	912
4002	1147
4003	1443
4004	1503
4005	1512
4006	1357
4007	1114
4008	831
4009	564
4010	359
4011	243
4012	143
4013	84
4014	63
4015	50
4016	46
4017	47
4018	38
4019	51
4020	55
4021	50
4022	49
4023	60
4024	52
4025	56
4026	47
4027	43
4028	48
4029	52
4030	49
4031	57
4032	44
4033	41
4034	40
4035	44
4036	44
4037	57
4038	41
4039	50
4040	59
4041	45
4042	44
4043	48
4044	52
4045	45
4046	60
4047	43
4048	37
4049	58
4050	50
4051	47
4052	45
4053	48
4054	42
4055	50
4056	35
4057	59
4058	42
4059	45
4060	50
4061	40
4062	39
4063	47
4064	44
4065	57
4066	53
4067	41
4068	30
4069	42
4070	48
4071	37
4072	49
4073	54
4074	37
4075	42
4076	51
4077	46
4078	45
4079	48
4080	57
4081	44
4082	63
4083	53
4084	49
4085	40
4086	42
4087	46
4088	51
4089	43
4090	50
4091	53
4092	35
4093	36
4094	42
4095	53
4096	55
4097	52
4098	47
4099	42
4100	41
4101	47
4102	49
4103	46
4104	40
4105	41
4106	41
4107	45
4108	46
4109	51
4110	40
4111	30
4112	51
4113	50
4114	56
4115	34
4116	39
4117	44
4118	45
4119	41
4120	42
4121	43
4122	38
4123	39
4124	45
4125	47
4126	33
4127	38
4128	48
4129	42
4130	38
4131	53
4132	48
4133	51
4134	39
4135	54
4136	66
4137	39
4138	42
4139	56
4140	35
4141	52
4142	43
4143	44
4144	47
4145	38
4146	58
4147	48
4148	41
4149	55
4150	37
4151	42
4152	45
4153	43
4154	39
4155	43
4156	38
4157	58
4158	40
4159	32
4160	50
4161	48
4162	44
4163	63
4164	55
4165	83
4166	76
4167	81
4168	79
4169	77
4170	97
4171	69
4172	44
4173	54
4174	47
4175	48
4176	26
4177	48
4178	53
4179	42
4180	44
4181	30
4182	48
4183	34
4184	38
4185	49
4186	44
4187	41
4188	39
4189	47
4190	49
4191	51
4192	44
4193	44
4194	48
4195	43
4196	42
4197	35
4198	40
4199	49
4200	54
4201	49
4202	44
4203	45
4204	43
4205	47
4206	36
4207	38
4208	44
4209	33
4210	43
4211	47
4212	46
4213	49
4214	43
4215	59
4216	35
4217	39
4218	61
4219	54
4220	42
4221	40
4222	51
4223	34
4224	40
4225	40
4226	53
4227	47
4228	41
4229	45
4230	42
4231	40
4232	47
4233	54
4234	52
4235	29
4236	42
4237	43
4238	49
4239	54
4240	40
4241	51
4242	52
4243	43
4244	50
4245	37
4246	48
4247	42
4248	44
4249	42
4250	41
4251	41
4252	40
4253	49
4254	44
4255	44
4256	43
4257	40
4258	50
4259	39
4260	42
4261	39
4262	59
4263	46
4264	45
4265	45
4266	41
4267	55
4268	50
4269	50
4270	57
4271	32
4272	54
4273	41
4274	52
4275	46
4276	42
4277	33
4278	47
4279	44
4280	42
4281	53
4282	39
4283	44
4284	39
4285	42
4286	46
4287	48
4288	53
4289	40
4290	38
4291	41
4292	48
4293	46
4294	60
4295	50
4296	44
4297	41
4298	52
4299	52
4300	40
4301	48
4302	45
4303	45
4304	32
4305	40
4306	42
4307	53
4308	41
4309	42
4310	37
4311	44
4312	50
4313	42
4314	59
4315	35
4316	70
4317	69
4318	44
4319	41
4320	58
4321	47
4322	58
4323	50
4324	50
4325	60
4326	49
4327	58
4328	60
4329	54
4330	56
4331	69
4332	55
4333	48
4334	60
4335	42
4336	50
4337	38
4338	36
4339	38
4340	45
4341	48
4342	36
4343	62
4344	42
4345	39
4346	53
4347	51
4348	45
4349	50
4350	53
4351	51
4352	45
4353	36
4354	53
4355	35
4356	48
4357	57
4358	35
4359	47
4360	37
4361	48
4362	47
4363	45
4364	53
4365	37
4366	55
4367	41
4368	53
4369	56
4370	43
4371	47
4372	51
4373	39
4374	48
4375	51
4376	45
4377	54
4378	43
4379	51
4380	42
4381	43
4382	56
4383	69
4384	51
4385	31
4386	50
4387	57
4388	51
4389	48
4390	48
4391	43
4392	51
4393	41
4394	46
4395	45
4396	54
4397	56
4398	38
4399	44
4400	38
4401	43
4402	42
4403	34
4404	51
4405	51
4406	53
4407	52
4408	43
4409	47
4410	49
4411	57
4412	50
4413	64
4414	42
4415	38
4416	44
4417	45
4418	40
4419	42
4420	44
4421	48
4422	56
4423	47
4424	45
4425	37
4426	45
4427	56
4428	53
4429	44
4430	50
4431	36
4432	70
4433	41
4434	55
4435	44
4436	47
4437	45
4438	57
4439	44
4440	48
4441	52
4442	36
4443	48
4444	58
4445	59
4446	47
4447	43
4448	47
4449	63
4450	40
4451	57
4452	63
4453	80
4454	97
4455	104
4456	149
4457	189
4458	258
4459	299
4460	351
4461	363
4462	417
4463	355
4464	374
4465	326
4466	260
4467	249
4468	173
4469	166
4470	122
4471	88
4472	74
4473	52
4474	59
4475	50
4476	51
4477	44
4478	46
4479	59
4480	44
4481	52
4482	45
4483	51
4484	51
4485	63
4486	44
4487	52
4488	39
4489	48
4490	55
4491	55
4492	54
4493	45
4494	55
4495	51
4496	37
4497	44
4498	53
4499	50
4500	42
4501	45
4502	56
4503	41
4504	42
4505	46
4506	45
4507	44
4508	52
4509	37
4510	50
4511	61
4512	41
4513	42
4514	38
4515	49
4516	41
4517	35
4518	37
4519	48
4520	34
4521	46
4522	47
4523	46
4524	46
4525	48
4526	33
4527	48
4528	49
4529	56
4530	37
4531	50
4532	38
4533	44
4534	34
4535	39
4536	43
4537	42
4538	35
4539	35
4540	49
4541	40
4542	55
4543	46
4544	38
4545	28
4546	40
4547	51
4548	29
4549	41
4550	32
4551	51
4552	38
4553	31
4554	33
4555	36
4556	47
4557	49
4558	45
4559	36
4560	42
4561	38
4562	34
4563	37
4564	38
4565	40
4566	36
4567	39
4568	46
4569	40
4570	33
4571	45
4572	37
4573	41
4574	37
4575	45
4576	43
4577	60
4578	41
4579	47
4580	37
4581	30
4582	39
4583	45
4584	32
4585	40
4586	53
4587	48
4588	36
4589	43
4590	43
4591	39
4592	30
4593	41
4594	36
4595	39
4596	36
4597	38
4598	43
4599	41
4600	46
4601	45
4602	39
4603	45
4604	39
4605	49
4606	49
4607	43
4608	48
4609	51
4610	42
4611	40
4612	40
4613	51
4614	46
4615	35
4616	52
4617	50
4618	52
4619	47
4620	46
4621	48
4622	59
4623	27
4624	43
4625	34
4626	38
4627	52
4628	43
4629	47
4630	53
4631	41
4632	48
4633	56
4634	37
4635	39
4636	49
4637	43
4638	33
4639	55
4640	36
4641	40
4642	41
4643	29
4644	31
4645	39
4646	34
4647	40
4648	48
4649	46
4650	43
4651	41
4652	45
4653	38
4654	39
4655	35
4656	39
4657	32
4658	39
4659	36
4660	43
4661	27
4662	44
4663	40
4664	33
4665	29
4666	36
4667	34
4668	32
4669	32
4670	27
4671	32
4672	36
4673	37
4674	37
4675	38
4676	29
4677	41
4678	40
4679	40
4680	29
4681	34
4682	33
4683	37
4684	20
4685	33
4686	35
4687	55
4688	31
4689	42
4690	37
4691	57
4692	37
4693	28
4694	47
4695	29
4696	37
4697	36
4698	39
4699	33
4700	25
4701	29
4702	44
4703	32
4704	32
4705	29
4706	39
4707	35
4708	34
4709	32
4710	27
4711	41
4712	44
4713	46
4714	30
4715	23
4716	33
4717	29
4718	29
4719	26
4720	26
4721	36
4722	37
4723	40
4724	46
4725	39
4726	38
4727	53
4728	46
4729	56
4730	65
4731	76
4732	68
4733	74
4734	58
4735	62
4736	59
4737	44
4738	48
4739	45
4740	37
4741	33
4742	30
4743	33
4744	24
4745	24
4746	35
4747	36
4748	24
4749	33
4750	33
4751	30
4752	34
4753	30
4754	41
4755	31
4756	33
4757	24
4758	29
4759	31
4760	37
4761	43
4762	43
4763	41
4764	40
4765	43
4766	48
4767	40
4768	50
4769	51
4770	55
4771	48
4772	39
4773	42
4774	40
4775	32
4776	34
4777	31
4778	34
4779	28
4780	27
4781	28
4782	38
4783	23
4784	35
4785	38
4786	35
4787	42
4788	30
4789	27
4790	36
4791	22
4792	36
4793	42
4794	36
4795	28
4796	27
4797	33
4798	31
4799	40
4800	24
4801	29
4802	29
4803	39
4804	36
4805	28
4806	43
4807	39
4808	33
4809	40
4810	27
4811	30
4812	20
4813	29
4814	27
4815	24
4816	39
4817	40
4818	38
4819	22
4820	35
4821	35
4822	32
4823	35
4824	31
4825	24
4826	17
4827	35
4828	23
4829	23
4830	24
4831	23
4832	36
4833	25
4834	29
4835	24
4836	27
4837	29
4838	34
4839	25
4840	37
4841	31
4842	26
4843	25
4844	26
4845	21
4846	28
4847	21
4848	27
4849	27
4850	23
4851	29
4852	33
4853	26
4854	31
4855	31
4856	24
4857	25
4858	22
4859	22
4860	33
4861	16
4862	27
4863	32
4864	28
4865	32
4866	36
4867	24
4868	27
4869	27
4870	28
4871	26
4872	30
4873	29
4874	27
4875	24
4876	20
4877	27
4878	33
4879	21
4880	31
4881	28
4882	38
4883	25
4884	32
4885	34
4886	30
4887	26
4888	30
4889	34
4890	29
4891	34
4892	31
4893	22
4894	30
4895	30
4896	24
4897	23
4898	25
4899	29
4900	30
4901	18
4902	36
4903	25
4904	21
4905	32
4906	30
4907	32
4908	31
4909	24
4910	28
4911	27
4912	27
4913	32
4914	29
4915	33
4916	28
4917	31
4918	25
4919	32
4920	27
4921	28
4922	35
4923	27
4924	24
4925	25
4926	30
4927	34
4928	23
4929	38
4930	30
4931	33
4932	29
4933	25
4934	20
4935	32
4936	27
4937	31
4938	33
4939	27
4940	24
4941	26
4942	17
4943	37
4944	21
4945	22
4946	32
4947	31
4948	35
4949	33
4950	38
4951	55
4952	76
4953	72
4954	126
4955	188
4956	206
4957	283
4958	443
4959	586
4960	738
4961	848
4962	977
4963	1160
4964	1164
4965	1086
4966	1067
4967	889
4968	719
4969	543
4970	380
4971	250
4972	126
4973	86
4974	60
4975	37
4976	24
4977	26
4978	29
4979	26
4980	22
4981	23
4982	27
4983	31
4984	22
4985	32
4986	25
4987	32
4988	22
4989	26
4990	22
4991	32
4992	26
4993	24
4994	34
4995	32
4996	26
4997	29
4998	17
4999	29
5000	33
5001	24
5002	16
5003	25
5004	24
5005	22
5006	24
5007	22
5008	26
5009	25
5010	23
5011	26
5012	20
5013	25
5014	35
5015	34
5016	19
5017	26
5018	20
5019	14
5020	16
5021	27
5022	10
5023	20
5024	27
5025	19
5026	30
5027	24
5028	21
5029	27
5030	17
5031	27
5032	23
5033	26
5034	25
5035	19
5036	15
5037	22
5038	26
5039	19
5040	13
5041	21
5042	21
5043	23
5044	18
5045	26
5046	24
5047	16
5048	28
5049	18
5050	21
5051	22
5052	13
5053	23
5054	19
5055	21
5056	26
5057	24
5058	17
5059	23
5060	23
5061	23
5062	27
5063	18
5064	26
5065	29
5066	19
5067	22
5068	19
5069	21
5070	17
5071	21
5072	11
5073	15
5074	30
5075	24
5076	26
5077	26
5078	24
5079	19
5080	26
5081	28
5082	24
5083	16
5084	32
5085	17
5086	17
5087	24
5088	31
5089	24
5090	19
5091	15
5092	25
5093	30
5094	21
5095	16
5096	26
5097	24
5098	29
5099	32
5100	33
5101	23
5102	27
5103	12
5104	33
5105	18
5106	20
5107	24
5108	27
5109	18
5110	22
5111	21
5112	15
5113	21
5114	20
5115	22
5116	22
5117	14
5118	27
5119	19
5120	13
5121	24
5122	23
5123	28
5124	28
5125	25
5126	19
5127	21
5128	25
5129	20
5130	20
5131	25
5132	19
5133	19
5134	28
5135	29
5136	22
5137	22
5138	17
5139	25
5140	22
5141	14
5142	13
5143	13
5144	13
5145	23
5146	11
5147	22
5148	24
5149	18
5150	22
5151	22
5152	22
5153	24
5154	26
5155	30
5156	19
5157	17
5158	16
5159	17
5160	18
5161	21
5162	15
5163	27
5164	32
5165	24
5166	31
5167	20
5168	17
5169	27
5170	37
5171	44
5172	63
5173	41
5174	66
5175	57
5176	70
5177	89
5178	72
5179	56
5180	61
5181	51
5182	33
5183	30
5184	21
5185	22
5186	26
5187	29
5188	17
5189	23
5190	16
5191	18
5192	13
5193	20
5194	20
5195	15
5196	19
5197	25
5198	31
5199	21
5200	17
5201	16
5202	24
5203	18
5204	13
5205	16
5206	20
5207	16
5208	17
5209	17
5210	18
5211	18
5212	16
5213	17
5214	17
5215	34
5216	17
5217	23
5218	28
5219	16
5220	16
5221	18
5222	24
5223	21
5224	16
5225	21
5226	12
5227	29
5228	20
5229	18
5230	20
5231	22
5232	20
5233	23
5234	26
5235	19
5236	12
5237	15
5238	20
5239	15
5240	21
5241	14
5242	12
5243	25
5244	23
5245	24
5246	21
5247	11
5248	20
5249	24
5250	19
5251	23
5252	17
5253	25
5254	16
5255	18
5256	25
5257	19
5258	19
5259	21
5260	20
5261	21
5262	17
5263	27
5264	26
5265	16
5266	23
5267	30
5268	16
5269	19
5270	17
5271	16
5272	25
5273	28
5274	11
5275	19
5276	20
5277	19
5278	19
5279	19
5280	22
5281	25
5282	21
5283	11
5284	22
5285	16
5286	19
5287	32
5288	13
5289	18
5290	18
5291	27
5292	26
5293	23
5294	17
5295	19
5296	29
5297	22
5298	27
5299	19
5300	15
5301	23
5302	24
5303	18
5304	19
5305	17
5306	18
5307	22
5308	25
5309	18
5310	17
5311	21
5312	14
5313	13
5314	17
5315	18
5316	18
5317	17
5318	23
5319	15
5320	23
5321	20
5322	17
5323	17
5324	24
5325	19
5326	24
5327	24
5328	23
5329	18
5330	20
5331	19
5332	24
5333	21
5334	19
5335	29
5336	16
5337	22
5338	22
5339	16
5340	16
5341	21
5342	15
5343	16
5344	26
5345	22
5346	23
5347	20
5348	22
5349	23
5350	27
5351	26
5352	16
5353	20
5354	14
5355	18
5356	21
5357	21
5358	22
5359	17
5360	20
5361	18
5362	16
5363	21
5364	26
5365	24
5366	14
5367	18
5368	11
5369	18
5370	22
5371	21
5372	27
5373	21
5374	22
5375	26
5376	25
5377	19
5378	19
5379	19
5380	15
5381	19
5382	22
5383	23
5384	23
5385	14
5386	20
5387	25
5388	24
5389	24
5390	12
5391	19
5392	15
5393	19
5394	21
5395	17
5396	19
5397	19
5398	14
5399	22
5400	13
5401	22
5402	22
5403	23
5404	22
5405	21
5406	32
5407	21
5408	14
5409	19
5410	19
5411	22
5412	15
5413	23
5414	10
5415	18
5416	23
5417	23
5418	18
5419	21
5420	16
5421	23
5422	19
5423	24
5424	20
5425	18
5426	16
5427	15
5428	23
5429	18
5430	11
5431	20
5432	17
5433	11
5434	16
5435	17
5436	16
5437	18
5438	16
5439	16
5440	17
5441	27
5442	18
5443	22
5444	22
5445	23
5446	17
5447	25
5448	20
5449	29
5450	20
5451	12
5452	24
5453	16
5454	17
5455	21
5456	16
5457	20
5458	21
5459	19
5460	19
5461	17
5462	19
5463	31
5464	15
5465	18
5466	30
5467	25
5468	29
5469	17
5470	33
5471	19
5472	17
5473	19
5474	18
5475	26
5476	21
5477	17
5478	21
5479	19
5480	21
5481	13
5482	23
5483	22
5484	15
5485	17
5486	28
5487	25
5488	24
5489	26
5490	17
5491	24
5492	26
5493	19
5494	11
5495	19
5496	27
5497	23
5498	21
5499	24
5500	21
5501	20
5502	19
5503	21
5504	20
5505	22
5506	21
5507	25
5508	21
5509	26
5510	25
5511	18
5512	18
5513	21
5514	23
5515	20
5516	9
5517	11
5518	23
5519	20
5520	14
5521	20
5522	18
5523	25
5524	19
5525	23
5526	21
5527	11
5528	25
5529	19
5530	20
5531	23
5532	19
5533	27
5534	17
5535	23
5536	17
5537	20
5538	13
5539	23
5540	16
5541	27
5542	26
5543	21
5544	22
5545	28
5546	18
5547	24
5548	25
5549	14
5550	20
5551	18
5552	21
5553	26
5554	11
5555	20
5556	26
5557	23
5558	20
5559	23
5560	16
5561	18
5562	19
5563	16
5564	16
5565	19
5566	21
5567	27
5568	23
5569	22
5570	32
5571	19
5572	18
5573	22
5574	23
5575	22
5576	24
5577	24
5578	20
5579	20
5580	29
5581	32
5582	37
5583	41
5584	78
5585	133
5586	161
5587	229
5588	294
5589	408
5590	492
5591	585
5592	680
5593	785
5594	764
5595	679
5596	623
5597	502
5598	379
5599	277
5600	193
5601	117
5602	77
5603	50
5604	57
5605	28
5606	36
5607	62
5608	57
5609	89
5610	94
5611	120
5612	144
5613	151
5614	151
5615	155
5616	129
5617	99
5618	89
5619	64
5620	59
5621	38
5622	37
5623	18
5624	36
5625	20
5626	20
5627	19
5628	24
5629	15
5630	22
5631	25
5632	19
5633	24
5634	20
5635	17
5636	17
5637	15
5638	18
5639	22
5640	31
5641	19
5642	18
5643	29
5644	21
5645	20
5646	15
5647	13
5648	22
5649	20
5650	16
5651	23
5652	14
5653	16
5654	15
5655	16
5656	22
5657	12
5658	25
5659	25
5660	16
5661	14
5662	18
5663	26
5664	23
5665	27
5666	23
5667	14
5668	24
5669	9
5670	20
5671	15
5672	20
5673	17
5674	17
5675	22
5676	25
5677	27
5678	19
5679	19
5680	24
5681	22
5682	22
5683	39
5684	16
5685	24
5686	20
5687	22
5688	18
5689	25
5690	15
5691	29
5692	11
5693	16
5694	25
5695	15
5696	20
5697	21
5698	24
5699	19
5700	23
5701	19
5702	23
5703	21
5704	21
5705	32
5706	22
5707	17
5708	27
5709	36
5710	37
5711	36
5712	31
5713	40
5714	40
5715	55
5716	37
5717	54
5718	80
5719	78
5720	104
5721	165
5722	235
5723	351
5724	429
5725	578
5726	790
5727	888
5728	936
5729	998
5730	959
5731	852
5732	704
5733	592
5734	426
5735	265
5736	212
5737	115
5738	70
5739	47
5740	28
5741	27
5742	24
5743	18
5744	22
5745	12
5746	23
5747	17
5748	21
5749	23
5750	15
5751	23
5752	19
5753	18
5754	19
5755	15
5756	16
5757	20
5758	25
5759	18
5760	25
5761	21
5762	27
5763	27
5764	18
5765	23
5766	30
5767	29
5768	17
5769	15
5770	24
5771	23
5772	23
5773	21
5774	32
5775	16
5776	31
5777	20
5778	20
5779	21
5780	14
5781	22
5782	20
5783	23
5784	24
5785	22
5786	20
5787	15
5788	15
5789	16
5790	25
5791	23
5792	19
5793	20
5794	24
5795	23
5796	16
5797	19
5798	14
5799	20
5800	18
5801	23
5802	20
5803	21
5804	17
5805	24
5806	16
5807	25
5808	20
5809	27
5810	15
5811	15
5812	21
5813	16
5814	23
5815	24
5816	22
5817	21
5818	28
5819	13
5820	15
5821	25
5822	19
5823	17
5824	31
5825	18
5826	21
5827	24
5828	25
5829	17
5830	18
5831	14
5832	23
5833	13
5834	26
5835	22
5836	15
5837	20
5838	17
5839	19
5840	18
5841	25
5842	19
5843	21
5844	22
5845	26
5846	22
5847	17
5848	19
5849	22
5850	17
5851	22
5852	18
5853	34
5854	21
5855	21
5856	23
5857	17
5858	25
5859	36
5860	19
5861	21
5862	28
5863	18
5864	21
5865	24
5866	18
5867	17
5868	24
5869	18
5870	28
5871	18
5872	15
5873	24
5874	22
5875	23
5876	19
5877	34
5878	20
5879	23
5880	29
5881	19
5882	29
5883	27
5884	20
5885	23
5886	19
5887	18
5888	20
5889	25
5890	24
5891	23
5892	23
5893	15
5894	18
5895	21
5896	19
5897	20
5898	22
5899	14
5900	13
5901	28
5902	17
5903	22
5904	15
5905	21
5906	14
5907	22
5908	24
5909	22
5910	27
5911	21
5912	31
5913	22
5914	24
5915	19
5916	18
5917	20
5918	15
5919	25
5920	26
5921	28
5922	21
5923	23
5924	28
5925	17
5926	17
5927	24
5928	27
5929	15
5930	14
5931	20
5932	18
5933	25
5934	21
5935	25
5936	19
5937	26
5938	28
5939	21
5940	25
5941	29
5942	22
5943	14
5944	17
5945	19
5946	16
5947	27
5948	17
5949	21
5950	24
5951	29
5952	29
5953	19
5954	30
5955	22
5956	21
5957	26
5958	19
5959	17
5960	26
5961	21
5962	22
5963	23
5964	20
5965	21
5966	21
5967	24
5968	23
5969	18
5970	29
5971	22
5972	26
5973	22
5974	20
5975	25
5976	22
5977	23
5978	30
5979	18
5980	22
5981	23
5982	16
5983	23
5984	30
5985	18
5986	28
5987	29
5988	32
5989	27
5990	25
5991	26
5992	22
5993	20
5994	26
5995	26
5996	26
5997	20
5998	34
5999	19
6000	22
6001	21
6002	25
6003	19
6004	17
6005	23
6006	20
6007	26
6008	22
6009	11
6010	23
6011	16
6012	20
6013	25
6014	34
6015	21
6016	23
6017	21
6018	18
6019	23
6020	26
6021	28
6022	32
6023	24
6024	23
6025	31
6026	22
6027	19
6028	25
6029	29
6030	25
6031	28
6032	25
6033	22
6034	27
6035	17
6036	24
6037	23
6038	41
6039	34
6040	27
6041	28
6042	26
6043	20
6044	19
6045	32
6046	20
6047	20
6048	29
6049	24
6050	26
6051	24
6052	19
6053	38
6054	26
6055	27
6056	25
6057	32
6058	36
6059	26
6060	18
6061	17
6062	28
6063	26
6064	19
6065	36
6066	30
6067	32
6068	20
6069	27
6070	22
6071	33
6072	28
6073	28
6074	23
6075	31
6076	26
6077	16
6078	34
6079	22
6080	24
6081	22
6082	24
6083	23
6084	25
6085	15
6086	20
6087	27
6088	22
6089	19
6090	21
6091	28
6092	21
6093	26
6094	21
6095	19
6096	29
6097	21
6098	18
6099	25
6100	32
6101	24
6102	31
6103	20
6104	15
6105	23
6106	15
6107	15
6108	29
6109	27
6110	32
6111	27
6112	23
6113	17
6114	26
6115	21
6116	32
6117	20
6118	21
6119	18
6120	24
6121	23
6122	18
6123	16
6124	17
6125	25
6126	28
6127	13
6128	25
6129	17
6130	21
6131	18
6132	23
6133	10
6134	25
6135	16
6136	23
6137	18
6138	18
6139	19
6140	21
6141	22
6142	28
6143	27
6144	27
6145	23
6146	23
6147	18
6148	14
6149	17
6150	20
6151	25
6152	12
6153	14
6154	19
6155	23
6156	13
6157	13
6158	19
6159	16
6160	18
6161	22
6162	32
6163	20
6164	12
6165	21
6166	21
6167	13
6168	18
6169	21
6170	14
6171	24
6172	11
6173	10
6174	18
6175	13
6176	16
6177	15
6178	19
6179	15
6180	15
6181	15
6182	20
6183	18
6184	12
6185	24
6186	27
6187	21
6188	11
6189	14
6190	10
6191	15
6192	16
6193	15
6194	7
6195	14
6196	12
6197	14
6198	12
6199	16
6200	12
6201	10
6202	20
6203	23
6204	14
6205	12
6206	11
6207	7
6208	19
6209	19
6210	21
6211	12
6212	18
6213	12
6214	19
6215	17
6216	19
6217	13
6218	15
6219	16
6220	20
6221	17
6222	14
6223	14
6224	16
6225	18
6226	5
6227	12
6228	22
6229	11
6230	16
6231	10
6232	10
6233	12
6234	12
6235	16
6236	15
6237	18
6238	16
6239	14
6240	21
6241	29
6242	24
6243	39
6244	47
6245	57
6246	65
6247	73
6248	102
6249	108
6250	113
6251	90
6252	92
6253	83
6254	65
6255	53
6256	46
6257	37
6258	34
6259	28
6260	14
6261	18
6262	13
6263	11
6264	14
6265	11
6266	17
6267	18
6268	12
6269	15
6270	10
6271	7
6272	12
6273	21
6274	5
6275	19
6276	12
6277	20
6278	13
6279	11
6280	11
6281	12
6282	19
6283	15
6284	16
6285	10
6286	11
6287	10
6288	21
6289	15
6290	13
6291	14
6292	15
6293	13
6294	9
6295	13
6296	10
6297	13
6298	11
6299	16
6300	18
6301	18
6302	8
6303	7
6304	13
6305	12
6306	15
6307	19
6308	10
6309	10
6310	7
6311	6
6312	6
6313	15
6314	9
6315	11
6316	16
6317	14
6318	16
6319	13
6320	6
6321	8
6322	10
6323	11
6324	15
6325	12
6326	17
6327	11
6328	13
6329	17
6330	12
6331	18
6332	13
6333	17
6334	17
6335	16
6336	12
6337	13
6338	14
6339	16
6340	13
6341	12
6342	14
6343	4
6344	11
6345	8
6346	10
6347	10
6348	7
6349	13
6350	12
6351	21
6352	10
6353	14
6354	15
6355	11
6356	19
6357	18
6358	13
6359	13
6360	19
6361	13
6362	14
6363	13
6364	17
6365	11
6366	13
6367	17
6368	16
6369	15
6370	10
6371	12
6372	9
6373	14
6374	13
6375	7
6376	9
6377	8
6378	10
6379	9
6380	25
6381	9
6382	18
6383	10
6384	14
6385	14
6386	22
6387	10
6388	12
6389	10
6390	12
6391	15
6392	7
6393	9
6394	12
6395	13
6396	11
6397	6
6398	10
6399	11
6400	15
6401	11
6402	12
6403	11
6404	8
6405	11
6406	9
6407	6
6408	9
6409	12
6410	10
6411	16
6412	12
6413	11
6414	11
6415	6
6416	6
6417	11
6418	13
6419	14
6420	10
6421	7
6422	11
6423	13
6424	11
6425	10
6426	12
6427	6
6428	5
6429	7
6430	16
6431	7
6432	13
6433	11
6434	14
6435	12
6436	20
6437	17
6438	17
6439	24
6440	22
6441	27
6442	21
6443	16
6444	17
6445	18
6446	20
6447	11
6448	7
6449	9
6450	18
6451	9
6452	12
6453	8
6454	10
6455	7
6456	12
6457	8
6458	10
6459	3
6460	14
6461	8
6462	7
6463	11
6464	9
6465	11
6466	15
6467	8
6468	10
6469	13
6470	10
6471	10
6472	11
6473	9
6474	10
6475	11
6476	13
6477	14
6478	12
6479	6
6480	8
6481	11
6482	5
6483	9
6484	4
6485	9
6486	7
6487	14
6488	6
6489	6
6490	13
6491	6
6492	20
6493	7
6494	12
6495	10
6496	12
6497	9
6498	9
6499	10
6500	7
6501	14
6502	4
6503	10
6504	13
6505	7
6506	10
6507	3
6508	8
6509	9
6510	11
6511	6
6512	9
6513	7
6514	10
6515	9
6516	5
6517	10
6518	11
6519	6
6520	12
6521	12
6522	5
6523	16
6524	11
6525	7
6526	9
6527	8
6528	5
6529	14
6530	13
6531	4
6532	6
6533	11
6534	8
6535	6
6536	6
6537	6
6538	7
6539	7
6540	9
6541	6
6542	10
6543	10
6544	7
6545	8
6546	11
6547	5
6548	8
6549	10
6550	11
6551	6
6552	10
6553	11
6554	6
6555	9
6556	5
6557	9
6558	5
6559	9
6560	6
6561	8
6562	9
6563	9
6564	4
6565	8
6566	7
6567	10
6568	8
6569	11
6570	9
6571	9
6572	9
6573	9
6574	12
6575	9
6576	11
6577	5
6578	9
6579	8
6580	2
6581	7
6582	8
6583	10
6584	4
6585	8
6586	9
6587	5
6588	8
6589	7
6590	8
6591	3
6592	8
6593	9
6594	6
6595	7
6596	5
6597	7
6598	7
6599	10
6600	6
6601	7
6602	9
6603	10
6604	6
6605	3
6606	9
6607	1
6608	4
6609	5
6610	3
6611	4
6612	4
6613	3
6614	5
6615	5
6616	9
6617	9
6618	3
6619	3
6620	6
6621	5
6622	7
6623	3
6624	9
6625	5
6626	9
6627	9
6628	6
6629	11
6630	6
6631	6
6632	7
6633	7
6634	10
6635	3
6636	6
6637	7
6638	6
6639	10
6640	7
6641	7
6642	9
6643	4
6644	8
6645	5
6646	3
6647	15
6648	10
6649	7
6650	2
6651	8
6652	2
6653	9
6654	3
6655	5
6656	6
6657	8
6658	12
6659	9
6660	12
6661	16
6662	6
6663	18
6664	12
6665	10
6666	12
6667	13
6668	5
6669	9
6670	2
6671	7
6672	5
6673	5
6674	5
6675	5
6676	4
6677	8
6678	6
6679	5
6680	3
6681	8
6682	7
6683	10
6684	13
6685	8
6686	10
6687	21
6688	18
6689	27
6690	29
6691	51
6692	57
6693	74
6694	92
6695	96
6696	99
6697	90
6698	102
6699	83
6700	56
6701	46
6702	45
6703	44
6704	19
6705	24
6706	12
6707	6
6708	11
6709	4
6710	8
6711	4
6712	6
6713	5
6714	4
6715	2
6716	3
6717	2
6718	4
6719	6
6720	5
6721	5
6722	6
6723	2
6724	5
6725	1
6726	4
6727	5
6728	4
6729	4
6730	1
6731	4
6732	5
6733	3
6734	6
6735	3
6736	7
6737	3
6738	4
6739	4
6740	5
6741	5
6742	6
6743	5
6744	0
6745	5
6746	6
6747	4
6748	6
6749	2
6750	3
6751	3
6752	8
6753	6
6754	3
6755	5
6756	8
6757	1
6758	7
6759	3
6760	3
6761	3
6762	1
6763	1
6764	5
6765	4
6766	5
6767	4
6768	0
6769	5
6770	4
6771	3
6772	4
6773	5
6774	2
6775	6
6776	5
6777	1
6778	6
6779	3
6780	4
6781	2
6782	4
6783	3
6784	4
6785	0
6786	0
6787	4
6788	2
6789	7
6790	3
6791	2
6792	0
6793	3
6794	3
6795	5
6796	1
6797	4
6798	4
6799	4
6800	5
6801	4
6802	4
6803	2
6804	4
6805	4
6806	4
6807	2
6808	4
6809	5
6810	1
6811	2
6812	3
6813	4
6814	1
6815	3
6816	1
6817	1
6818	3
6819	3
6820	1
6821	2
6822	3
6823	1
6824	6
6825	1
6826	4
6827	5
6828	1
6829	0
6830	5
6831	5
6832	4
6833	4
6834	4
6835	2
6836	5
6837	6
6838	5
6839	2
6840	4
6841	2
6842	3
6843	1
6844	2
6845	3
6846	5
6847	2
6848	4
6849	4
6850	4
6851	1
6852	5
6853	1
6854	2
6855	4
6856	3
6857	5
6858	4
6859	4
6860	4
6861	2
6862	2
6863	2
6864	4
6865	5
6866	4
6867	7
6868	0
6869	4
6870	4
6871	5
6872	7
6873	9
6874	3
6875	1
6876	1
6877	4
6878	6
6879	4
6880	4
6881	4
6882	1
6883	1
6884	1
6885	1
6886	3
6887	0
6888	1
6889	4
6890	1
6891	4
6892	2
6893	2
6894	3
6895	3
6896	4
6897	2
6898	2
6899	2
6900	3
6901	0
6902	3
6903	3
6904	1
6905	1
6906	3
6907	1
6908	4
6909	5
6910	5
6911	1
6912	3
6913	4
6914	2
6915	3
6916	7
6917	2
6918	4
6919	1
6920	5
6921	2
6922	4
6923	1
6924	4
6925	3
6926	1
6927	4
6928	2
6929	4
6930	2
6931	1
6932	1
6933	1
6934	4
6935	4
6936	1
6937	4
6938	4
6939	2
6940	1
6941	2
6942	3
6943	0
6944	2
6945	3
6946	6
6947	6
6948	4
6949	6
6950	3
6951	3
6952	2
6953	4
6954	0
6955	5
6956	1
6957	2
6958	4
6959	4
6960	4
6961	2
6962	2
6963	2
6964	2
6965	3
6966	3
6967	2
6968	1
6969	3
6970	3
6971	4
6972	3
6973	4
6974	1
6975	2
6976	3
6977	2
6978	0
6979	5
6980	4
6981	4
6982	2
6983	1
6984	0
6985	1
6986	3
6987	2
6988	3
6989	1
6990	5
6991	2
6992	5
6993	3
6994	1
6995	5
6996	2
6997	3
6998	2
6999	1
7000	0
7001	4
7002	5
7003	2
7004	2
7005	3
7006	4
7007	1
7008	3
7009	1
7010	0
7011	0
7012	3
7013	3
7014	3
7015	1
7016	1
7017	4
7018	0
7019	5
7020	2
7021	5
7022	3
7023	5
7024	5
7025	5
7026	3
7027	4
7028	7
7029	4
7030	5
7031	1
7032	4
7033	5
7034	6
7035	2
7036	1
7037	0
7038	1
7039	3
7040	3
7041	0
7042	4
7043	2
7044	1
7045	4
7046	1
7047	1
7048	2
7049	2
7050	2
7051	4
7052	3
7053	3
7054	2
7055	1
7056	1
7057	2
7058	3
7059	4
7060	4
7061	6
7062	4
7063	2
7064	1
7065	5
7066	1
7067	2
7068	2
7069	3
7070	3
7071	5
7072	3
7073	2
7074	1
7075	3
7076	3
7077	2
7078	6
7079	1
7080	1
7081	2
7082	2
7083	3
7084	0
7085	1
7086	2
7087	2
7088	5
7089	1
7090	2
7091	4
7092	2
7093	5
7094	1
7095	2
7096	2
7097	2
7098	2
7099	1
7100	5
7101	3
7102	3
7103	3
7104	1
7105	1
7106	4
7107	4
7108	6
7109	1
7110	7
7111	3
7112	2
7113	4
7114	5
7115	1
7116	2
7117	4
7118	0
7119	4
7120	1
7121	3
7122	0
7123	1
7124	2
7125	1
7126	1
7127	3
7128	2
7129	4
7130	5
7131	1
7132	4
7133	2
7134	1
7135	1
7136	2
7137	3
7138	1
7139	1
7140	3
7141	2
7142	2
7143	2
7144	8
7145	2
7146	0
7147	2
7148	2
7149	5
7150	3
7151	5
7152	1
7153	2
7154	2
7155	4
7156	5
7157	1
7158	1
7159	4
7160	1
7161	1
7162	3
7163	3
7164	3
7165	2
7166	5
7167	3
7168	3
7169	3
7170	5
7171	3
7172	5
7173	1
7174	3
7175	1
7176	1
7177	3
7178	2
7179	3
7180	1
7181	2
7182	2
7183	3
7184	1
7185	3
7186	0
7187	1
7188	1
7189	2
7190	2
7191	0
7192	2
7193	3
7194	2
7195	0
7196	2
7197	2
7198	1
7199	2
7200	1
7201	2
7202	1
7203	5
7204	6
7205	3
7206	2
7207	1
7208	3
7209	1
7210	3
7211	3
7212	6
7213	1
7214	1
7215	1
7216	3
7217	1
7218	4
7219	1
7220	1
7221	6
7222	5
7223	2
7224	5
7225	2
7226	4
7227	1
7228	4
7229	2
7230	2
7231	3
7232	3
7233	5
7234	5
7235	3
7236	5
7237	3
7238	1
7239	8
7240	3
7241	5
7242	3
7243	4
7244	7
7245	13
7246	31
7247	31
7248	51
7249	62
7250	107
7251	131
7252	217
7253	292
7254	367
7255	450
7256	654
7257	752
7258	947
7259	1038
7260	1083
7261	1048
7262	1002
7263	885
7264	780
7265	647
7266	451
7267	307
7268	207
7269	152
7270	84
7271	49
7272	14
7273	17
7274	6
7275	4
7276	4
7277	0
7278	4
7279	1
7280	1
7281	2
7282	0
7283	1
7284	3
7285	0
7286	0
7287	2
7288	1
7289	2
7290	1
7291	1
7292	2
7293	2
7294	2
7295	3
7296	1
7297	3
7298	3
7299	0
7300	1
7301	4
7302	2
7303	1
7304	1
7305	1
7306	2
7307	3
7308	0
7309	0
7310	0
7311	1
7312	2
7313	1
7314	1
7315	0
7316	0
7317	1
7318	0
7319	3
7320	0
7321	0
7322	2
7323	3
7324	1
7325	0
7326	2
7327	1
7328	1
7329	2
7330	1
7331	1
7332	3
7333	0
7334	3
7335	1
7336	0
7337	1
7338	0
7339	1
7340	0
7341	2
7342	1
7343	0
7344	1
7345	0
7346	4
7347	1
7348	2
7349	1
7350	1
7351	1
7352	2
7353	2
7354	1
7355	3
7356	1
7357	4
7358	1
7359	0
7360	2
7361	1
7362	0
7363	1
7364	1
7365	0
7366	0
7367	1
7368	3
7369	2
7370	1
7371	4
7372	4
7373	0
7374	0
7375	2
7376	0
7377	2
7378	0
7379	0
7380	2
7381	0
7382	0
7383	1
7384	1
7385	0
7386	1
7387	1
7388	1
7389	1
7390	1
7391	0
7392	1
7393	0
7394	0
7395	0
7396	0
7397	3
7398	0
7399	1
7400	0
7401	2
7402	0
7403	1
7404	0
7405	1
7406	1
7407	0
7408	0
7409	2
7410	1
7411	0
7412	3
7413	0
7414	0
7415	2
7416	0
7417	0
7418	1
7419	1
7420	0
7421	0
7422	0
7423	0
7424	2
7425	0
7426	1
7427	3
7428	1
7429	0
7430	0
7431	2
7432	0
7433	0
7434	0
7435	3
7436	2
7437	1
7438	0
7439	2
7440	2
7441	0
7442	1
7443	1
7444	0
7445	4
7446	4
7447	0
7448	1
7449	2
7450	2
7451	0
7452	0
7453	2
7454	0
7455	0
7456	1
7457	0
7458	1
7459	1
7460	0
7461	1
7462	0
7463	0
7464	0
7465	0
7466	1
7467	1
7468	0
7469	0
7470	0
7471	0
7472	0
7473	1
7474	3
7475	0
7476	1
7477	3
7478	1
7479	0
7480	0
7481	1
7482	2
7483	1
7484	1
7485	3
7486	2
7487	1
7488	0
7489	1
7490	0
7491	1
7492	1
7493	2
7494	0
7495	2
7496	1
7497	0
7498	2
7499	1
7500	2
7501	2
7502	1
7503	3
7504	2
7505	3
7506	2
7507	6
7508	5
7509	8
7510	8
7511	12
7512	20
7513	21
7514	19
7515	12
7516	28
7517	26
7518	22
7519	24
7520	20
7521	11
7522	12
7523	9
7524	13
7525	17
7526	16
7527	14
7528	27
7529	20
7530	32
7531	27
7532	30
7533	34
7534	32
7535	44
7536	27
7537	28
7538	19
7539	12
7540	9
7541	7
7542	5
7543	0
7544	2
7545	1
7546	0
7547	2
7548	2
7549	2
7550	0
7551	0
7552	2
7553	0
7554	1
7555	2
7556	0
7557	1
7558	1
7559	1
7560	1
7561	0
7562	1
7563	1
7564	0
7565	1
7566	0
7567	0
7568	2
7569	0
7570	0
7571	0
7572	2
7573	0
7574	2
7575	1
7576	0
7577	1
7578	0
7579	0
7580	0
7581	1
7582	1
7583	1
7584	1
7585	0
7586	0
7587	0
7588	0
7589	1
7590	2
7591	0
7592	2
7593	0
7594	1
7595	3
7596	0
7597	1
7598	1
7599	0
7600	1
7601	3
7602	0
7603	2
7604	0
7605	1
7606	1
7607	1
7608	0
7609	0
7610	2
7611	2
7612	2
7613	0
7614	1
7615	0
7616	1
7617	1
7618	0
7619	1
7620	1
7621	0
7622	0
7623	2
7624	1
7625	1
7626	0
7627	1
7628	0
7629	2
7630	0
7631	2
7632	0
7633	0
7634	1
7635	0
7636	2
7637	3
7638	0
7639	2
7640	0
7641	0
7642	1
7643	1
7644	1
7645	0
7646	1
7647	2
7648	0
7649	0
7650	0
7651	1
7652	3
7653	3
7654	0
7655	1
7656	2
7657	1
7658	2
7659	1
7660	0
7661	0
7662	0
7663	2
7664	0
7665	0
7666	0
7667	0
7668	0
7669	1
7670	0
7671	1
7672	0
7673	0
7674	0
7675	1
7676	2
7677	0
7678	1
7679	0
7680	1
7681	0
7682	0
7683	1
7684	1
7685	0
7686	1
7687	0
7688	0
7689	1
7690	2
7691	0
7692	3
7693	3
7694	0
7695	0
7696	0
7697	0
7698	2
7699	3
7700	0
7701	1
7702	1
7703	1
7704	1
7705	1
7706	0
7707	0
7708	0
7709	1
7710	3
7711	0
7712	0
7713	2
7714	0
7715	1
7716	0
7717	2
7718	0
7719	0
7720	0
7721	0
7722	1
7723	0
7724	0
7725	2
7726	0
7727	1
7728	0
7729	0
7730	0
7731	2
7732	0
7733	1
7734	0
7735	0
7736	0
7737	1
7738	0
7739	1
7740	0
7741	0
7742	0
7743	3
7744	2
7745	0
7746	0
7747	0
7748	1
7749	0
7750	1
7751	1
7752	2
7753	0
7754	1
7755	0
7756	1
7757	0
7758	1
7759	1
7760	1
7761	0
7762	0
7763	1
7764	2
7765	2
7766	1
7767	0
7768	0
7769	1
7770	0
7771	0
7772	0
7773	0
7774	1
7775	1
7776	0
7777	0
7778	3
7779	3
7780	0
7781	3
7782	1
7783	1
7784	3
7785	2
7786	1
7787	0
7788	0
7789	3
7790	1
7791	3
7792	3
7793	0
7794	2
7795	0
7796	0
7797	1
7798	2
7799	1
7800	0
7801	0
7802	2
7803	0
7804	0
7805	1
7806	0
7807	1
7808	1
7809	4
7810	1
7811	1
7812	1
7813	2
7814	1
7815	1
7816	0
7817	0
7818	1
7819	0
7820	1
7821	1
7822	0
7823	1
7824	0
7825	1
7826	0
7827	0
7828	0
7829	0
7830	0
7831	2
7832	1
7833	0
7834	2
7835	1
7836	1
7837	0
7838	0
7839	1
7840	0
7841	1
7842	0
7843	1
7844	0
7845	0
7846	1
7847	1
7848	0
7849	1
7850	0
7851	1
7852	0
7853	1
7854	0
7855	2
7856	0
7857	1
7858	1
7859	0
7860	2
7861	1
7862	1
7863	1
7864	2
7865	1
7866	2
7867	1
7868	1
7869	2
7870	2
7871	1
7872	3
7873	2
7874	8
7875	12
7876	8
7877	9
7878	10
7879	11
7880	16
7881	16
7882	6
7883	15
7884	9
7885	11
7886	8
7887	3
7888	0
7889	2
7890	2
7891	1
7892	3
7893	3
7894	1
7895	1
7896	0
7897	0
7898	0
7899	1
7900	0
7901	0
7902	0
7903	1
7904	0
7905	0
7906	0
7907	0
7908	1
7909	0
7910	1
7911	1
7912	0
7913	0
7914	2
7915	1
7916	0
7917	0
7918	2
7919	0
7920	0
7921	0
7922	1
7923	0
7924	2
7925	1
7926	0
7927	1
7928	1
7929	1
7930	0
7931	0
7932	1
7933	1
7934	0
7935	0
7936	0
7937	0
7938	0
7939	0
7940	0
7941	0
7942	3
7943	0
7944	1
7945	1
7946	1
7947	0
7948	0
7949	0
7950	1
7951	1
7952	0
7953	0
7954	0
7955	0
7956	2
7957	0
7958	1
7959	1
7960	0
7961	0
7962	0
7963	0
7964	1
7965	0
7966	0
7967	1
7968	0
7969	1
7970	0
7971	0
7972	2
7973	0
7974	0
7975	0
7976	0
7977	2
7978	1
7979	1
7980	1
7981	0
7982	0
7983	1
7984	2
7985	1
7986	0
7987	1
7988	0
7989	0
7990	1
7991	0
7992	0
7993	0
7994	1
7995	0
7996	0
7997	1
7998	0
7999	1
8000	0
8001	0
8002	3
8003	1
8004	1
8005	2
8006	0
8007	0
8008	2
8009	0
8010	0
8011	0
8012	0
8013	0
8014	0
8015	2
8016	2
8017	0
8018	1
8019	1
8020	0
8021	0
8022	0
8023	1
8024	0
8025	0
8026	0
8027	1
8028	0
8029	1
8030	2
8031	0
8032	1
8033	0
8034	1
8035	0
8036	0
8037	2
8038	2
8039	0
8040	1
8041	0
8042	0
8043	0
8044	1
8045	0
8046	1
8047	0
8048	1
8049	1
8050	1
8051	1
8052	0
8053	0
8054	0
8055	1
8056	3
8057	0
8058	0
8059	1
8060	1
8061	0
8062	1
8063	0
8064	0
8065	0
8066	0
8067	0
8068	0
8069	0
8070	0
8071	1
8072	0
8073	0
8074	0
8075	0
8076	1
8077	0
8078	1
8079	0
8080	0
8081	0
8082	0
8083	1
8084	1
8085	0
8086	0
8087	0
8088	0
8089	0
8090	0
8091	1
8092	1
8093	0
8094	1
8095	0
8096	0
8097	0
8098	1
8099	0
8100	0
8101	0
8102	0
8103	0
8104	0
8105	0
8106	0
8107	0
8108	0
8109	0
8110	0
8111	0
8112	0
8113	0
8114	0
8115	0
8116	0
8117	0
8118	0
8119	0
8120	0
8121	0
8122	0
8123	0
8124	0
8125	0
8126	0
8127	0
8128	0
8129	0
8130	0
8131	0
8132	0
8133	0
8134	0
8135	0
8136	0
8137	0
8138	0
8139	0
8140	0
8141	0
8142	0
8143	0
8144	0
8145	0
8146	0
8147	0
8148	0
8149	0
8150	0
8151	0
8152	0
8153	0
8154	0
8155	0
8156	0
8157	0
8158	0
8159	0
8160	0
8161	0
8162	0
8163	0
8164	0
8165	0
8166	0
8167	0
8168	0
8169	0
8170	0
8171	0
8172	0
8173	0
8174	0
8175	0
8176	0
8177	0
8178	0
8179	0
8180	0
8181	0
8182	0
8183	0
8184	0
8185	0
8186	0
8187	0
8188	0
8189	0
8190	0
8191	0
