0	0
1	0
2	0
3	0
4	0
5	0
6	0
7	0
8	0
9	0
10	0
11	0
12	0
13	0
14	0
15	0
16	0
17	0
18	0
19	0
20	0
21	0
22	0
23	0
24	0
25	0
26	0
27	0
28	0
29	0
30	0
31	0
32	0
33	0
34	0
35	0
36	0
37	0
38	0
39	0
40	0
41	0
42	0
43	0
44	0
45	0
46	0
47	0
48	0
49	0
50	0
51	0
52	0
53	0
54	0
55	0
56	0
57	0
58	0
59	0
60	0
61	0
62	0
63	0
64	0
65	0
66	0
67	1
68	24
69	77
70	136
71	179
72	178
73	202
74	227
75	200
76	214
77	212
78	198
79	246
80	224
81	262
82	225
83	238
84	263
85	270
86	251
87	276
88	302
89	291
90	322
91	337
92	378
93	317
94	422
95	382
96	403
97	378
98	414
99	506
100	458
101	471
102	498
103	541
104	602
105	614
106	673
107	706
108	744
109	759
110	870
111	799
112	890
113	938
114	967
115	1052
116	1107
117	1212
118	1292
119	1356
120	1391
121	1539
122	1687
123	1738
124	1869
125	1991
126	2216
127	2261
128	2468
129	2623
130	2731
131	2991
132	3064
133	3268
134	3495
135	3580
136	3591
137	3767
138	3940
139	4083
140	4074
141	4166
142	4306
143	4293
144	4315
145	4255
146	4033
147	4055
148	3925
149	4029
150	3759
151	3587
152	3471
153	3302
154	3314
155	3068
156	2968
157	2803
158	2624
159	2551
160	2397
161	2286
162	2162
163	1939
164	1932
165	1894
166	1912
167	1863
168	1732
169	1646
170	1606
171	1593
172	1488
173	1405
174	1327
175	1320
176	1224
177	1217
178	1111
179	1098
180	1028
181	990
182	915
183	840
184	815
185	750
186	722
187	692
188	620
189	614
190	557
191	528
192	494
193	484
194	475
195	416
196	430
197	360
198	365
199	383
200	385
201	365
202	347
203	403
204	353
205	360
206	373
207	324
208	348
209	340
210	334
211	384
212	324
213	389
214	357
215	356
216	340
217	355
218	383
219	376
220	388
221	385
222	404
223	391
224	440
225	380
226	447
227	418
228	400
229	416
230	415
231	420
232	412
233	451
234	438
235	421
236	451
237	433
238	432
239	478
240	430
241	455
242	465
243	485
244	448
245	460
246	479
247	443
248	475
249	478
250	507
251	508
252	496
253	480
254	472
255	509
256	523
257	459
258	502
259	531
260	531
261	532
262	518
263	556
264	541
265	549
266	606
267	588
268	551
269	541
270	571
271	565
272	579
273	618
274	605
275	559
276	586
277	572
278	650
279	606
280	595
281	653
282	610
283	637
284	664
285	609
286	656
287	671
288	698
289	677
290	633
291	687
292	734
293	639
294	669
295	648
296	714
297	654
298	710
299	721
300	714
301	717
302	681
303	662
304	713
305	678
306	728
307	719
308	685
309	683
310	707
311	674
312	739
313	783
314	750
315	731
316	732
317	774
318	832
319	756
320	781
321	771
322	795
323	836
324	773
325	841
326	827
327	786
328	847
329	849
330	822
331	812
332	842
333	872
334	841
335	808
336	870
337	829
338	850
339	921
340	887
341	920
342	883
343	838
344	832
345	879
346	829
347	887
348	852
349	863
350	868
351	856
352	842
353	874
354	848
355	867
356	874
357	842
358	876
359	868
360	820
361	750
362	802
363	811
364	827
365	814
366	820
367	819
368	787
369	819
370	787
371	851
372	762
373	793
374	748
375	776
376	812
377	776
378	775
379	777
380	782
381	755
382	771
383	773
384	740
385	812
386	785
387	762
388	769
389	801
390	767
391	750
392	810
393	824
394	788
395	766
396	756
397	783
398	791
399	783
400	814
401	741
402	798
403	801
404	833
405	774
406	835
407	780
408	746
409	771
410	799
411	814
412	826
413	829
414	862
415	835
416	897
417	795
418	868
419	852
420	836
421	819
422	889
423	869
424	908
425	881
426	883
427	885
428	954
429	939
430	976
431	946
432	1009
433	1036
434	1064
435	1053
436	1060
437	1093
438	1171
439	1138
440	1163
441	1130
442	1230
443	1317
444	1285
445	1278
446	1357
447	1287
448	1409
449	1473
450	1422
451	1484
452	1556
453	1531
454	1623
455	1682
456	1759
457	1702
458	1820
459	1771
460	1936
461	1891
462	1900
463	1882
464	2016
465	2066
466	2042
467	1999
468	2059
469	2034
470	2118
471	2049
472	2164
473	2128
474	2106
475	2188
476	2118
477	2096
478	2190
479	2155
480	2109
481	2073
482	2014
483	2011
484	2004
485	1891
486	1956
487	1975
488	1856
489	1810
490	1772
491	1820
492	1711
493	1650
494	1613
495	1558
496	1540
497	1463
498	1359
499	1422
500	1298
501	1320
502	1246
503	1143
504	1111
505	1065
506	1024
507	1050
508	1016
509	980
510	909
511	877
512	896
513	775
514	803
515	738
516	797
517	699
518	684
519	675
520	639
521	627
522	570
523	555
524	546
525	551
526	525
527	520
528	594
529	550
530	500
531	527
532	473
533	451
534	488
535	487
536	473
537	473
538	494
539	448
540	493
541	461
542	454
543	438
544	494
545	446
546	462
547	455
548	436
549	430
550	423
551	458
552	466
553	427
554	436
555	445
556	427
557	446
558	431
559	439
560	456
561	446
562	416
563	454
564	440
565	459
566	457
567	455
568	462
569	420
570	475
571	475
572	439
573	441
574	464
575	479
576	419
577	384
578	452
579	427
580	502
581	472
582	458
583	444
584	456
585	479
586	419
587	422
588	426
589	487
590	440
591	456
592	465
593	420
594	442
595	452
596	456
597	453
598	419
599	452
600	452
601	424
602	442
603	443
604	444
605	423
606	434
607	456
608	445
609	439
610	460
611	446
612	433
613	411
614	447
615	443
616	419
617	409
618	431
619	391
620	437
621	428
622	430
623	448
624	426
625	443
626	441
627	390
628	429
629	398
630	470
631	453
632	403
633	437
634	436
635	426
636	411
637	457
638	441
639	439
640	445
641	379
642	418
643	393
644	472
645	421
646	422
647	417
648	396
649	409
650	394
651	390
652	408
653	393
654	423
655	408
656	408
657	414
658	445
659	389
660	417
661	372
662	439
663	388
664	423
665	401
666	424
667	412
668	381
669	348
670	431
671	332
672	414
673	364
674	358
675	408
676	382
677	418
678	413
679	386
680	387
681	391
682	404
683	389
684	402
685	390
686	411
687	424
688	394
689	422
690	372
691	436
692	437
693	367
694	403
695	422
696	373
697	400
698	378
699	394
700	438
701	352
702	386
703	373
704	347
705	379
706	414
707	390
708	370
709	379
710	372
711	386
712	366
713	394
714	366
715	352
716	372
717	375
718	384
719	394
720	405
721	392
722	370
723	347
724	357
725	386
726	387
727	306
728	381
729	369
730	368
731	382
732	354
733	370
734	357
735	322
736	338
737	341
738	354
739	365
740	380
741	371
742	385
743	337
744	376
745	354
746	332
747	321
748	349
749	367
750	359
751	367
752	354
753	362
754	381
755	333
756	390
757	339
758	353
759	345
760	347
761	367
762	343
763	366
764	326
765	362
766	381
767	363
768	354
769	333
770	374
771	328
772	371
773	354
774	351
775	373
776	328
777	362
778	358
779	356
780	308
781	356
782	344
783	338
784	345
785	375
786	379
787	362
788	365
789	371
790	369
791	362
792	327
793	356
794	335
795	337
796	362
797	338
798	358
799	334
800	315
801	331
802	394
803	338
804	307
805	325
806	362
807	334
808	382
809	369
810	362
811	339
812	360
813	333
814	370
815	322
816	386
817	350
818	366
819	363
820	350
821	342
822	404
823	375
824	360
825	317
826	314
827	324
828	305
829	359
830	334
831	373
832	340
833	352
834	341
835	333
836	359
837	330
838	347
839	326
840	344
841	333
842	336
843	363
844	316
845	317
846	363
847	331
848	330
849	332
850	301
851	309
852	380
853	358
854	321
855	372
856	346
857	331
858	350
859	341
860	352
861	320
862	310
863	323
864	350
865	323
866	326
867	310
868	310
869	341
870	333
871	332
872	309
873	361
874	349
875	330
876	330
877	355
878	349
879	328
880	342
881	342
882	363
883	339
884	351
885	358
886	344
887	362
888	368
889	389
890	370
891	356
892	394
893	344
894	358
895	361
896	371
897	368
898	369
899	381
900	390
901	386
902	431
903	393
904	375
905	411
906	407
907	398
908	389
909	402
910	398
911	407
912	403
913	438
914	414
915	418
916	398
917	432
918	423
919	427
920	441
921	455
922	458
923	450
924	437
925	433
926	458
927	486
928	460
929	474
930	509
931	491
932	457
933	467
934	458
935	412
936	494
937	430
938	468
939	442
940	442
941	478
942	483
943	466
944	455
945	455
946	450
947	448
948	502
949	489
950	464
951	487
952	486
953	460
954	479
955	479
956	435
957	428
958	431
959	471
960	483
961	458
962	469
963	405
964	437
965	463
966	472
967	450
968	465
969	472
970	435
971	409
972	392
973	411
974	394
975	405
976	369
977	399
978	419
979	404
980	360
981	335
982	396
983	350
984	359
985	379
986	381
987	355
988	350
989	351
990	352
991	343
992	326
993	329
994	321
995	293
996	334
997	306
998	320
999	306
1000	335
1001	327
1002	325
1003	330
1004	297
1005	263
1006	297
1007	297
1008	257
1009	263
1010	247
1011	270
1012	252
1013	257
1014	256
1015	289
1016	255
1017	284
1018	251
1019	245
1020	264
1021	250
1022	220
1023	269
1024	262
1025	248
1026	228
1027	227
1028	214
1029	215
1030	227
1031	246
1032	237
1033	237
1034	242
1035	253
1036	216
1037	231
1038	257
1039	252
1040	198
1041	219
1042	224
1043	255
1044	233
1045	226
1046	222
1047	251
1048	210
1049	221
1050	203
1051	264
1052	190
1053	186
1054	251
1055	228
1056	229
1057	182
1058	234
1059	228
1060	224
1061	214
1062	215
1063	210
1064	206
1065	206
1066	222
1067	232
1068	223
1069	238
1070	199
1071	216
1072	194
1073	217
1074	223
1075	207
1076	214
1077	213
1078	199
1079	210
1080	202
1081	227
1082	227
1083	212
1084	228
1085	175
1086	226
1087	193
1088	211
1089	208
1090	195
1091	207
1092	193
1093	180
1094	214
1095	200
1096	216
1097	210
1098	182
1099	202
1100	218
1101	190
1102	181
1103	201
1104	198
1105	197
1106	211
1107	196
1108	189
1109	183
1110	206
1111	189
1112	210
1113	161
1114	177
1115	192
1116	217
1117	208
1118	190
1119	187
1120	183
1121	191
1122	167
1123	181
1124	179
1125	190
1126	185
1127	159
1128	192
1129	187
1130	177
1131	193
1132	177
1133	205
1134	187
1135	165
1136	185
1137	182
1138	161
1139	170
1140	196
1141	196
1142	191
1143	167
1144	169
1145	191
1146	168
1147	215
1148	175
1149	183
1150	180
1151	194
1152	190
1153	193
1154	203
1155	179
1156	175
1157	187
1158	170
1159	171
1160	150
1161	151
1162	191
1163	175
1164	172
1165	191
1166	203
1167	179
1168	192
1169	145
1170	145
1171	207
1172	181
1173	198
1174	171
1175	143
1176	181
1177	181
1178	157
1179	185
1180	183
1181	163
1182	184
1183	175
1184	178
1185	149
1186	146
1187	148
1188	185
1189	161
1190	182
1191	165
1192	159
1193	173
1194	175
1195	183
1196	184
1197	165
1198	169
1199	180
1200	176
1201	174
1202	166
1203	180
1204	176
1205	197
1206	212
1207	166
1208	215
1209	160
1210	199
1211	191
1212	202
1213	175
1214	188
1215	164
1216	182
1217	180
1218	204
1219	190
1220	192
1221	211
1222	225
1223	210
1224	229
1225	211
1226	206
1227	182
1228	228
1229	214
1230	217
1231	220
1232	201
1233	213
1234	216
1235	225
1236	240
1237	240
1238	267
1239	241
1240	256
1241	225
1242	229
1243	249
1244	246
1245	236
1246	268
1247	243
1248	275
1249	293
1250	262
1251	245
1252	299
1253	292
1254	301
1255	260
1256	314
1257	313
1258	314
1259	328
1260	325
1261	265
1262	312
1263	344
1264	338
1265	292
1266	331
1267	366
1268	337
1269	369
1270	387
1271	368
1272	392
1273	362
1274	346
1275	377
1276	406
1277	383
1278	410
1279	417
1280	399
1281	418
1282	384
1283	367
1284	387
1285	443
1286	399
1287	472
1288	428
1289	456
1290	440
1291	438
1292	442
1293	449
1294	443
1295	460
1296	479
1297	485
1298	449
1299	462
1300	486
1301	480
1302	486
1303	484
1304	493
1305	482
1306	490
1307	513
1308	514
1309	453
1310	461
1311	478
1312	520
1313	468
1314	492
1315	497
1316	505
1317	543
1318	493
1319	471
1320	548
1321	534
1322	502
1323	501
1324	492
1325	501
1326	488
1327	525
1328	508
1329	537
1330	530
1331	502
1332	485
1333	476
1334	453
1335	498
1336	491
1337	496
1338	476
1339	493
1340	471
1341	497
1342	508
1343	446
1344	497
1345	498
1346	476
1347	466
1348	503
1349	466
1350	464
1351	444
1352	450
1353	405
1354	466
1355	512
1356	440
1357	440
1358	406
1359	397
1360	400
1361	405
1362	457
1363	400
1364	389
1365	384
1366	404
1367	422
1368	393
1369	399
1370	371
1371	385
1372	367
1373	353
1374	324
1375	342
1376	360
1377	332
1378	353
1379	319
1380	353
1381	322
1382	316
1383	322
1384	339
1385	290
1386	297
1387	300
1388	320
1389	288
1390	274
1391	274
1392	281
1393	276
1394	249
1395	269
1396	259
1397	265
1398	244
1399	251
1400	257
1401	236
1402	235
1403	263
1404	233
1405	213
1406	204
1407	235
1408	186
1409	202
1410	201
1411	222
1412	196
1413	189
1414	175
1415	176
1416	161
1417	180
1418	190
1419	162
1420	164
1421	191
1422	167
1423	163
1424	161
1425	158
1426	154
1427	146
1428	134
1429	134
1430	147
1431	138
1432	136
1433	155
1434	104
1435	125
1436	126
1437	148
1438	133
1439	120
1440	125
1441	119
1442	116
1443	113
1444	126
1445	115
1446	107
1447	108
1448	122
1449	136
1450	124
1451	109
1452	92
1453	105
1454	129
1455	104
1456	99
1457	113
1458	113
1459	124
1460	109
1461	108
1462	89
1463	102
1464	100
1465	94
1466	116
1467	101
1468	109
1469	92
1470	112
1471	113
1472	101
1473	100
1474	104
1475	101
1476	92
1477	105
1478	105
1479	105
1480	95
1481	104
1482	99
1483	103
1484	104
1485	95
1486	89
1487	112
1488	101
1489	90
1490	101
1491	98
1492	88
1493	87
1494	103
1495	88
1496	114
1497	106
1498	95
1499	100
1500	108
1501	88
1502	101
1503	87
1504	104
1505	102
1506	102
1507	92
1508	91
1509	94
1510	100
1511	101
1512	101
1513	93
1514	102
1515	72
1516	95
1517	112
1518	98
1519	92
1520	121
1521	105
1522	107
1523	116
1524	102
1525	89
1526	112
1527	102
1528	101
1529	105
1530	108
1531	86
1532	98
1533	130
1534	111
1535	109
1536	86
1537	95
1538	105
1539	95
1540	98
1541	110
1542	92
1543	114
1544	107
1545	101
1546	106
1547	109
1548	101
1549	102
1550	117
1551	108
1552	99
1553	102
1554	95
1555	117
1556	111
1557	114
1558	114
1559	114
1560	119
1561	93
1562	97
1563	116
1564	92
1565	86
1566	94
1567	96
1568	91
1569	102
1570	111
1571	114
1572	97
1573	98
1574	116
1575	114
1576	125
1577	94
1578	100
1579	98
1580	116
1581	117
1582	107
1583	117
1584	129
1585	102
1586	113
1587	108
1588	110
1589	108
1590	100
1591	91
1592	100
1593	122
1594	118
1595	112
1596	92
1597	105
1598	101
1599	121
1600	118
1601	103
1602	100
1603	108
1604	105
1605	107
1606	111
1607	115
1608	102
1609	98
1610	125
1611	118
1612	105
1613	101
1614	92
1615	100
1616	117
1617	121
1618	109
1619	95
1620	105
1621	106
1622	124
1623	109
1624	93
1625	115
1626	135
1627	118
1628	105
1629	96
1630	126
1631	93
1632	100
1633	123
1634	102
1635	119
1636	107
1637	110
1638	120
1639	106
1640	103
1641	121
1642	91
1643	119
1644	108
1645	108
1646	88
1647	105
1648	91
1649	108
1650	109
1651	122
1652	92
1653	103
1654	120
1655	107
1656	99
1657	105
1658	123
1659	102
1660	97
1661	86
1662	88
1663	106
1664	116
1665	104
1666	95
1667	111
1668	107
1669	96
1670	109
1671	96
1672	111
1673	123
1674	107
1675	103
1676	96
1677	100
1678	98
1679	113
1680	90
1681	104
1682	102
1683	105
1684	117
1685	108
1686	99
1687	113
1688	94
1689	97
1690	124
1691	105
1692	95
1693	84
1694	95
1695	110
1696	98
1697	97
1698	101
1699	119
1700	115
1701	107
1702	105
1703	111
1704	108
1705	111
1706	107
1707	121
1708	118
1709	107
1710	116
1711	108
1712	112
1713	105
1714	110
1715	121
1716	95
1717	117
1718	92
1719	102
1720	87
1721	86
1722	116
1723	83
1724	93
1725	75
1726	103
1727	98
1728	95
1729	99
1730	110
1731	76
1732	99
1733	102
1734	83
1735	100
1736	120
1737	104
1738	104
1739	106
1740	74
1741	104
1742	94
1743	83
1744	108
1745	105
1746	89
1747	96
1748	73
1749	99
1750	97
1751	79
1752	107
1753	99
1754	81
1755	102
1756	88
1757	111
1758	93
1759	85
1760	78
1761	97
1762	84
1763	106
1764	95
1765	93
1766	93
1767	68
1768	96
1769	101
1770	79
1771	109
1772	83
1773	84
1774	66
1775	82
1776	82
1777	89
1778	79
1779	78
1780	75
1781	78
1782	91
1783	80
1784	82
1785	72
1786	74
1787	72
1788	71
1789	58
1790	77
1791	74
1792	69
1793	81
1794	83
1795	72
1796	80
1797	66
1798	68
1799	87
1800	84
1801	84
1802	76
1803	95
1804	85
1805	70
1806	75
1807	74
1808	69
1809	80
1810	86
1811	64
1812	75
1813	79
1814	85
1815	77
1816	83
1817	80
1818	85
1819	71
1820	68
1821	61
1822	60
1823	70
1824	79
1825	78
1826	74
1827	75
1828	73
1829	75
1830	78
1831	73
1832	100
1833	82
1834	58
1835	67
1836	72
1837	78
1838	72
1839	85
1840	70
1841	70
1842	62
1843	84
1844	65
1845	76
1846	67
1847	80
1848	65
1849	60
1850	74
1851	69
1852	82
1853	75
1854	86
1855	89
1856	76
1857	83
1858	65
1859	65
1860	70
1861	64
1862	71
1863	78
1864	78
1865	58
1866	73
1867	59
1868	55
1869	77
1870	60
1871	77
1872	70
1873	73
1874	73
1875	67
1876	75
1877	86
1878	74
1879	82
1880	83
1881	71
1882	73
1883	45
1884	64
1885	72
1886	64
1887	81
1888	96
1889	73
1890	74
1891	65
1892	69
1893	79
1894	69
1895	71
1896	72
1897	71
1898	68
1899	83
1900	66
1901	83
1902	80
1903	63
1904	71
1905	60
1906	73
1907	77
1908	67
1909	68
1910	71
1911	67
1912	69
1913	82
1914	80
1915	65
1916	67
1917	89
1918	66
1919	70
1920	76
1921	64
1922	77
1923	51
1924	80
1925	75
1926	73
1927	56
1928	72
1929	60
1930	70
1931	74
1932	75
1933	71
1934	57
1935	62
1936	58
1937	65
1938	51
1939	74
1940	62
1941	56
1942	82
1943	74
1944	64
1945	66
1946	70
1947	66
1948	74
1949	69
1950	77
1951	72
1952	69
1953	67
1954	70
1955	72
1956	75
1957	63
1958	63
1959	67
1960	60
1961	61
1962	68
1963	60
1964	76
1965	71
1966	59
1967	72
1968	70
1969	69
1970	63
1971	59
1972	78
1973	65
1974	62
1975	64
1976	72
1977	68
1978	64
1979	58
1980	79
1981	63
1982	70
1983	62
1984	56
1985	59
1986	59
1987	73
1988	71
1989	66
1990	67
1991	57
1992	77
1993	65
1994	66
1995	49
1996	76
1997	71
1998	76
1999	73
2000	66
2001	69
2002	72
2003	75
2004	62
2005	73
2006	71
2007	65
2008	71
2009	81
2010	55
2011	51
2012	67
2013	71
2014	52
2015	57
2016	71
2017	75
2018	43
2019	56
2020	65
2021	54
2022	47
2023	78
2024	77
2025	59
2026	65
2027	63
2028	58
2029	64
2030	74
2031	49
2032	60
2033	52
2034	64
2035	71
2036	69
2037	61
2038	70
2039	68
2040	63
2041	61
2042	63
2043	48
2044	53
2045	72
2046	69
2047	65
2048	54
2049	58
2050	55
2051	62
2052	65
2053	65
2054	45
2055	61
2056	69
2057	62
2058	75
2059	63
2060	58
2061	67
2062	59
2063	70
2064	65
2065	43
2066	52
2067	70
2068	52
2069	66
2070	72
2071	66
2072	66
2073	63
2074	73
2075	60
2076	59
2077	70
2078	74
2079	71
2080	64
2081	63
2082	83
2083	84
2084	61
2085	50
2086	54
2087	60
2088	73
2089	75
2090	54
2091	67
2092	64
2093	70
2094	54
2095	55
2096	63
2097	74
2098	66
2099	70
2100	63
2101	64
2102	67
2103	63
2104	65
2105	62
2106	61
2107	59
2108	62
2109	54
2110	57
2111	65
2112	64
2113	89
2114	72
2115	65
2116	55
2117	65
2118	47
2119	69
2120	68
2121	60
2122	67
2123	72
2124	64
2125	58
2126	59
2127	62
2128	66
2129	67
2130	59
2131	60
2132	71
2133	65
2134	65
2135	60
2136	62
2137	66
2138	60
2139	53
2140	69
2141	59
2142	78
2143	77
2144	70
2145	45
2146	69
2147	75
2148	74
2149	59
2150	61
2151	55
2152	72
2153	58
2154	63
2155	78
2156	63
2157	62
2158	58
2159	64
2160	57
2161	71
2162	58
2163	68
2164	70
2165	59
2166	61
2167	57
2168	66
2169	56
2170	63
2171	67
2172	62
2173	49
2174	54
2175	66
2176	68
2177	68
2178	65
2179	57
2180	61
2181	60
2182	57
2183	66
2184	64
2185	41
2186	53
2187	48
2188	58
2189	57
2190	55
2191	67
2192	69
2193	62
2194	62
2195	56
2196	60
2197	76
2198	59
2199	61
2200	58
2201	62
2202	62
2203	56
2204	48
2205	55
2206	56
2207	60
2208	62
2209	65
2210	51
2211	57
2212	58
2213	52
2214	51
2215	53
2216	43
2217	57
2218	57
2219	68
2220	55
2221	55
2222	60
2223	61
2224	56
2225	53
2226	63
2227	73
2228	54
2229	66
2230	68
2231	63
2232	58
2233	57
2234	44
2235	56
2236	84
2237	52
2238	63
2239	50
2240	74
2241	55
2242	46
2243	58
2244	52
2245	62
2246	65
2247	60
2248	61
2249	56
2250	57
2251	58
2252	61
2253	56
2254	57
2255	50
2256	54
2257	51
2258	63
2259	52
2260	59
2261	55
2262	62
2263	48
2264	64
2265	57
2266	48
2267	82
2268	62
2269	47
2270	55
2271	57
2272	54
2273	47
2274	65
2275	64
2276	53
2277	61
2278	48
2279	72
2280	50
2281	61
2282	70
2283	55
2284	47
2285	49
2286	41
2287	60
2288	57
2289	46
2290	70
2291	53
2292	51
2293	53
2294	53
2295	50
2296	42
2297	58
2298	50
2299	57
2300	58
2301	51
2302	47
2303	57
2304	44
2305	40
2306	65
2307	53
2308	55
2309	52
2310	41
2311	51
2312	56
2313	52
2314	48
2315	52
2316	53
2317	62
2318	46
2319	50
2320	54
2321	55
2322	59
2323	57
2324	50
2325	54
2326	56
2327	61
2328	47
2329	50
2330	39
2331	52
2332	65
2333	49
2334	60
2335	58
2336	51
2337	49
2338	43
2339	42
2340	49
2341	42
2342	57
2343	62
2344	76
2345	31
2346	58
2347	51
2348	64
2349	42
2350	49
2351	51
2352	48
2353	48
2354	39
2355	46
2356	47
2357	48
2358	42
2359	47
2360	51
2361	57
2362	38
2363	47
2364	40
2365	42
2366	44
2367	52
2368	53
2369	47
2370	50
2371	48
2372	43
2373	59
2374	47
2375	55
2376	49
2377	46
2378	40
2379	51
2380	50
2381	44
2382	51
2383	61
2384	50
2385	42
2386	50
2387	48
2388	48
2389	47
2390	49
2391	42
2392	49
2393	48
2394	56
2395	53
2396	43
2397	47
2398	43
2399	56
2400	46
2401	43
2402	51
2403	47
2404	47
2405	62
2406	46
2407	67
2408	50
2409	63
2410	50
2411	32
2412	46
2413	47
2414	51
2415	32
2416	41
2417	48
2418	60
2419	53
2420	36
2421	40
2422	51
2423	53
2424	51
2425	50
2426	52
2427	54
2428	38
2429	50
2430	52
2431	51
2432	69
2433	57
2434	43
2435	59
2436	47
2437	57
2438	47
2439	48
2440	55
2441	55
2442	61
2443	48
2444	41
2445	44
2446	66
2447	50
2448	50
2449	50
2450	47
2451	43
2452	45
2453	48
2454	38
2455	36
2456	38
2457	53
2458	45
2459	33
2460	50
2461	34
2462	52
2463	34
2464	60
2465	52
2466	44
2467	57
2468	34
2469	45
2470	46
2471	41
2472	48
2473	43
2474	47
2475	44
2476	44
2477	45
2478	59
2479	52
2480	47
2481	62
2482	53
2483	65
2484	48
2485	36
2486	40
2487	41
2488	53
2489	50
2490	60
2491	59
2492	42
2493	53
2494	51
2495	39
2496	55
2497	42
2498	48
2499	47
2500	39
2501	51
2502	53
2503	47
2504	40
2505	51
2506	65
2507	63
2508	53
2509	54
2510	48
2511	62
2512	57
2513	52
2514	49
2515	54
2516	43
2517	56
2518	49
2519	62
2520	61
2521	48
2522	60
2523	41
2524	41
2525	53
2526	52
2527	50
2528	52
2529	56
2530	49
2531	52
2532	57
2533	47
2534	47
2535	47
2536	53
2537	45
2538	57
2539	50
2540	51
2541	71
2542	46
2543	51
2544	50
2545	50
2546	41
2547	42
2548	42
2549	54
2550	64
2551	57
2552	45
2553	48
2554	48
2555	53
2556	50
2557	48
2558	57
2559	34
2560	57
2561	51
2562	53
2563	64
2564	45
2565	56
2566	45
2567	44
2568	48
2569	47
2570	58
2571	57
2572	54
2573	51
2574	47
2575	52
2576	60
2577	45
2578	55
2579	66
2580	40
2581	74
2582	45
2583	44
2584	50
2585	48
2586	45
2587	61
2588	33
2589	44
2590	58
2591	45
2592	52
2593	45
2594	42
2595	57
2596	60
2597	52
2598	52
2599	61
2600	55
2601	40
2602	56
2603	75
2604	52
2605	45
2606	45
2607	43
2608	48
2609	61
2610	49
2611	54
2612	61
2613	56
2614	59
2615	55
2616	65
2617	50
2618	52
2619	52
2620	53
2621	50
2622	37
2623	49
2624	52
2625	49
2626	52
2627	55
2628	59
2629	57
2630	55
2631	41
2632	52
2633	58
2634	45
2635	67
2636	57
2637	35
2638	46
2639	54
2640	41
2641	55
2642	51
2643	62
2644	48
2645	39
2646	55
2647	63
2648	51
2649	46
2650	44
2651	50
2652	50
2653	58
2654	50
2655	54
2656	49
2657	52
2658	50
2659	52
2660	58
2661	48
2662	51
2663	45
2664	58
2665	53
2666	43
2667	49
2668	43
2669	52
2670	58
2671	58
2672	39
2673	36
2674	46
2675	58
2676	50
2677	44
2678	58
2679	53
2680	45
2681	55
2682	49
2683	47
2684	38
2685	59
2686	50
2687	36
2688	50
2689	63
2690	51
2691	48
2692	56
2693	58
2694	57
2695	56
2696	46
2697	44
2698	52
2699	60
2700	43
2701	56
2702	44
2703	55
2704	32
2705	47
2706	35
2707	53
2708	49
2709	45
2710	55
2711	58
2712	49
2713	44
2714	54
2715	60
2716	50
2717	52
2718	41
2719	47
2720	50
2721	40
2722	63
2723	41
2724	45
2725	57
2726	56
2727	43
2728	49
2729	50
2730	48
2731	48
2732	48
2733	46
2734	48
2735	69
2736	54
2737	36
2738	45
2739	52
2740	42
2741	47
2742	43
2743	45
2744	47
2745	42
2746	41
2747	42
2748	39
2749	48
2750	45
2751	44
2752	59
2753	54
2754	43
2755	46
2756	42
2757	51
2758	59
2759	49
2760	41
2761	55
2762	52
2763	49
2764	48
2765	61
2766	55
2767	57
2768	45
2769	49
2770	50
2771	46
2772	38
2773	49
2774	47
2775	40
2776	49
2777	46
2778	34
2779	52
2780	49
2781	66
2782	56
2783	47
2784	41
2785	49
2786	55
2787	50
2788	54
2789	61
2790	47
2791	38
2792	57
2793	48
2794	59
2795	57
2796	47
2797	48
2798	49
2799	43
2800	59
2801	63
2802	44
2803	47
2804	54
2805	40
2806	54
2807	46
2808	46
2809	50
2810	50
2811	52
2812	60
2813	45
2814	48
2815	70
2816	61
2817	62
2818	59
2819	46
2820	60
2821	53
2822	62
2823	59
2824	67
2825	53
2826	53
2827	61
2828	45
2829	49
2830	67
2831	65
2832	60
2833	42
2834	53
2835	61
2836	57
2837	48
2838	61
2839	60
2840	68
2841	63
2842	47
2843	76
2844	56
2845	62
2846	49
2847	61
2848	62
2849	53
2850	57
2851	71
2852	63
2853	74
2854	62
2855	63
2856	63
2857	64
2858	72
2859	61
2860	69
2861	65
2862	72
2863	58
2864	65
2865	77
2866	63
2867	56
2868	75
2869	54
2870	75
2871	70
2872	54
2873	84
2874	76
2875	71
2876	66
2877	68
2878	75
2879	58
2880	84
2881	69
2882	83
2883	80
2884	68
2885	78
2886	58
2887	72
2888	70
2889	79
2890	79
2891	79
2892	77
2893	81
2894	89
2895	75
2896	72
2897	86
2898	74
2899	68
2900	71
2901	67
2902	78
2903	79
2904	82
2905	82
2906	78
2907	68
2908	75
2909	82
2910	69
2911	90
2912	81
2913	93
2914	77
2915	91
2916	71
2917	81
2918	76
2919	84
2920	77
2921	84
2922	78
2923	85
2924	66
2925	88
2926	73
2927	77
2928	102
2929	92
2930	73
2931	94
2932	75
2933	81
2934	64
2935	76
2936	84
2937	101
2938	86
2939	79
2940	86
2941	90
2942	72
2943	98
2944	101
2945	82
2946	98
2947	81
2948	81
2949	96
2950	83
2951	86
2952	76
2953	101
2954	83
2955	92
2956	87
2957	90
2958	97
2959	82
2960	88
2961	92
2962	98
2963	74
2964	85
2965	79
2966	102
2967	85
2968	72
2969	79
2970	92
2971	84
2972	85
2973	94
2974	62
2975	82
2976	70
2977	67
2978	113
2979	82
2980	96
2981	81
2982	83
2983	72
2984	76
2985	71
2986	68
2987	81
2988	72
2989	68
2990	90
2991	80
2992	67
2993	72
2994	78
2995	66
2996	79
2997	67
2998	72
2999	72
3000	69
3001	75
3002	92
3003	66
3004	58
3005	69
3006	92
3007	73
3008	71
3009	66
3010	78
3011	68
3012	73
3013	65
3014	67
3015	71
3016	71
3017	70
3018	56
3019	67
3020	83
3021	77
3022	51
3023	62
3024	62
3025	61
3026	78
3027	60
3028	63
3029	58
3030	70
3031	63
3032	66
3033	73
3034	58
3035	49
3036	58
3037	54
3038	62
3039	58
3040	65
3041	68
3042	75
3043	58
3044	81
3045	68
3046	57
3047	42
3048	71
3049	61
3050	65
3051	61
3052	65
3053	42
3054	52
3055	44
3056	57
3057	56
3058	56
3059	54
3060	69
3061	60
3062	60
3063	50
3064	51
3065	57
3066	47
3067	50
3068	41
3069	52
3070	40
3071	55
3072	46
3073	50
3074	53
3075	61
3076	46
3077	48
3078	35
3079	51
3080	42
3081	57
3082	49
3083	47
3084	43
3085	61
3086	52
3087	36
3088	37
3089	50
3090	51
3091	46
3092	51
3093	49
3094	54
3095	56
3096	42
3097	53
3098	55
3099	32
3100	47
3101	37
3102	33
3103	31
3104	47
3105	42
3106	50
3107	46
3108	48
3109	41
3110	42
3111	44
3112	40
3113	49
3114	46
3115	44
3116	43
3117	41
3118	40
3119	40
3120	43
3121	37
3122	32
3123	50
3124	54
3125	49
3126	44
3127	41
3128	32
3129	40
3130	38
3131	53
3132	39
3133	48
3134	40
3135	45
3136	31
3137	28
3138	34
3139	35
3140	34
3141	39
3142	46
3143	34
3144	27
3145	28
3146	42
3147	29
3148	45
3149	43
3150	42
3151	38
3152	32
3153	27
3154	44
3155	39
3156	42
3157	55
3158	38
3159	45
3160	41
3161	27
3162	50
3163	37
3164	42
3165	39
3166	48
3167	35
3168	32
3169	35
3170	51
3171	24
3172	38
3173	41
3174	42
3175	40
3176	36
3177	31
3178	41
3179	33
3180	49
3181	42
3182	40
3183	34
3184	34
3185	45
3186	43
3187	45
3188	41
3189	41
3190	35
3191	52
3192	38
3193	37
3194	44
3195	41
3196	37
3197	35
3198	42
3199	29
3200	42
3201	36
3202	50
3203	49
3204	37
3205	40
3206	36
3207	41
3208	36
3209	40
3210	36
3211	45
3212	43
3213	39
3214	43
3215	36
3216	52
3217	40
3218	42
3219	50
3220	64
3221	41
3222	35
3223	30
3224	28
3225	51
3226	25
3227	32
3228	26
3229	47
3230	38
3231	38
3232	35
3233	45
3234	38
3235	42
3236	47
3237	51
3238	49
3239	46
3240	61
3241	30
3242	39
3243	46
3244	45
3245	37
3246	46
3247	39
3248	39
3249	33
3250	35
3251	46
3252	33
3253	36
3254	46
3255	54
3256	39
3257	40
3258	41
3259	44
3260	39
3261	37
3262	45
3263	39
3264	32
3265	48
3266	31
3267	39
3268	39
3269	39
3270	45
3271	39
3272	42
3273	48
3274	45
3275	43
3276	39
3277	39
3278	49
3279	27
3280	42
3281	37
3282	36
3283	38
3284	32
3285	39
3286	42
3287	35
3288	41
3289	36
3290	38
3291	42
3292	42
3293	35
3294	38
3295	52
3296	37
3297	41
3298	34
3299	36
3300	50
3301	43
3302	39
3303	41
3304	36
3305	30
3306	38
3307	38
3308	35
3309	30
3310	34
3311	34
3312	28
3313	29
3314	42
3315	34
3316	36
3317	44
3318	27
3319	26
3320	27
3321	43
3322	41
3323	29
3324	33
3325	32
3326	32
3327	38
3328	29
3329	41
3330	41
3331	40
3332	34
3333	27
3334	34
3335	35
3336	36
3337	32
3338	30
3339	43
3340	38
3341	32
3342	30
3343	46
3344	49
3345	39
3346	28
3347	52
3348	26
3349	33
3350	27
3351	38
3352	33
3353	42
3354	29
3355	35
3356	33
3357	29
3358	31
3359	34
3360	38
3361	27
3362	38
3363	23
3364	25
3365	36
3366	41
3367	39
3368	26
3369	39
3370	29
3371	32
3372	33
3373	33
3374	28
3375	34
3376	38
3377	27
3378	43
3379	25
3380	31
3381	31
3382	33
3383	36
3384	23
3385	30
3386	24
3387	16
3388	31
3389	31
3390	32
3391	26
3392	34
3393	35
3394	28
3395	25
3396	24
3397	34
3398	33
3399	27
3400	30
3401	33
3402	33
3403	30
3404	28
3405	23
3406	26
3407	30
3408	23
3409	29
3410	25
3411	24
3412	37
3413	28
3414	33
3415	29
3416	31
3417	35
3418	31
3419	33
3420	26
3421	30
3422	35
3423	28
3424	29
3425	30
3426	32
3427	30
3428	28
3429	28
3430	36
3431	32
3432	35
3433	27
3434	38
3435	27
3436	33
3437	29
3438	35
3439	38
3440	26
3441	28
3442	36
3443	35
3444	37
3445	27
3446	41
3447	32
3448	33
3449	32
3450	25
3451	29
3452	25
3453	25
3454	29
3455	31
3456	40
3457	29
3458	23
3459	31
3460	35
3461	26
3462	30
3463	31
3464	21
3465	33
3466	32
3467	23
3468	39
3469	31
3470	28
3471	28
3472	30
3473	27
3474	31
3475	33
3476	33
3477	32
3478	30
3479	26
3480	30
3481	30
3482	38
3483	47
3484	28
3485	36
3486	49
3487	35
3488	33
3489	41
3490	41
3491	36
3492	31
3493	44
3494	32
3495	33
3496	39
3497	45
3498	31
3499	27
3500	40
3501	43
3502	40
3503	38
3504	40
3505	44
3506	41
3507	37
3508	46
3509	47
3510	36
3511	47
3512	45
3513	34
3514	42
3515	29
3516	27
3517	28
3518	31
3519	46
3520	44
3521	37
3522	29
3523	43
3524	46
3525	35
3526	40
3527	44
3528	35
3529	35
3530	40
3531	48
3532	44
3533	49
3534	41
3535	39
3536	44
3537	48
3538	29
3539	40
3540	37
3541	50
3542	43
3543	48
3544	41
3545	39
3546	47
3547	45
3548	26
3549	47
3550	42
3551	36
3552	43
3553	56
3554	54
3555	51
3556	43
3557	42
3558	64
3559	52
3560	41
3561	59
3562	39
3563	40
3564	48
3565	57
3566	49
3567	44
3568	43
3569	67
3570	48
3571	61
3572	50
3573	56
3574	46
3575	41
3576	54
3577	32
3578	55
3579	62
3580	42
3581	40
3582	40
3583	46
3584	46
3585	49
3586	39
3587	40
3588	57
3589	44
3590	44
3591	45
3592	45
3593	55
3594	40
3595	60
3596	48
3597	60
3598	33
3599	57
3600	41
3601	75
3602	61
3603	55
3604	63
3605	53
3606	42
3607	46
3608	65
3609	66
3610	68
3611	51
3612	63
3613	57
3614	39
3615	53
3616	49
3617	46
3618	67
3619	52
3620	57
3621	57
3622	58
3623	44
3624	52
3625	51
3626	59
3627	54
3628	62
3629	48
3630	47
3631	64
3632	61
3633	56
3634	61
3635	60
3636	51
3637	60
3638	49
3639	51
3640	47
3641	56
3642	60
3643	60
3644	54
3645	56
3646	60
3647	47
3648	72
3649	53
3650	57
3651	51
3652	53
3653	46
3654	61
3655	42
3656	59
3657	63
3658	63
3659	45
3660	56
3661	53
3662	44
3663	55
3664	61
3665	62
3666	42
3667	65
3668	50
3669	51
3670	54
3671	43
3672	59
3673	52
3674	46
3675	57
3676	69
3677	50
3678	60
3679	52
3680	51
3681	54
3682	51
3683	58
3684	54
3685	53
3686	62
3687	65
3688	59
3689	45
3690	63
3691	51
3692	40
3693	43
3694	45
3695	45
3696	52
3697	41
3698	51
3699	33
3700	44
3701	52
3702	45
3703	55
3704	42
3705	41
3706	42
3707	43
3708	46
3709	35
3710	42
3711	48
3712	35
3713	50
3714	48
3715	45
3716	48
3717	31
3718	36
3719	47
3720	35
3721	30
3722	25
3723	36
3724	33
3725	46
3726	24
3727	26
3728	31
3729	48
3730	48
3731	42
3732	29
3733	46
3734	36
3735	41
3736	34
3737	34
3738	42
3739	33
3740	42
3741	30
3742	32
3743	39
3744	27
3745	34
3746	26
3747	36
3748	29
3749	39
3750	37
3751	25
3752	37
3753	34
3754	35
3755	34
3756	36
3757	28
3758	21
3759	35
3760	40
3761	33
3762	34
3763	24
3764	27
3765	25
3766	23
3767	36
3768	27
3769	36
3770	42
3771	33
3772	28
3773	32
3774	28
3775	32
3776	31
3777	33
3778	27
3779	27
3780	39
3781	18
3782	27
3783	31
3784	21
3785	27
3786	20
3787	19
3788	32
3789	24
3790	36
3791	30
3792	22
3793	27
3794	21
3795	27
3796	27
3797	25
3798	16
3799	21
3800	24
3801	18
3802	23
3803	29
3804	32
3805	21
3806	33
3807	19
3808	19
3809	26
3810	40
3811	25
3812	23
3813	25
3814	26
3815	27
3816	23
3817	21
3818	22
3819	22
3820	18
3821	12
3822	25
3823	17
3824	24
3825	26
3826	24
3827	21
3828	19
3829	17
3830	31
3831	21
3832	26
3833	16
3834	21
3835	19
3836	17
3837	18
3838	14
3839	15
3840	18
3841	21
3842	23
3843	18
3844	24
3845	23
3846	26
3847	22
3848	17
3849	25
3850	30
3851	19
3852	22
3853	24
3854	12
3855	15
3856	19
3857	24
3858	22
3859	22
3860	22
3861	21
3862	15
3863	22
3864	28
3865	19
3866	24
3867	18
3868	25
3869	27
3870	24
3871	21
3872	23
3873	22
3874	24
3875	23
3876	24
3877	23
3878	18
3879	25
3880	20
3881	24
3882	29
3883	15
3884	26
3885	13
3886	13
3887	21
3888	20
3889	13
3890	20
3891	27
3892	22
3893	20
3894	13
3895	26
3896	26
3897	18
3898	25
3899	16
3900	15
3901	23
3902	14
3903	24
3904	27
3905	21
3906	26
3907	19
3908	22
3909	15
3910	29
3911	26
3912	24
3913	25
3914	18
3915	32
3916	27
3917	26
3918	24
3919	22
3920	29
3921	27
3922	27
3923	32
3924	26
3925	22
3926	30
3927	35
3928	22
3929	28
3930	24
3931	24
3932	30
3933	24
3934	26
3935	25
3936	27
3937	26
3938	25
3939	21
3940	25
3941	23
3942	25
3943	24
3944	24
3945	25
3946	28
3947	27
3948	31
3949	39
3950	28
3951	37
3952	33
3953	28
3954	27
3955	26
3956	40
3957	24
3958	24
3959	32
3960	26
3961	44
3962	32
3963	47
3964	26
3965	36
3966	32
3967	29
3968	37
3969	27
3970	40
3971	46
3972	34
3973	33
3974	30
3975	42
3976	31
3977	39
3978	41
3979	38
3980	48
3981	33
3982	35
3983	38
3984	36
3985	29
3986	33
3987	34
3988	40
3989	29
3990	31
3991	45
3992	42
3993	23
3994	32
3995	46
3996	34
3997	46
3998	37
3999	37
4000	39
4001	44
4002	42
4003	41
4004	42
4005	48
4006	38
4007	40
4008	52
4009	32
4010	25
4011	34
4012	36
4013	41
4014	52
4015	36
4016	66
4017	52
4018	40
4019	43
4020	45
4021	35
4022	49
4023	48
4024	43
4025	39
4026	60
4027	48
4028	49
4029	53
4030	65
4031	47
4032	45
4033	50
4034	41
4035	50
4036	37
4037	53
4038	54
4039	53
4040	40
4041	63
4042	55
4043	39
4044	53
4045	53
4046	40
4047	52
4048	49
4049	47
4050	48
4051	44
4052	44
4053	66
4054	46
4055	41
4056	50
4057	60
4058	57
4059	63
4060	47
4061	56
4062	47
4063	53
4064	67
4065	52
4066	60
4067	59
4068	47
4069	57
4070	62
4071	58
4072	62
4073	51
4074	61
4075	56
4076	36
4077	49
4078	51
4079	74
4080	61
4081	47
4082	51
4083	55
4084	59
4085	56
4086	62
4087	67
4088	71
4089	54
4090	69
4091	58
4092	67
4093	64
4094	48
4095	52
4096	66
4097	63
4098	58
4099	62
4100	67
4101	66
4102	51
4103	67
4104	57
4105	54
4106	59
4107	47
4108	54
4109	71
4110	48
4111	74
4112	51
4113	54
4114	63
4115	60
4116	67
4117	72
4118	54
4119	64
4120	62
4121	68
4122	58
4123	53
4124	66
4125	71
4126	75
4127	60
4128	59
4129	71
4130	58
4131	54
4132	75
4133	49
4134	62
4135	67
4136	65
4137	60
4138	77
4139	58
4140	65
4141	63
4142	63
4143	46
4144	48
4145	67
4146	75
4147	57
4148	48
4149	49
4150	62
4151	61
4152	49
4153	63
4154	62
4155	51
4156	66
4157	60
4158	60
4159	56
4160	63
4161	68
4162	54
4163	58
4164	46
4165	58
4166	53
4167	51
4168	51
4169	46
4170	48
4171	51
4172	50
4173	52
4174	58
4175	78
4176	38
4177	46
4178	62
4179	65
4180	55
4181	61
4182	50
4183	50
4184	61
4185	59
4186	57
4187	59
4188	53
4189	54
4190	59
4191	51
4192	58
4193	55
4194	60
4195	55
4196	57
4197	56
4198	52
4199	64
4200	55
4201	61
4202	64
4203	43
4204	56
4205	59
4206	50
4207	46
4208	54
4209	48
4210	48
4211	41
4212	58
4213	64
4214	50
4215	54
4216	50
4217	50
4218	42
4219	39
4220	49
4221	49
4222	41
4223	53
4224	48
4225	47
4226	47
4227	45
4228	48
4229	45
4230	56
4231	44
4232	42
4233	42
4234	35
4235	55
4236	52
4237	38
4238	44
4239	35
4240	30
4241	39
4242	48
4243	45
4244	47
4245	35
4246	38
4247	42
4248	44
4249	33
4250	46
4251	39
4252	41
4253	48
4254	49
4255	40
4256	55
4257	43
4258	35
4259	37
4260	38
4261	47
4262	35
4263	46
4264	33
4265	24
4266	39
4267	22
4268	40
4269	26
4270	48
4271	33
4272	29
4273	36
4274	36
4275	23
4276	37
4277	33
4278	35
4279	27
4280	35
4281	21
4282	28
4283	25
4284	35
4285	25
4286	31
4287	23
4288	26
4289	35
4290	32
4291	30
4292	26
4293	31
4294	30
4295	36
4296	25
4297	24
4298	29
4299	22
4300	25
4301	21
4302	26
4303	22
4304	22
4305	28
4306	42
4307	32
4308	24
4309	20
4310	28
4311	19
4312	20
4313	26
4314	21
4315	17
4316	24
4317	20
4318	19
4319	19
4320	20
4321	19
4322	16
4323	21
4324	14
4325	16
4326	23
4327	24
4328	21
4329	17
4330	23
4331	19
4332	21
4333	18
4334	25
4335	18
4336	13
4337	13
4338	16
4339	19
4340	18
4341	14
4342	19
4343	22
4344	13
4345	10
4346	19
4347	17
4348	13
4349	19
4350	13
4351	16
4352	17
4353	16
4354	15
4355	13
4356	16
4357	19
4358	11
4359	10
4360	15
4361	16
4362	18
4363	20
4364	15
4365	20
4366	13
4367	13
4368	11
4369	16
4370	13
4371	18
4372	15
4373	16
4374	17
4375	10
4376	14
4377	11
4378	24
4379	16
4380	22
4381	9
4382	9
4383	13
4384	10
4385	15
4386	15
4387	14
4388	6
4389	9
4390	16
4391	7
4392	6
4393	8
4394	11
4395	10
4396	16
4397	15
4398	10
4399	11
4400	9
4401	17
4402	9
4403	8
4404	11
4405	6
4406	9
4407	11
4408	9
4409	12
4410	11
4411	5
4412	9
4413	8
4414	7
4415	11
4416	10
4417	10
4418	9
4419	14
4420	12
4421	6
4422	11
4423	17
4424	12
4425	8
4426	10
4427	9
4428	13
4429	11
4430	8
4431	13
4432	7
4433	10
4434	10
4435	8
4436	11
4437	13
4438	8
4439	9
4440	9
4441	15
4442	9
4443	5
4444	7
4445	9
4446	8
4447	8
4448	5
4449	6
4450	6
4451	5
4452	9
4453	15
4454	16
4455	6
4456	6
4457	10
4458	8
4459	12
4460	14
4461	9
4462	10
4463	7
4464	10
4465	9
4466	10
4467	9
4468	9
4469	13
4470	12
4471	9
4472	6
4473	11
4474	8
4475	7
4476	12
4477	8
4478	11
4479	11
4480	9
4481	3
4482	7
4483	5
4484	5
4485	6
4486	7
4487	9
4488	6
4489	9
4490	11
4491	10
4492	9
4493	4
4494	11
4495	13
4496	6
4497	8
4498	13
4499	9
4500	6
4501	15
4502	9
4503	9
4504	7
4505	9
4506	4
4507	11
4508	5
4509	7
4510	4
4511	6
4512	6
4513	9
4514	8
4515	5
4516	14
4517	9
4518	8
4519	7
4520	5
4521	1
4522	10
4523	8
4524	6
4525	6
4526	7
4527	4
4528	2
4529	5
4530	13
4531	7
4532	13
4533	13
4534	7
4535	10
4536	9
4537	5
4538	8
4539	8
4540	7
4541	4
4542	7
4543	10
4544	7
4545	8
4546	9
4547	11
4548	5
4549	4
4550	7
4551	4
4552	5
4553	6
4554	6
4555	5
4556	10
4557	7
4558	6
4559	8
4560	8
4561	8
4562	13
4563	7
4564	8
4565	8
4566	2
4567	8
4568	8
4569	6
4570	4
4571	7
4572	6
4573	10
4574	9
4575	5
4576	6
4577	7
4578	5
4579	4
4580	4
4581	8
4582	3
4583	13
4584	7
4585	11
4586	14
4587	4
4588	12
4589	11
4590	8
4591	5
4592	9
4593	5
4594	5
4595	6
4596	3
4597	2
4598	3
4599	3
4600	9
4601	7
4602	6
4603	6
4604	6
4605	10
4606	5
4607	3
4608	9
4609	10
4610	4
4611	4
4612	4
4613	10
4614	5
4615	5
4616	6
4617	4
4618	13
4619	8
4620	2
4621	2
4622	9
4623	5
4624	2
4625	6
4626	11
4627	4
4628	6
4629	13
4630	6
4631	5
4632	9
4633	9
4634	7
4635	7
4636	5
4637	7
4638	4
4639	4
4640	11
4641	12
4642	7
4643	5
4644	5
4645	4
4646	3
4647	5
4648	9
4649	6
4650	5
4651	9
4652	10
4653	7
4654	6
4655	9
4656	9
4657	11
4658	5
4659	8
4660	4
4661	3
4662	9
4663	4
4664	5
4665	8
4666	4
4667	6
4668	3
4669	4
4670	6
4671	5
4672	4
4673	8
4674	6
4675	6
4676	10
4677	3
4678	6
4679	5
4680	9
4681	3
4682	8
4683	7
4684	1
4685	9
4686	2
4687	6
4688	3
4689	6
4690	5
4691	4
4692	4
4693	8
4694	5
4695	6
4696	7
4697	6
4698	8
4699	6
4700	12
4701	6
4702	5
4703	2
4704	6
4705	5
4706	6
4707	5
4708	4
4709	5
4710	5
4711	3
4712	5
4713	6
4714	6
4715	5
4716	11
4717	4
4718	7
4719	5
4720	8
4721	6
4722	4
4723	4
4724	3
4725	3
4726	7
4727	6
4728	5
4729	10
4730	5
4731	5
4732	3
4733	7
4734	4
4735	5
4736	6
4737	8
4738	3
4739	6
4740	9
4741	4
4742	3
4743	3
4744	10
4745	6
4746	7
4747	9
4748	11
4749	5
4750	8
4751	7
4752	7
4753	8
4754	5
4755	8
4756	5
4757	9
4758	4
4759	4
4760	6
4761	4
4762	9
4763	4
4764	5
4765	6
4766	6
4767	4
4768	7
4769	12
4770	7
4771	9
4772	1
4773	3
4774	6
4775	6
4776	3
4777	8
4778	3
4779	6
4780	7
4781	6
4782	2
4783	7
4784	4
4785	4
4786	6
4787	6
4788	5
4789	2
4790	6
4791	7
4792	5
4793	5
4794	9
4795	5
4796	10
4797	6
4798	2
4799	0
4800	8
4801	5
4802	8
4803	5
4804	8
4805	9
4806	5
4807	6
4808	6
4809	7
4810	4
4811	4
4812	5
4813	5
4814	6
4815	7
4816	11
4817	3
4818	4
4819	3
4820	3
4821	6
4822	5
4823	4
4824	4
4825	6
4826	3
4827	9
4828	4
4829	5
4830	6
4831	5
4832	3
4833	3
4834	4
4835	3
4836	7
4837	6
4838	9
4839	7
4840	2
4841	9
4842	6
4843	10
4844	5
4845	6
4846	12
4847	12
4848	13
4849	7
4850	7
4851	7
4852	10
4853	6
4854	4
4855	2
4856	8
4857	9
4858	7
4859	9
4860	4
4861	7
4862	5
4863	5
4864	5
4865	8
4866	8
4867	5
4868	6
4869	4
4870	8
4871	7
4872	6
4873	6
4874	4
4875	3
4876	12
4877	1
4878	4
4879	1
4880	8
4881	3
4882	8
4883	7
4884	7
4885	6
4886	7
4887	7
4888	6
4889	6
4890	3
4891	5
4892	7
4893	9
4894	7
4895	3
4896	1
4897	6
4898	6
4899	6
4900	2
4901	6
4902	3
4903	0
4904	6
4905	7
4906	7
4907	5
4908	2
4909	9
4910	12
4911	8
4912	5
4913	5
4914	9
4915	2
4916	7
4917	4
4918	4
4919	9
4920	3
4921	7
4922	5
4923	4
4924	7
4925	7
4926	5
4927	9
4928	12
4929	9
4930	6
4931	4
4932	4
4933	3
4934	7
4935	6
4936	0
4937	2
4938	10
4939	7
4940	9
4941	9
4942	3
4943	2
4944	5
4945	10
4946	6
4947	2
4948	7
4949	5
4950	4
4951	4
4952	4
4953	6
4954	5
4955	2
4956	8
4957	9
4958	9
4959	3
4960	6
4961	6
4962	7
4963	7
4964	11
4965	7
4966	6
4967	6
4968	7
4969	2
4970	5
4971	6
4972	9
4973	10
4974	9
4975	6
4976	6
4977	7
4978	5
4979	8
4980	8
4981	11
4982	5
4983	5
4984	6
4985	6
4986	7
4987	10
4988	3
4989	6
4990	7
4991	9
4992	8
4993	4
4994	6
4995	8
4996	8
4997	5
4998	8
4999	2
5000	6
5001	6
5002	5
5003	5
5004	11
5005	3
5006	5
5007	8
5008	7
5009	9
5010	5
5011	3
5012	11
5013	9
5014	6
5015	7
5016	5
5017	4
5018	4
5019	7
5020	5
5021	4
5022	7
5023	5
5024	6
5025	10
5026	6
5027	4
5028	7
5029	17
5030	3
5031	8
5032	5
5033	6
5034	6
5035	6
5036	13
5037	5
5038	7
5039	11
5040	4
5041	5
5042	6
5043	13
5044	7
5045	8
5046	8
5047	8
5048	7
5049	9
5050	7
5051	10
5052	11
5053	10
5054	8
5055	5
5056	8
5057	12
5058	13
5059	9
5060	18
5061	11
5062	11
5063	9
5064	8
5065	12
5066	10
5067	7
5068	5
5069	13
5070	15
5071	5
5072	6
5073	9
5074	11
5075	15
5076	6
5077	10
5078	14
5079	8
5080	7
5081	5
5082	9
5083	12
5084	9
5085	12
5086	10
5087	11
5088	12
5089	16
5090	12
5091	18
5092	9
5093	12
5094	21
5095	11
5096	18
5097	18
5098	17
5099	16
5100	19
5101	12
5102	9
5103	18
5104	15
5105	14
5106	10
5107	10
5108	12
5109	18
5110	11
5111	16
5112	13
5113	12
5114	15
5115	14
5116	16
5117	10
5118	16
5119	19
5120	15
5121	12
5122	16
5123	20
5124	18
5125	16
5126	13
5127	15
5128	14
5129	13
5130	25
5131	25
5132	16
5133	17
5134	16
5135	22
5136	22
5137	12
5138	15
5139	10
5140	16
5141	21
5142	13
5143	23
5144	20
5145	18
5146	16
5147	19
5148	20
5149	17
5150	24
5151	11
5152	16
5153	25
5154	19
5155	21
5156	16
5157	33
5158	18
5159	27
5160	22
5161	31
5162	19
5163	8
5164	20
5165	24
5166	18
5167	26
5168	28
5169	22
5170	37
5171	23
5172	29
5173	32
5174	18
5175	28
5176	18
5177	22
5178	15
5179	28
5180	26
5181	25
5182	16
5183	21
5184	10
5185	28
5186	25
5187	28
5188	18
5189	27
5190	36
5191	24
5192	30
5193	21
5194	27
5195	21
5196	29
5197	22
5198	33
5199	26
5200	23
5201	26
5202	22
5203	21
5204	28
5205	29
5206	21
5207	38
5208	29
5209	23
5210	22
5211	20
5212	23
5213	17
5214	41
5215	27
5216	32
5217	26
5218	21
5219	23
5220	26
5221	31
5222	24
5223	38
5224	38
5225	26
5226	30
5227	18
5228	22
5229	32
5230	28
5231	34
5232	30
5233	32
5234	29
5235	33
5236	32
5237	33
5238	31
5239	32
5240	24
5241	36
5242	25
5243	41
5244	32
5245	24
5246	27
5247	39
5248	30
5249	33
5250	36
5251	27
5252	25
5253	39
5254	29
5255	20
5256	29
5257	25
5258	29
5259	38
5260	31
5261	37
5262	29
5263	40
5264	33
5265	34
5266	31
5267	31
5268	32
5269	25
5270	34
5271	32
5272	32
5273	36
5274	30
5275	37
5276	29
5277	33
5278	35
5279	23
5280	27
5281	37
5282	28
5283	28
5284	26
5285	31
5286	35
5287	32
5288	23
5289	27
5290	33
5291	30
5292	30
5293	36
5294	34
5295	29
5296	40
5297	30
5298	41
5299	34
5300	27
5301	25
5302	30
5303	37
5304	30
5305	26
5306	42
5307	27
5308	32
5309	36
5310	37
5311	24
5312	29
5313	21
5314	21
5315	37
5316	25
5317	39
5318	26
5319	33
5320	27
5321	32
5322	23
5323	22
5324	31
5325	33
5326	24
5327	22
5328	34
5329	30
5330	18
5331	27
5332	30
5333	28
5334	28
5335	22
5336	24
5337	28
5338	25
5339	18
5340	20
5341	19
5342	18
5343	36
5344	28
5345	25
5346	28
5347	23
5348	23
5349	29
5350	23
5351	18
5352	16
5353	25
5354	21
5355	18
5356	30
5357	28
5358	24
5359	28
5360	29
5361	26
5362	30
5363	28
5364	18
5365	24
5366	18
5367	20
5368	22
5369	21
5370	18
5371	22
5372	17
5373	25
5374	19
5375	21
5376	21
5377	28
5378	17
5379	17
5380	18
5381	22
5382	22
5383	28
5384	24
5385	12
5386	22
5387	23
5388	16
5389	17
5390	22
5391	23
5392	13
5393	16
5394	19
5395	25
5396	14
5397	11
5398	23
5399	9
5400	14
5401	11
5402	18
5403	16
5404	15
5405	18
5406	14
5407	20
5408	15
5409	14
5410	9
5411	9
5412	14
5413	17
5414	11
5415	16
5416	12
5417	12
5418	14
5419	18
5420	12
5421	14
5422	13
5423	10
5424	13
5425	8
5426	18
5427	13
5428	9
5429	16
5430	13
5431	15
5432	19
5433	14
5434	10
5435	12
5436	5
5437	15
5438	11
5439	12
5440	14
5441	15
5442	11
5443	6
5444	7
5445	12
5446	12
5447	12
5448	11
5449	9
5450	13
5451	13
5452	17
5453	7
5454	7
5455	14
5456	7
5457	12
5458	12
5459	8
5460	8
5461	12
5462	6
5463	7
5464	6
5465	10
5466	8
5467	5
5468	6
5469	8
5470	6
5471	6
5472	9
5473	8
5474	5
5475	10
5476	4
5477	7
5478	7
5479	9
5480	6
5481	6
5482	3
5483	6
5484	4
5485	4
5486	7
5487	2
5488	5
5489	9
5490	7
5491	2
5492	9
5493	9
5494	5
5495	7
5496	6
5497	2
5498	6
5499	4
5500	5
5501	5
5502	8
5503	7
5504	2
5505	7
5506	3
5507	4
5508	4
5509	2
5510	4
5511	1
5512	7
5513	5
5514	3
5515	5
5516	4
5517	2
5518	3
5519	3
5520	1
5521	6
5522	6
5523	4
5524	2
5525	10
5526	3
5527	1
5528	3
5529	2
5530	3
5531	2
5532	4
5533	2
5534	2
5535	5
5536	1
5537	4
5538	2
5539	3
5540	4
5541	3
5542	1
5543	3
5544	1
5545	1
5546	5
5547	3
5548	4
5549	0
5550	3
5551	0
5552	0
5553	3
5554	0
5555	4
5556	2
5557	4
5558	5
5559	3
5560	2
5561	4
5562	1
5563	1
5564	1
5565	0
5566	2
5567	4
5568	2
5569	4
5570	2
5571	2
5572	4
5573	2
5574	3
5575	1
5576	3
5577	2
5578	2
5579	1
5580	2
5581	2
5582	1
5583	1
5584	1
5585	1
5586	3
5587	2
5588	1
5589	1
5590	3
5591	2
5592	1
5593	0
5594	0
5595	3
5596	2
5597	3
5598	3
5599	1
5600	1
5601	2
5602	1
5603	1
5604	2
5605	1
5606	1
5607	0
5608	0
5609	0
5610	1
5611	2
5612	2
5613	0
5614	1
5615	2
5616	2
5617	3
5618	1
5619	2
5620	3
5621	2
5622	1
5623	4
5624	0
5625	0
5626	1
5627	2
5628	1
5629	2
5630	1
5631	4
5632	0
5633	1
5634	1
5635	2
5636	2
5637	2
5638	2
5639	2
5640	1
5641	2
5642	2
5643	3
5644	1
5645	0
5646	1
5647	0
5648	1
5649	0
5650	0
5651	1
5652	0
5653	0
5654	0
5655	0
5656	2
5657	1
5658	1
5659	1
5660	2
5661	2
5662	0
5663	1
5664	2
5665	1
5666	0
5667	1
5668	1
5669	0
5670	1
5671	0
5672	2
5673	0
5674	1
5675	1
5676	1
5677	1
5678	0
5679	0
5680	0
5681	0
5682	2
5683	1
5684	1
5685	2
5686	0
5687	2
5688	1
5689	2
5690	2
5691	1
5692	1
5693	1
5694	2
5695	1
5696	1
5697	2
5698	1
5699	1
5700	0
5701	0
5702	0
5703	0
5704	1
5705	0
5706	3
5707	0
5708	1
5709	0
5710	3
5711	0
5712	2
5713	1
5714	1
5715	2
5716	0
5717	0
5718	1
5719	0
5720	3
5721	1
5722	1
5723	0
5724	1
5725	2
5726	0
5727	0
5728	0
5729	0
5730	2
5731	0
5732	3
5733	1
5734	0
5735	2
5736	1
5737	0
5738	0
5739	1
5740	0
5741	0
5742	0
5743	0
5744	2
5745	1
5746	1
5747	1
5748	0
5749	0
5750	1
5751	0
5752	0
5753	0
5754	1
5755	0
5756	0
5757	1
5758	0
5759	0
5760	1
5761	2
5762	3
5763	2
5764	0
5765	0
5766	0
5767	2
5768	0
5769	2
5770	1
5771	0
5772	1
5773	2
5774	5
5775	0
5776	0
5777	0
5778	0
5779	0
5780	1
5781	0
5782	0
5783	2
5784	0
5785	0
5786	2
5787	0
5788	0
5789	0
5790	0
5791	0
5792	2
5793	0
5794	3
5795	0
5796	1
5797	2
5798	0
5799	1
5800	0
5801	0
5802	0
5803	0
5804	0
5805	0
5806	0
5807	0
5808	1
5809	2
5810	1
5811	0
5812	2
5813	1
5814	1
5815	0
5816	0
5817	0
5818	0
5819	2
5820	0
5821	1
5822	0
5823	1
5824	0
5825	0
5826	0
5827	0
5828	1
5829	1
5830	0
5831	1
5832	0
5833	0
5834	0
5835	2
5836	2
5837	0
5838	0
5839	1
5840	0
5841	0
5842	0
5843	0
5844	1
5845	0
5846	2
5847	2
5848	1
5849	2
5850	0
5851	0
5852	1
5853	0
5854	1
5855	0
5856	1
5857	0
5858	0
5859	0
5860	0
5861	1
5862	2
5863	0
5864	1
5865	0
5866	0
5867	3
5868	1
5869	0
5870	2
5871	0
5872	2
5873	0
5874	0
5875	0
5876	0
5877	2
5878	0
5879	0
5880	1
5881	1
5882	0
5883	1
5884	1
5885	1
5886	1
5887	0
5888	0
5889	0
5890	2
5891	0
5892	1
5893	1
5894	1
5895	0
5896	1
5897	0
5898	0
5899	0
5900	1
5901	0
5902	1
5903	0
5904	0
5905	0
5906	0
5907	1
5908	0
5909	0
5910	1
5911	0
5912	0
5913	1
5914	1
5915	2
5916	0
5917	1
5918	1
5919	0
5920	0
5921	0
5922	0
5923	0
5924	1
5925	0
5926	0
5927	0
5928	1
5929	0
5930	0
5931	1
5932	1
5933	0
5934	0
5935	0
5936	0
5937	0
5938	1
5939	1
5940	1
5941	0
5942	0
5943	0
5944	0
5945	0
5946	0
5947	0
5948	0
5949	0
5950	0
5951	0
5952	0
5953	0
5954	1
5955	0
5956	0
5957	0
5958	1
5959	0
5960	0
5961	0
5962	1
5963	0
5964	0
5965	0
5966	0
5967	1
5968	0
5969	0
5970	1
5971	1
5972	1
5973	0
5974	0
5975	0
5976	0
5977	0
5978	1
5979	0
5980	0
5981	0
5982	0
5983	0
5984	0
5985	1
5986	1
5987	0
5988	0
5989	0
5990	0
5991	1
5992	0
5993	0
5994	0
5995	0
5996	0
5997	0
5998	0
5999	0
6000	0
6001	1
6002	0
6003	0
6004	0
6005	0
6006	1
6007	0
6008	1
6009	1
6010	1
6011	0
6012	0
6013	0
6014	0
6015	1
6016	0
6017	1
6018	0
6019	1
6020	0
6021	0
6022	0
6023	0
6024	0
6025	0
6026	0
6027	1
6028	0
6029	1
6030	0
6031	0
6032	0
6033	0
6034	0
6035	0
6036	0
6037	0
6038	0
6039	0
6040	0
6041	0
6042	0
6043	0
6044	1
6045	0
6046	0
6047	1
6048	0
6049	0
6050	0
6051	1
6052	0
6053	0
6054	0
6055	0
6056	0
6057	0
6058	0
6059	0
6060	2
6061	1
6062	1
6063	0
6064	0
6065	0
6066	0
6067	1
6068	0
6069	0
6070	0
6071	0
6072	1
6073	0
6074	0
6075	1
6076	0
6077	0
6078	1
6079	0
6080	0
6081	0
6082	1
6083	1
6084	0
6085	0
6086	0
6087	0
6088	0
6089	0
6090	1
6091	0
6092	0
6093	0
6094	1
6095	0
6096	1
6097	0
6098	0
6099	0
6100	0
6101	0
6102	0
6103	0
6104	0
6105	2
6106	0
6107	0
6108	0
6109	0
6110	0
6111	1
6112	0
6113	1
6114	1
6115	0
6116	0
6117	0
6118	0
6119	0
6120	0
6121	0
6122	0
6123	0
6124	0
6125	0
6126	0
6127	0
6128	0
6129	1
6130	0
6131	0
6132	0
6133	0
6134	0
6135	0
6136	0
6137	0
6138	0
6139	0
6140	0
6141	0
6142	0
6143	0
6144	0
6145	0
6146	0
6147	0
6148	0
6149	0
6150	0
6151	0
6152	0
6153	0
6154	0
6155	0
6156	1
6157	0
6158	0
6159	0
6160	0
6161	0
6162	2
6163	0
6164	0
6165	0
6166	1
6167	1
6168	0
6169	0
6170	0
6171	0
6172	0
6173	0
6174	0
6175	1
6176	0
6177	0
6178	0
6179	0
6180	1
6181	1
6182	1
6183	0
6184	1
6185	1
6186	0
6187	0
6188	0
6189	0
6190	0
6191	0
6192	0
6193	0
6194	0
6195	1
6196	0
6197	0
6198	1
6199	0
6200	1
6201	1
6202	0
6203	1
6204	0
6205	1
6206	0
6207	1
6208	0
6209	0
6210	0
6211	1
6212	0
6213	0
6214	0
6215	0
6216	1
6217	0
6218	0
6219	0
6220	0
6221	0
6222	0
6223	0
6224	1
6225	0
6226	0
6227	0
6228	0
6229	0
6230	0
6231	0
6232	0
6233	0
6234	0
6235	0
6236	0
6237	0
6238	0
6239	1
6240	1
6241	0
6242	0
6243	1
6244	0
6245	0
6246	1
6247	0
6248	0
6249	0
6250	0
6251	0
6252	0
6253	0
6254	0
6255	0
6256	0
6257	1
6258	0
6259	0
6260	1
6261	0
6262	2
6263	0
6264	0
6265	0
6266	0
6267	0
6268	0
6269	1
6270	0
6271	1
6272	0
6273	0
6274	1
6275	0
6276	0
6277	0
6278	0
6279	0
6280	0
6281	1
6282	0
6283	0
6284	0
6285	0
6286	0
6287	0
6288	0
6289	0
6290	1
6291	0
6292	0
6293	1
6294	0
6295	0
6296	0
6297	0
6298	0
6299	0
6300	0
6301	0
6302	0
6303	1
6304	1
6305	0
6306	0
6307	0
6308	0
6309	0
6310	0
6311	0
6312	0
6313	0
6314	0
6315	0
6316	0
6317	0
6318	0
6319	0
6320	0
6321	0
6322	0
6323	0
6324	1
6325	1
6326	1
6327	0
6328	0
6329	0
6330	0
6331	0
6332	1
6333	0
6334	0
6335	0
6336	0
6337	0
6338	1
6339	0
6340	0
6341	0
6342	0
6343	0
6344	0
6345	0
6346	1
6347	0
6348	0
6349	1
6350	2
6351	0
6352	1
6353	0
6354	0
6355	0
6356	0
6357	1
6358	0
6359	0
6360	0
6361	1
6362	0
6363	0
6364	1
6365	0
6366	0
6367	0
6368	0
6369	0
6370	1
6371	0
6372	0
6373	1
6374	0
6375	0
6376	0
6377	0
6378	0
6379	0
6380	0
6381	0
6382	0
6383	0
6384	0
6385	0
6386	0
6387	0
6388	0
6389	0
6390	0
6391	0
6392	1
6393	0
6394	1
6395	0
6396	0
6397	0
6398	0
6399	0
6400	0
6401	0
6402	0
6403	0
6404	0
6405	0
6406	1
6407	0
6408	0
6409	0
6410	0
6411	0
6412	0
6413	0
6414	0
6415	0
6416	0
6417	0
6418	0
6419	1
6420	0
6421	1
6422	0
6423	0
6424	1
6425	1
6426	0
6427	0
6428	1
6429	0
6430	0
6431	0
6432	0
6433	0
6434	0
6435	1
6436	0
6437	0
6438	0
6439	0
6440	0
6441	0
6442	0
6443	0
6444	0
6445	0
6446	0
6447	0
6448	0
6449	0
6450	0
6451	0
6452	0
6453	0
6454	0
6455	0
6456	0
6457	0
6458	0
6459	0
6460	0
6461	0
6462	0
6463	0
6464	0
6465	0
6466	0
6467	0
6468	1
6469	0
6470	0
6471	0
6472	1
6473	1
6474	0
6475	1
6476	0
6477	0
6478	0
6479	0
6480	0
6481	0
6482	1
6483	0
6484	0
6485	1
6486	0
6487	0
6488	1
6489	0
6490	0
6491	1
6492	2
6493	0
6494	0
6495	1
6496	0
6497	2
6498	0
6499	0
6500	0
6501	0
6502	0
6503	0
6504	1
6505	0
6506	1
6507	0
6508	0
6509	0
6510	0
6511	1
6512	0
6513	0
6514	0
6515	0
6516	0
6517	0
6518	0
6519	0
6520	0
6521	0
6522	1
6523	0
6524	1
6525	0
6526	0
6527	0
6528	0
6529	0
6530	0
6531	0
6532	0
6533	1
6534	0
6535	0
6536	1
6537	0
6538	1
6539	0
6540	0
6541	0
6542	1
6543	1
6544	0
6545	2
6546	0
6547	0
6548	0
6549	1
6550	0
6551	2
6552	0
6553	1
6554	0
6555	0
6556	1
6557	0
6558	0
6559	0
6560	0
6561	0
6562	0
6563	1
6564	0
6565	1
6566	0
6567	1
6568	0
6569	1
6570	0
6571	1
6572	0
6573	0
6574	0
6575	0
6576	1
6577	0
6578	0
6579	0
6580	0
6581	0
6582	0
6583	1
6584	0
6585	1
6586	1
6587	1
6588	0
6589	0
6590	1
6591	0
6592	0
6593	0
6594	0
6595	0
6596	0
6597	0
6598	1
6599	0
6600	0
6601	1
6602	1
6603	0
6604	0
6605	0
6606	0
6607	1
6608	0
6609	0
6610	1
6611	2
6612	0
6613	0
6614	0
6615	0
6616	0
6617	0
6618	0
6619	1
6620	1
6621	1
6622	0
6623	0
6624	0
6625	0
6626	0
6627	0
6628	0
6629	0
6630	0
6631	0
6632	0
6633	0
6634	0
6635	1
6636	0
6637	0
6638	0
6639	0
6640	0
6641	0
6642	0
6643	0
6644	0
6645	0
6646	1
6647	1
6648	1
6649	0
6650	0
6651	0
6652	0
6653	0
6654	0
6655	0
6656	0
6657	0
6658	0
6659	0
6660	0
6661	0
6662	0
6663	0
6664	1
6665	0
6666	0
6667	1
6668	0
6669	1
6670	1
6671	0
6672	0
6673	1
6674	0
6675	0
6676	0
6677	0
6678	0
6679	0
6680	0
6681	0
6682	1
6683	0
6684	1
6685	1
6686	0
6687	1
6688	0
6689	0
6690	0
6691	0
6692	0
6693	2
6694	0
6695	2
6696	0
6697	0
6698	1
6699	0
6700	0
6701	0
6702	0
6703	0
6704	0
6705	0
6706	1
6707	0
6708	0
6709	0
6710	0
6711	0
6712	0
6713	0
6714	0
6715	1
6716	0
6717	0
6718	0
6719	1
6720	0
6721	0
6722	0
6723	0
6724	0
6725	0
6726	0
6727	0
6728	1
6729	0
6730	0
6731	0
6732	0
6733	0
6734	0
6735	0
6736	2
6737	0
6738	0
6739	0
6740	0
6741	0
6742	0
6743	0
6744	1
6745	0
6746	0
6747	1
6748	0
6749	0
6750	1
6751	0
6752	1
6753	0
6754	1
6755	0
6756	0
6757	0
6758	0
6759	1
6760	0
6761	0
6762	0
6763	0
6764	0
6765	0
6766	0
6767	0
6768	0
6769	0
6770	0
6771	0
6772	0
6773	0
6774	0
6775	0
6776	0
6777	1
6778	0
6779	1
6780	0
6781	0
6782	0
6783	0
6784	0
6785	0
6786	0
6787	0
6788	0
6789	0
6790	0
6791	1
6792	0
6793	0
6794	0
6795	0
6796	0
6797	0
6798	0
6799	1
6800	1
6801	0
6802	0
6803	1
6804	1
6805	0
6806	0
6807	0
6808	0
6809	0
6810	1
6811	0
6812	0
6813	0
6814	0
6815	0
6816	0
6817	0
6818	0
6819	0
6820	0
6821	1
6822	0
6823	0
6824	0
6825	0
6826	0
6827	0
6828	0
6829	0
6830	0
6831	0
6832	0
6833	0
6834	2
6835	0
6836	0
6837	0
6838	0
6839	0
6840	0
6841	0
6842	0
6843	1
6844	0
6845	0
6846	0
6847	0
6848	1
6849	0
6850	0
6851	0
6852	1
6853	0
6854	0
6855	1
6856	0
6857	0
6858	1
6859	0
6860	0
6861	2
6862	0
6863	0
6864	0
6865	0
6866	1
6867	0
6868	0
6869	0
6870	0
6871	0
6872	0
6873	0
6874	0
6875	0
6876	0
6877	0
6878	0
6879	0
6880	0
6881	0
6882	2
6883	0
6884	0
6885	0
6886	0
6887	0
6888	0
6889	0
6890	1
6891	0
6892	0
6893	0
6894	0
6895	0
6896	0
6897	0
6898	0
6899	0
6900	0
6901	0
6902	0
6903	0
6904	1
6905	1
6906	1
6907	1
6908	0
6909	1
6910	1
6911	0
6912	0
6913	0
6914	0
6915	0
6916	0
6917	0
6918	0
6919	0
6920	0
6921	0
6922	0
6923	0
6924	0
6925	0
6926	0
6927	0
6928	0
6929	0
6930	0
6931	0
6932	0
6933	1
6934	1
6935	0
6936	0
6937	0
6938	0
6939	0
6940	1
6941	0
6942	0
6943	1
6944	1
6945	0
6946	0
6947	0
6948	0
6949	1
6950	0
6951	0
6952	0
6953	0
6954	0
6955	0
6956	0
6957	1
6958	0
6959	0
6960	0
6961	0
6962	0
6963	1
6964	0
6965	1
6966	0
6967	1
6968	0
6969	0
6970	1
6971	1
6972	0
6973	0
6974	1
6975	0
6976	0
6977	0
6978	1
6979	0
6980	0
6981	0
6982	0
6983	0
6984	0
6985	0
6986	0
6987	0
6988	0
6989	0
6990	0
6991	0
6992	0
6993	0
6994	0
6995	0
6996	0
6997	0
6998	1
6999	0
7000	0
7001	0
7002	0
7003	0
7004	0
7005	0
7006	0
7007	0
7008	1
7009	0
7010	0
7011	0
7012	0
7013	0
7014	1
7015	0
7016	1
7017	0
7018	0
7019	0
7020	0
7021	1
7022	0
7023	0
7024	0
7025	0
7026	1
7027	0
7028	0
7029	0
7030	0
7031	0
7032	0
7033	0
7034	0
7035	0
7036	0
7037	1
7038	0
7039	0
7040	0
7041	0
7042	0
7043	0
7044	0
7045	0
7046	1
7047	0
7048	0
7049	0
7050	0
7051	1
7052	0
7053	0
7054	0
7055	0
7056	0
7057	0
7058	0
7059	0
7060	0
7061	0
7062	0
7063	0
7064	1
7065	0
7066	0
7067	0
7068	0
7069	0
7070	0
7071	0
7072	0
7073	0
7074	0
7075	0
7076	0
7077	0
7078	0
7079	0
7080	0
7081	0
7082	0
7083	1
7084	0
7085	0
7086	1
7087	0
7088	0
7089	0
7090	0
7091	0
7092	0
7093	1
7094	0
7095	1
7096	0
7097	0
7098	1
7099	0
7100	0
7101	1
7102	0
7103	0
7104	0
7105	0
7106	0
7107	0
7108	0
7109	0
7110	0
7111	0
7112	0
7113	0
7114	0
7115	0
7116	0
7117	0
7118	0
7119	0
7120	0
7121	0
7122	0
7123	0
7124	0
7125	1
7126	0
7127	0
7128	0
7129	0
7130	0
7131	0
7132	0
7133	0
7134	0
7135	0
7136	0
7137	0
7138	0
7139	0
7140	0
7141	0
7142	0
7143	0
7144	0
7145	0
7146	0
7147	0
7148	0
7149	0
7150	0
7151	1
7152	0
7153	0
7154	0
7155	1
7156	0
7157	1
7158	0
7159	0
7160	1
7161	1
7162	0
7163	1
7164	0
7165	0
7166	0
7167	0
7168	1
7169	1
7170	0
7171	0
7172	0
7173	0
7174	0
7175	0
7176	0
7177	0
7178	0
7179	0
7180	0
7181	0
7182	0
7183	0
7184	1
7185	0
7186	0
7187	0
7188	0
7189	0
7190	0
7191	0
7192	1
7193	0
7194	0
7195	0
7196	0
7197	0
7198	0
7199	0
7200	0
7201	0
7202	0
7203	1
7204	0
7205	0
7206	0
7207	0
7208	0
7209	0
7210	0
7211	1
7212	0
7213	0
7214	0
7215	0
7216	0
7217	0
7218	1
7219	1
7220	0
7221	1
7222	0
7223	0
7224	0
7225	0
7226	0
7227	0
7228	0
7229	0
7230	1
7231	0
7232	0
7233	0
7234	0
7235	0
7236	0
7237	0
7238	0
7239	0
7240	1
7241	0
7242	0
7243	0
7244	0
7245	0
7246	0
7247	0
7248	0
7249	0
7250	0
7251	0
7252	0
7253	1
7254	0
7255	0
7256	0
7257	0
7258	0
7259	0
7260	0
7261	0
7262	0
7263	0
7264	0
7265	0
7266	0
7267	0
7268	0
7269	0
7270	0
7271	0
7272	0
7273	1
7274	0
7275	0
7276	1
7277	0
7278	0
7279	0
7280	0
7281	0
7282	0
7283	0
7284	1
7285	0
7286	0
7287	0
7288	1
7289	0
7290	1
7291	0
7292	0
7293	0
7294	0
7295	0
7296	0
7297	0
7298	0
7299	0
7300	0
7301	0
7302	0
7303	1
7304	2
7305	0
7306	0
7307	0
7308	0
7309	2
7310	0
7311	0
7312	0
7313	0
7314	0
7315	0
7316	0
7317	0
7318	0
7319	0
7320	0
7321	0
7322	0
7323	0
7324	0
7325	0
7326	0
7327	1
7328	0
7329	0
7330	0
7331	1
7332	0
7333	0
7334	0
7335	0
7336	1
7337	0
7338	0
7339	0
7340	0
7341	0
7342	0
7343	0
7344	0
7345	0
7346	0
7347	0
7348	0
7349	0
7350	0
7351	1
7352	0
7353	0
7354	0
7355	0
7356	0
7357	0
7358	0
7359	0
7360	0
7361	0
7362	0
7363	0
7364	0
7365	0
7366	0
7367	0
7368	0
7369	0
7370	0
7371	0
7372	0
7373	0
7374	0
7375	0
7376	0
7377	1
7378	0
7379	0
7380	0
7381	0
7382	0
7383	0
7384	0
7385	0
7386	0
7387	0
7388	0
7389	0
7390	0
7391	0
7392	0
7393	1
7394	0
7395	0
7396	0
7397	0
7398	0
7399	0
7400	0
7401	0
7402	1
7403	0
7404	0
7405	0
7406	0
7407	0
7408	1
7409	0
7410	0
7411	0
7412	0
7413	1
7414	0
7415	0
7416	0
7417	0
7418	0
7419	0
7420	0
7421	0
7422	0
7423	0
7424	0
7425	0
7426	0
7427	1
7428	0
7429	0
7430	0
7431	0
7432	0
7433	1
7434	0
7435	0
7436	0
7437	0
7438	0
7439	0
7440	0
7441	1
7442	0
7443	0
7444	0
7445	0
7446	0
7447	0
7448	0
7449	0
7450	0
7451	0
7452	0
7453	0
7454	0
7455	0
7456	1
7457	0
7458	0
7459	0
7460	0
7461	0
7462	0
7463	0
7464	1
7465	0
7466	0
7467	0
7468	2
7469	0
7470	0
7471	0
7472	1
7473	1
7474	1
7475	0
7476	0
7477	1
7478	1
7479	1
7480	0
7481	0
7482	0
7483	1
7484	0
7485	0
7486	0
7487	0
7488	0
7489	0
7490	0
7491	0
7492	0
7493	0
7494	0
7495	0
7496	0
7497	1
7498	0
7499	0
7500	0
7501	0
7502	0
7503	0
7504	0
7505	0
7506	0
7507	0
7508	0
7509	2
7510	0
7511	0
7512	0
7513	0
7514	0
7515	1
7516	0
7517	0
7518	0
7519	1
7520	0
7521	0
7522	0
7523	0
7524	0
7525	0
7526	0
7527	0
7528	0
7529	0
7530	0
7531	0
7532	1
7533	0
7534	0
7535	0
7536	0
7537	0
7538	0
7539	0
7540	0
7541	0
7542	0
7543	0
7544	1
7545	0
7546	0
7547	0
7548	0
7549	0
7550	0
7551	0
7552	0
7553	0
7554	0
7555	0
7556	0
7557	0
7558	0
7559	0
7560	0
7561	1
7562	0
7563	0
7564	0
7565	0
7566	1
7567	0
7568	0
7569	0
7570	0
7571	2
7572	0
7573	0
7574	0
7575	0
7576	0
7577	0
7578	0
7579	0
7580	0
7581	0
7582	0
7583	0
7584	1
7585	0
7586	0
7587	0
7588	0
7589	0
7590	0
7591	0
7592	0
7593	0
7594	0
7595	0
7596	0
7597	0
7598	0
7599	0
7600	0
7601	0
7602	1
7603	0
7604	0
7605	0
7606	1
7607	0
7608	0
7609	0
7610	0
7611	0
7612	0
7613	0
7614	0
7615	0
7616	0
7617	0
7618	0
7619	0
7620	1
7621	1
7622	0
7623	0
7624	0
7625	0
7626	0
7627	0
7628	0
7629	0
7630	0
7631	1
7632	1
7633	0
7634	1
7635	0
7636	1
7637	0
7638	0
7639	0
7640	0
7641	0
7642	0
7643	0
7644	0
7645	0
7646	0
7647	0
7648	0
7649	0
7650	0
7651	0
7652	0
7653	0
7654	1
7655	0
7656	0
7657	0
7658	0
7659	1
7660	0
7661	1
7662	0
7663	0
7664	1
7665	0
7666	0
7667	0
7668	0
7669	0
7670	0
7671	0
7672	0
7673	0
7674	0
7675	0
7676	0
7677	0
7678	0
7679	0
7680	0
7681	0
7682	1
7683	0
7684	0
7685	0
7686	0
7687	0
7688	0
7689	0
7690	0
7691	0
7692	0
7693	0
7694	1
7695	0
7696	0
7697	0
7698	0
7699	0
7700	0
7701	1
7702	0
7703	0
7704	0
7705	0
7706	0
7707	0
7708	0
7709	0
7710	0
7711	0
7712	0
7713	0
7714	0
7715	0
7716	0
7717	0
7718	0
7719	2
7720	0
7721	0
7722	0
7723	0
7724	0
7725	0
7726	0
7727	0
7728	1
7729	0
7730	0
7731	0
7732	0
7733	0
7734	0
7735	0
7736	0
7737	0
7738	0
7739	0
7740	0
7741	0
7742	0
7743	1
7744	0
7745	0
7746	0
7747	0
7748	0
7749	0
7750	0
7751	0
7752	0
7753	1
7754	0
7755	0
7756	0
7757	1
7758	0
7759	0
7760	0
7761	0
7762	0
7763	0
7764	0
7765	0
7766	0
7767	0
7768	0
7769	1
7770	0
7771	0
7772	0
7773	0
7774	0
7775	0
7776	1
7777	0
7778	0
7779	0
7780	0
7781	0
7782	0
7783	0
7784	0
7785	0
7786	0
7787	0
7788	0
7789	0
7790	0
7791	0
7792	0
7793	0
7794	0
7795	0
7796	0
7797	0
7798	0
7799	0
7800	0
7801	0
7802	0
7803	2
7804	0
7805	0
7806	0
7807	0
7808	1
7809	0
7810	0
7811	0
7812	0
7813	0
7814	0
7815	0
7816	0
7817	0
7818	0
7819	1
7820	1
7821	0
7822	0
7823	0
7824	0
7825	1
7826	0
7827	0
7828	0
7829	1
7830	0
7831	0
7832	0
7833	0
7834	0
7835	0
7836	0
7837	0
7838	0
7839	0
7840	0
7841	2
7842	0
7843	0
7844	0
7845	0
7846	0
7847	0
7848	0
7849	0
7850	0
7851	0
7852	0
7853	0
7854	0
7855	0
7856	0
7857	0
7858	0
7859	0
7860	0
7861	0
7862	1
7863	0
7864	0
7865	0
7866	0
7867	0
7868	1
7869	0
7870	0
7871	0
7872	1
7873	0
7874	0
7875	0
7876	0
7877	1
7878	0
7879	0
7880	0
7881	0
7882	0
7883	1
7884	1
7885	0
7886	0
7887	0
7888	0
7889	0
7890	0
7891	1
7892	0
7893	0
7894	0
7895	0
7896	0
7897	0
7898	0
7899	0
7900	0
7901	0
7902	0
7903	0
7904	0
7905	0
7906	0
7907	0
7908	0
7909	0
7910	0
7911	0
7912	1
7913	1
7914	0
7915	0
7916	0
7917	1
7918	0
7919	0
7920	0
7921	0
7922	0
7923	1
7924	0
7925	0
7926	0
7927	0
7928	0
7929	0
7930	0
7931	0
7932	0
7933	0
7934	0
7935	0
7936	0
7937	0
7938	0
7939	0
7940	1
7941	1
7942	0
7943	0
7944	1
7945	0
7946	1
7947	1
7948	0
7949	0
7950	1
7951	0
7952	0
7953	1
7954	0
7955	0
7956	0
7957	0
7958	0
7959	0
7960	0
7961	1
7962	0
7963	0
7964	0
7965	0
7966	0
7967	2
7968	0
7969	0
7970	0
7971	0
7972	0
7973	0
7974	0
7975	0
7976	0
7977	0
7978	1
7979	0
7980	0
7981	0
7982	0
7983	0
7984	0
7985	0
7986	0
7987	1
7988	0
7989	1
7990	0
7991	0
7992	0
7993	0
7994	0
7995	0
7996	0
7997	0
7998	1
7999	0
8000	0
8001	0
8002	0
8003	0
8004	0
8005	0
8006	0
8007	0
8008	0
8009	0
8010	0
8011	0
8012	0
8013	0
8014	0
8015	0
8016	0
8017	0
8018	0
8019	0
8020	0
8021	0
8022	0
8023	1
8024	0
8025	0
8026	0
8027	0
8028	1
8029	0
8030	0
8031	1
8032	0
8033	0
8034	0
8035	0
8036	1
8037	1
8038	0
8039	0
8040	0
8041	0
8042	0
8043	0
8044	0
8045	0
8046	0
8047	0
8048	0
8049	0
8050	0
8051	0
8052	0
8053	0
8054	0
8055	0
8056	0
8057	0
8058	0
8059	0
8060	0
8061	0
8062	0
8063	0
8064	0
8065	0
8066	0
8067	0
8068	0
8069	0
8070	0
8071	0
8072	0
8073	0
8074	0
8075	0
8076	0
8077	0
8078	0
8079	0
8080	0
8081	0
8082	0
8083	0
8084	0
8085	0
8086	0
8087	0
8088	0
8089	0
8090	0
8091	0
8092	0
8093	0
8094	0
8095	0
8096	0
8097	0
8098	0
8099	0
8100	0
8101	0
8102	0
8103	0
8104	0
8105	0
8106	0
8107	0
8108	0
8109	0
8110	0
8111	0
8112	0
8113	0
8114	0
8115	0
8116	0
8117	0
8118	0
8119	0
8120	0
8121	0
8122	0
8123	0
8124	0
8125	0
8126	0
8127	0
8128	0
8129	0
8130	0
8131	0
8132	0
8133	0
8134	0
8135	0
8136	0
8137	0
8138	0
8139	0
8140	0
8141	0
8142	0
8143	0
8144	0
8145	0
8146	0
8147	0
8148	0
8149	0
8150	0
8151	0
8152	0
8153	0
8154	0
8155	0
8156	0
8157	0
8158	0
8159	0
8160	0
8161	0
8162	0
8163	0
8164	0
8165	0
8166	0
8167	0
8168	0
8169	0
8170	0
8171	0
8172	0
8173	0
8174	0
8175	0
8176	0
8177	0
8178	0
8179	0
8180	0
8181	0
8182	0
8183	0
8184	0
8185	0
8186	0
8187	0
8188	0
8189	0
8190	0
8191	0
