0	0
1	0
2	0
3	0
4	0
5	0
6	0
7	0
8	0
9	0
10	0
11	0
12	0
13	0
14	0
15	0
16	0
17	0
18	0
19	0
20	0
21	0
22	0
23	0
24	0
25	0
26	0
27	0
28	0
29	0
30	0
31	0
32	0
33	0
34	0
35	0
36	0
37	0
38	0
39	0
40	0
41	0
42	0
43	0
44	0
45	0
46	0
47	0
48	0
49	0
50	0
51	0
52	0
53	0
54	0
55	0
56	0
57	0
58	0
59	0
60	0
61	0
62	0
63	0
64	0
65	0
66	0
67	5
68	19
69	127
70	210
71	306
72	361
73	356
74	310
75	320
76	280
77	334
78	298
79	348
80	305
81	278
82	309
83	246
84	332
85	275
86	317
87	286
88	299
89	265
90	260
91	269
92	307
93	278
94	338
95	312
96	334
97	412
98	444
99	502
100	628
101	667
102	806
103	780
104	896
105	849
106	829
107	720
108	654
109	651
110	621
111	603
112	479
113	486
114	445
115	422
116	398
117	368
118	362
119	352
120	322
121	334
122	307
123	301
124	336
125	308
126	285
127	287
128	262
129	302
130	292
131	284
132	266
133	279
134	270
135	269
136	314
137	294
138	307
139	282
140	260
141	304
142	273
143	290
144	268
145	277
146	241
147	279
148	274
149	280
150	274
151	270
152	279
153	261
154	269
155	273
156	301
157	250
158	237
159	263
160	275
161	257
162	289
163	265
164	261
165	253
166	270
167	283
168	276
169	280
170	251
171	286
172	267
173	246
174	278
175	262
176	241
177	261
178	274
179	283
180	241
181	255
182	238
183	262
184	215
185	258
186	294
187	250
188	245
189	239
190	239
191	263
192	245
193	243
194	266
195	250
196	283
197	250
198	233
199	241
200	264
201	279
202	255
203	256
204	288
205	248
206	274
207	252
208	250
209	237
210	257
211	258
212	238
213	289
214	299
215	244
216	272
217	293
218	282
219	280
220	317
221	278
222	276
223	277
224	245
225	271
226	256
227	275
228	257
229	250
230	291
231	239
232	258
233	265
234	287
235	272
236	278
237	258
238	273
239	299
240	277
241	284
242	279
243	272
244	274
245	277
246	292
247	273
248	305
249	259
250	292
251	303
252	270
253	321
254	289
255	306
256	308
257	297
258	307
259	279
260	284
261	266
262	319
263	297
264	306
265	295
266	298
267	301
268	316
269	311
270	308
271	300
272	287
273	350
274	308
275	359
276	318
277	319
278	334
279	360
280	345
281	365
282	336
283	333
284	348
285	339
286	331
287	337
288	360
289	371
290	319
291	330
292	333
293	372
294	356
295	357
296	346
297	389
298	348
299	355
300	361
301	392
302	413
303	390
304	382
305	422
306	432
307	419
308	404
309	431
310	376
311	370
312	425
313	400
314	382
315	426
316	406
317	410
318	398
319	404
320	422
321	410
322	426
323	402
324	425
325	389
326	431
327	432
328	440
329	459
330	441
331	420
332	455
333	428
334	431
335	450
336	490
337	447
338	474
339	467
340	451
341	437
342	464
343	462
344	514
345	480
346	472
347	517
348	510
349	540
350	542
351	612
352	806
353	1028
354	1423
355	1465
356	1421
357	1204
358	960
359	806
360	635
361	614
362	702
363	1028
364	1417
365	2045
366	2257
367	2287
368	1948
369	1483
370	1063
371	738
372	512
373	429
374	437
375	450
376	452
377	449
378	473
379	449
380	437
381	448
382	437
383	420
384	386
385	401
386	405
387	416
388	435
389	395
390	391
391	451
392	403
393	435
394	398
395	405
396	438
397	467
398	453
399	432
400	407
401	463
402	457
403	407
404	392
405	430
406	438
407	449
408	468
409	466
410	436
411	513
412	534
413	629
414	755
415	887
416	1124
417	1144
418	1172
419	1145
420	892
421	742
422	615
423	546
424	454
425	479
426	501
427	478
428	568
429	657
430	699
431	735
432	638
433	630
434	550
435	510
436	433
437	432
438	398
439	407
440	393
441	392
442	410
443	407
444	416
445	462
446	385
447	390
448	365
449	377
450	378
451	419
452	423
453	407
454	398
455	469
456	474
457	465
458	476
459	463
460	475
461	433
462	431
463	412
464	424
465	397
466	398
467	383
468	382
469	374
470	410
471	396
472	423
473	396
474	401
475	394
476	405
477	386
478	425
479	383
480	398
481	390
482	422
483	367
484	447
485	408
486	375
487	413
488	387
489	409
490	415
491	380
492	387
493	381
494	403
495	384
496	415
497	385
498	417
499	407
500	394
501	379
502	405
503	408
504	415
505	364
506	368
507	390
508	396
509	397
510	378
511	430
512	392
513	372
514	410
515	395
516	397
517	415
518	400
519	434
520	443
521	387
522	403
523	394
524	400
525	407
526	395
527	389
528	391
529	382
530	404
531	390
532	400
533	405
534	354
535	405
536	387
537	421
538	445
539	400
540	380
541	399
542	395
543	368
544	396
545	378
546	394
547	404
548	412
549	407
550	384
551	413
552	416
553	453
554	422
555	416
556	373
557	364
558	353
559	392
560	390
561	435
562	384
563	418
564	378
565	428
566	425
567	402
568	409
569	366
570	370
571	384
572	383
573	361
574	406
575	397
576	376
577	379
578	416
579	385
580	393
581	378
582	407
583	365
584	382
585	430
586	381
587	408
588	410
589	377
590	398
591	413
592	421
593	405
594	376
595	373
596	428
597	380
598	414
599	414
600	389
601	410
602	381
603	371
604	381
605	363
606	394
607	378
608	354
609	380
610	399
611	379
612	416
613	370
614	382
615	382
616	417
617	368
618	420
619	399
620	380
621	412
622	377
623	394
624	370
625	363
626	363
627	380
628	405
629	370
630	352
631	383
632	387
633	351
634	357
635	404
636	390
637	362
638	379
639	378
640	379
641	360
642	392
643	402
644	374
645	406
646	388
647	400
648	400
649	376
650	365
651	336
652	372
653	387
654	378
655	353
656	407
657	384
658	360
659	336
660	361
661	349
662	397
663	350
664	353
665	372
666	376
667	407
668	390
669	406
670	334
671	363
672	371
673	381
674	360
675	382
676	402
677	343
678	364
679	362
680	355
681	365
682	368
683	374
684	351
685	344
686	381
687	361
688	383
689	354
690	345
691	340
692	351
693	345
694	356
695	394
696	332
697	350
698	356
699	342
700	390
701	356
702	351
703	377
704	367
705	363
706	334
707	402
708	365
709	336
710	384
711	361
712	355
713	386
714	346
715	364
716	371
717	363
718	314
719	349
720	354
721	350
722	357
723	398
724	352
725	359
726	368
727	337
728	347
729	334
730	362
731	332
732	343
733	384
734	387
735	351
736	346
737	350
738	363
739	353
740	350
741	361
742	384
743	342
744	340
745	342
746	343
747	348
748	348
749	344
750	352
751	347
752	324
753	335
754	366
755	352
756	324
757	352
758	347
759	335
760	342
761	318
762	337
763	326
764	331
765	334
766	326
767	328
768	339
769	354
770	327
771	336
772	339
773	338
774	357
775	325
776	383
777	338
778	317
779	384
780	323
781	313
782	339
783	363
784	369
785	349
786	339
787	322
788	352
789	340
790	328
791	325
792	320
793	319
794	338
795	315
796	335
797	310
798	330
799	324
800	315
801	334
802	308
803	318
804	339
805	335
806	297
807	340
808	323
809	332
810	322
811	341
812	329
813	310
814	327
815	323
816	325
817	374
818	334
819	335
820	344
821	293
822	352
823	339
824	338
825	303
826	298
827	319
828	317
829	310
830	291
831	313
832	322
833	332
834	288
835	282
836	289
837	323
838	283
839	308
840	290
841	315
842	292
843	321
844	286
845	287
846	293
847	342
848	284
849	329
850	310
851	317
852	332
853	276
854	291
855	312
856	321
857	299
858	308
859	300
860	331
861	279
862	309
863	320
864	286
865	297
866	279
867	329
868	305
869	295
870	286
871	320
872	334
873	281
874	331
875	303
876	305
877	314
878	295
879	313
880	317
881	292
882	305
883	304
884	307
885	324
886	299
887	302
888	270
889	291
890	301
891	290
892	278
893	312
894	293
895	281
896	296
897	293
898	325
899	279
900	307
901	304
902	271
903	290
904	309
905	283
906	309
907	288
908	297
909	268
910	297
911	308
912	296
913	267
914	292
915	274
916	252
917	286
918	265
919	277
920	295
921	310
922	284
923	298
924	282
925	279
926	293
927	297
928	322
929	300
930	262
931	300
932	290
933	280
934	303
935	275
936	295
937	300
938	326
939	379
940	339
941	403
942	321
943	334
944	315
945	274
946	301
947	292
948	306
949	287
950	249
951	286
952	278
953	285
954	279
955	273
956	276
957	281
958	287
959	281
960	273
961	278
962	290
963	270
964	285
965	272
966	290
967	286
968	264
969	297
970	284
971	278
972	298
973	287
974	296
975	274
976	299
977	304
978	276
979	243
980	285
981	245
982	275
983	263
984	260
985	272
986	277
987	278
988	249
989	275
990	314
991	268
992	261
993	279
994	264
995	274
996	265
997	263
998	262
999	290
1000	279
1001	259
1002	285
1003	268
1004	274
1005	276
1006	245
1007	270
1008	284
1009	264
1010	271
1011	264
1012	266
1013	260
1014	269
1015	270
1016	274
1017	266
1018	262
1019	263
1020	248
1021	273
1022	267
1023	248
1024	270
1025	240
1026	266
1027	296
1028	271
1029	269
1030	256
1031	253
1032	259
1033	288
1034	270
1035	279
1036	274
1037	246
1038	283
1039	269
1040	256
1041	272
1042	251
1043	276
1044	246
1045	249
1046	238
1047	231
1048	254
1049	237
1050	260
1051	242
1052	278
1053	267
1054	275
1055	254
1056	245
1057	265
1058	271
1059	244
1060	281
1061	279
1062	257
1063	280
1064	252
1065	289
1066	235
1067	273
1068	266
1069	239
1070	260
1071	247
1072	238
1073	227
1074	236
1075	247
1076	258
1077	266
1078	237
1079	242
1080	250
1081	251
1082	264
1083	262
1084	240
1085	234
1086	251
1087	246
1088	242
1089	251
1090	257
1091	260
1092	259
1093	258
1094	240
1095	267
1096	228
1097	235
1098	238
1099	204
1100	225
1101	245
1102	238
1103	241
1104	228
1105	255
1106	260
1107	288
1108	249
1109	261
1110	248
1111	239
1112	250
1113	238
1114	233
1115	247
1116	241
1117	263
1118	237
1119	259
1120	227
1121	251
1122	251
1123	232
1124	254
1125	262
1126	241
1127	263
1128	218
1129	223
1130	236
1131	238
1132	253
1133	232
1134	234
1135	211
1136	249
1137	220
1138	247
1139	254
1140	222
1141	224
1142	230
1143	219
1144	239
1145	256
1146	221
1147	218
1148	242
1149	252
1150	229
1151	240
1152	217
1153	231
1154	239
1155	231
1156	252
1157	248
1158	228
1159	235
1160	230
1161	215
1162	249
1163	254
1164	236
1165	227
1166	230
1167	253
1168	235
1169	200
1170	241
1171	226
1172	240
1173	231
1174	206
1175	220
1176	230
1177	214
1178	233
1179	237
1180	219
1181	222
1182	218
1183	235
1184	244
1185	234
1186	213
1187	222
1188	241
1189	204
1190	235
1191	191
1192	233
1193	260
1194	225
1195	227
1196	210
1197	221
1198	220
1199	218
1200	257
1201	203
1202	219
1203	214
1204	224
1205	234
1206	214
1207	215
1208	235
1209	238
1210	275
1211	339
1212	380
1213	452
1214	419
1215	449
1216	351
1217	308
1218	235
1219	230
1220	226
1221	218
1222	217
1223	246
1224	221
1225	219
1226	193
1227	244
1228	240
1229	246
1230	230
1231	238
1232	256
1233	218
1234	226
1235	186
1236	231
1237	221
1238	206
1239	215
1240	223
1241	204
1242	187
1243	173
1244	226
1245	206
1246	220
1247	213
1248	188
1249	211
1250	180
1251	192
1252	196
1253	201
1254	199
1255	216
1256	196
1257	210
1258	185
1259	206
1260	204
1261	219
1262	212
1263	186
1264	204
1265	201
1266	197
1267	198
1268	208
1269	191
1270	203
1271	203
1272	209
1273	196
1274	187
1275	202
1276	214
1277	194
1278	191
1279	200
1280	198
1281	204
1282	178
1283	214
1284	210
1285	215
1286	190
1287	204
1288	231
1289	215
1290	189
1291	207
1292	168
1293	205
1294	184
1295	189
1296	204
1297	208
1298	182
1299	172
1300	201
1301	213
1302	214
1303	225
1304	195
1305	226
1306	178
1307	184
1308	217
1309	169
1310	190
1311	181
1312	188
1313	172
1314	206
1315	210
1316	216
1317	187
1318	191
1319	197
1320	200
1321	186
1322	194
1323	210
1324	213
1325	192
1326	205
1327	195
1328	205
1329	173
1330	165
1331	202
1332	175
1333	175
1334	191
1335	194
1336	199
1337	171
1338	186
1339	201
1340	176
1341	173
1342	187
1343	207
1344	199
1345	167
1346	179
1347	188
1348	189
1349	198
1350	187
1351	199
1352	178
1353	211
1354	179
1355	194
1356	193
1357	189
1358	191
1359	178
1360	200
1361	173
1362	198
1363	174
1364	177
1365	191
1366	192
1367	187
1368	210
1369	195
1370	189
1371	165
1372	158
1373	187
1374	208
1375	208
1376	202
1377	189
1378	164
1379	203
1380	190
1381	204
1382	190
1383	191
1384	168
1385	190
1386	163
1387	170
1388	187
1389	169
1390	177
1391	178
1392	193
1393	161
1394	177
1395	175
1396	177
1397	181
1398	177
1399	181
1400	203
1401	198
1402	193
1403	187
1404	159
1405	196
1406	176
1407	193
1408	180
1409	165
1410	192
1411	193
1412	182
1413	155
1414	174
1415	178
1416	159
1417	198
1418	174
1419	196
1420	153
1421	178
1422	163
1423	157
1424	170
1425	178
1426	138
1427	182
1428	173
1429	142
1430	182
1431	194
1432	169
1433	167
1434	173
1435	167
1436	169
1437	176
1438	157
1439	184
1440	180
1441	166
1442	165
1443	167
1444	166
1445	176
1446	202
1447	163
1448	178
1449	170
1450	168
1451	171
1452	179
1453	192
1454	177
1455	155
1456	152
1457	146
1458	187
1459	180
1460	194
1461	154
1462	154
1463	154
1464	174
1465	190
1466	187
1467	184
1468	193
1469	158
1470	154
1471	201
1472	155
1473	178
1474	164
1475	151
1476	154
1477	165
1478	180
1479	167
1480	148
1481	178
1482	172
1483	130
1484	158
1485	170
1486	177
1487	151
1488	164
1489	151
1490	159
1491	177
1492	142
1493	174
1494	142
1495	167
1496	151
1497	162
1498	164
1499	157
1500	153
1501	163
1502	161
1503	199
1504	212
1505	245
1506	261
1507	222
1508	207
1509	205
1510	172
1511	182
1512	151
1513	156
1514	158
1515	139
1516	161
1517	172
1518	154
1519	157
1520	171
1521	142
1522	164
1523	130
1524	145
1525	160
1526	154
1527	147
1528	175
1529	152
1530	173
1531	161
1532	175
1533	155
1534	167
1535	192
1536	142
1537	146
1538	151
1539	157
1540	145
1541	169
1542	171
1543	144
1544	149
1545	143
1546	160
1547	149
1548	147
1549	167
1550	150
1551	151
1552	141
1553	142
1554	154
1555	174
1556	159
1557	147
1558	150
1559	154
1560	165
1561	158
1562	146
1563	165
1564	161
1565	177
1566	144
1567	159
1568	154
1569	146
1570	137
1571	156
1572	151
1573	156
1574	141
1575	164
1576	154
1577	184
1578	153
1579	148
1580	139
1581	155
1582	152
1583	149
1584	158
1585	176
1586	129
1587	164
1588	149
1589	132
1590	143
1591	142
1592	145
1593	153
1594	156
1595	155
1596	161
1597	156
1598	155
1599	157
1600	169
1601	154
1602	139
1603	142
1604	152
1605	148
1606	142
1607	162
1608	151
1609	163
1610	135
1611	144
1612	166
1613	165
1614	148
1615	145
1616	163
1617	157
1618	134
1619	135
1620	133
1621	154
1622	150
1623	148
1624	137
1625	154
1626	154
1627	146
1628	141
1629	130
1630	143
1631	154
1632	133
1633	136
1634	176
1635	159
1636	142
1637	146
1638	161
1639	140
1640	141
1641	136
1642	144
1643	150
1644	133
1645	147
1646	124
1647	156
1648	156
1649	143
1650	148
1651	138
1652	145
1653	147
1654	175
1655	142
1656	135
1657	158
1658	143
1659	146
1660	160
1661	137
1662	171
1663	140
1664	149
1665	122
1666	138
1667	125
1668	133
1669	150
1670	167
1671	131
1672	152
1673	139
1674	154
1675	170
1676	149
1677	130
1678	143
1679	137
1680	157
1681	129
1682	120
1683	151
1684	153
1685	143
1686	152
1687	122
1688	159
1689	152
1690	148
1691	152
1692	138
1693	152
1694	144
1695	133
1696	149
1697	141
1698	138
1699	141
1700	144
1701	130
1702	148
1703	154
1704	120
1705	150
1706	129
1707	120
1708	155
1709	146
1710	132
1711	137
1712	143
1713	121
1714	140
1715	127
1716	151
1717	138
1718	149
1719	128
1720	126
1721	133
1722	125
1723	152
1724	135
1725	148
1726	162
1727	161
1728	173
1729	175
1730	180
1731	183
1732	145
1733	114
1734	130
1735	138
1736	126
1737	140
1738	120
1739	146
1740	149
1741	137
1742	133
1743	138
1744	138
1745	134
1746	135
1747	141
1748	126
1749	118
1750	108
1751	122
1752	108
1753	128
1754	116
1755	131
1756	135
1757	137
1758	137
1759	171
1760	135
1761	124
1762	111
1763	112
1764	122
1765	126
1766	131
1767	113
1768	133
1769	144
1770	132
1771	127
1772	117
1773	114
1774	124
1775	139
1776	137
1777	138
1778	111
1779	141
1780	136
1781	131
1782	113
1783	125
1784	132
1785	134
1786	146
1787	127
1788	132
1789	110
1790	116
1791	129
1792	136
1793	149
1794	144
1795	169
1796	187
1797	214
1798	263
1799	304
1800	273
1801	241
1802	185
1803	170
1804	142
1805	134
1806	110
1807	115
1808	109
1809	110
1810	139
1811	130
1812	122
1813	127
1814	125
1815	111
1816	135
1817	129
1818	136
1819	133
1820	131
1821	135
1822	128
1823	125
1824	119
1825	140
1826	119
1827	126
1828	120
1829	132
1830	122
1831	112
1832	124
1833	117
1834	132
1835	115
1836	122
1837	109
1838	117
1839	123
1840	117
1841	121
1842	133
1843	121
1844	114
1845	120
1846	138
1847	110
1848	137
1849	115
1850	128
1851	116
1852	133
1853	111
1854	116
1855	113
1856	92
1857	100
1858	112
1859	127
1860	121
1861	122
1862	140
1863	141
1864	123
1865	125
1866	129
1867	127
1868	108
1869	117
1870	105
1871	127
1872	138
1873	107
1874	122
1875	125
1876	123
1877	121
1878	116
1879	104
1880	119
1881	104
1882	110
1883	123
1884	120
1885	123
1886	114
1887	123
1888	122
1889	131
1890	114
1891	114
1892	98
1893	116
1894	138
1895	131
1896	116
1897	113
1898	106
1899	126
1900	133
1901	119
1902	114
1903	131
1904	96
1905	117
1906	94
1907	122
1908	116
1909	114
1910	112
1911	118
1912	121
1913	104
1914	105
1915	101
1916	118
1917	105
1918	111
1919	115
1920	103
1921	131
1922	120
1923	128
1924	110
1925	115
1926	119
1927	115
1928	124
1929	116
1930	106
1931	115
1932	117
1933	106
1934	91
1935	123
1936	111
1937	118
1938	117
1939	135
1940	114
1941	104
1942	114
1943	117
1944	109
1945	120
1946	108
1947	100
1948	104
1949	99
1950	104
1951	107
1952	109
1953	103
1954	119
1955	126
1956	119
1957	110
1958	118
1959	118
1960	130
1961	122
1962	113
1963	119
1964	114
1965	117
1966	99
1967	102
1968	118
1969	105
1970	101
1971	107
1972	116
1973	132
1974	104
1975	107
1976	120
1977	106
1978	105
1979	104
1980	126
1981	114
1982	128
1983	128
1984	100
1985	123
1986	112
1987	100
1988	121
1989	114
1990	118
1991	112
1992	90
1993	123
1994	109
1995	100
1996	118
1997	108
1998	126
1999	98
2000	106
2001	124
2002	115
2003	104
2004	98
2005	111
2006	118
2007	106
2008	99
2009	107
2010	142
2011	112
2012	101
2013	98
2014	114
2015	108
2016	107
2017	109
2018	113
2019	117
2020	103
2021	127
2022	106
2023	99
2024	107
2025	98
2026	88
2027	116
2028	108
2029	110
2030	102
2031	121
2032	100
2033	104
2034	130
2035	111
2036	109
2037	103
2038	110
2039	109
2040	89
2041	110
2042	109
2043	107
2044	118
2045	102
2046	119
2047	90
2048	108
2049	99
2050	91
2051	120
2052	107
2053	120
2054	101
2055	123
2056	110
2057	97
2058	105
2059	112
2060	152
2061	103
2062	109
2063	129
2064	93
2065	98
2066	104
2067	81
2068	110
2069	94
2070	115
2071	101
2072	96
2073	107
2074	107
2075	105
2076	108
2077	115
2078	97
2079	107
2080	111
2081	96
2082	94
2083	106
2084	137
2085	114
2086	107
2087	91
2088	99
2089	101
2090	116
2091	100
2092	100
2093	109
2094	111
2095	120
2096	125
2097	116
2098	100
2099	93
2100	110
2101	105
2102	97
2103	122
2104	97
2105	125
2106	112
2107	91
2108	111
2109	93
2110	105
2111	96
2112	89
2113	105
2114	105
2115	88
2116	107
2117	94
2118	91
2119	114
2120	95
2121	94
2122	97
2123	110
2124	105
2125	103
2126	101
2127	97
2128	103
2129	103
2130	112
2131	88
2132	115
2133	97
2134	111
2135	111
2136	104
2137	100
2138	108
2139	82
2140	96
2141	105
2142	100
2143	103
2144	99
2145	101
2146	84
2147	103
2148	102
2149	96
2150	79
2151	82
2152	87
2153	101
2154	94
2155	101
2156	99
2157	82
2158	92
2159	103
2160	98
2161	108
2162	106
2163	99
2164	94
2165	67
2166	106
2167	124
2168	108
2169	82
2170	83
2171	86
2172	86
2173	101
2174	110
2175	123
2176	94
2177	89
2178	118
2179	89
2180	104
2181	81
2182	97
2183	92
2184	93
2185	88
2186	85
2187	97
2188	113
2189	84
2190	95
2191	105
2192	112
2193	114
2194	90
2195	103
2196	100
2197	106
2198	106
2199	102
2200	104
2201	98
2202	100
2203	89
2204	93
2205	94
2206	103
2207	81
2208	97
2209	90
2210	100
2211	94
2212	100
2213	105
2214	92
2215	83
2216	96
2217	97
2218	129
2219	100
2220	99
2221	93
2222	88
2223	92
2224	105
2225	93
2226	106
2227	85
2228	107
2229	102
2230	99
2231	89
2232	102
2233	91
2234	100
2235	107
2236	91
2237	95
2238	93
2239	121
2240	98
2241	115
2242	91
2243	99
2244	100
2245	106
2246	85
2247	113
2248	99
2249	106
2250	88
2251	96
2252	110
2253	102
2254	102
2255	99
2256	88
2257	92
2258	109
2259	98
2260	82
2261	83
2262	77
2263	91
2264	96
2265	92
2266	86
2267	101
2268	110
2269	87
2270	104
2271	95
2272	109
2273	85
2274	88
2275	80
2276	107
2277	101
2278	96
2279	100
2280	104
2281	107
2282	93
2283	93
2284	101
2285	72
2286	94
2287	101
2288	94
2289	106
2290	87
2291	101
2292	86
2293	102
2294	101
2295	97
2296	111
2297	106
2298	101
2299	102
2300	93
2301	103
2302	83
2303	94
2304	111
2305	101
2306	98
2307	105
2308	94
2309	85
2310	92
2311	76
2312	101
2313	99
2314	90
2315	76
2316	93
2317	88
2318	95
2319	114
2320	90
2321	99
2322	102
2323	88
2324	110
2325	109
2326	102
2327	97
2328	87
2329	92
2330	107
2331	91
2332	96
2333	106
2334	83
2335	84
2336	88
2337	93
2338	99
2339	106
2340	98
2341	90
2342	106
2343	85
2344	93
2345	88
2346	82
2347	106
2348	89
2349	117
2350	86
2351	85
2352	79
2353	76
2354	77
2355	79
2356	95
2357	79
2358	98
2359	115
2360	92
2361	94
2362	84
2363	102
2364	88
2365	86
2366	92
2367	88
2368	88
2369	106
2370	119
2371	106
2372	73
2373	103
2374	113
2375	113
2376	100
2377	105
2378	101
2379	117
2380	93
2381	97
2382	86
2383	89
2384	87
2385	89
2386	97
2387	91
2388	73
2389	79
2390	80
2391	91
2392	101
2393	100
2394	100
2395	78
2396	78
2397	93
2398	80
2399	96
2400	85
2401	91
2402	105
2403	81
2404	105
2405	90
2406	85
2407	88
2408	93
2409	90
2410	89
2411	110
2412	97
2413	81
2414	80
2415	93
2416	89
2417	93
2418	79
2419	88
2420	94
2421	90
2422	92
2423	81
2424	89
2425	90
2426	74
2427	81
2428	78
2429	86
2430	76
2431	80
2432	81
2433	73
2434	105
2435	118
2436	93
2437	83
2438	105
2439	81
2440	74
2441	84
2442	94
2443	80
2444	87
2445	79
2446	90
2447	87
2448	90
2449	89
2450	88
2451	96
2452	80
2453	63
2454	85
2455	76
2456	84
2457	73
2458	88
2459	67
2460	84
2461	96
2462	77
2463	91
2464	81
2465	83
2466	77
2467	80
2468	67
2469	74
2470	88
2471	70
2472	68
2473	77
2474	82
2475	85
2476	82
2477	76
2478	76
2479	81
2480	86
2481	88
2482	81
2483	72
2484	77
2485	81
2486	79
2487	75
2488	79
2489	68
2490	79
2491	72
2492	79
2493	76
2494	88
2495	75
2496	88
2497	85
2498	75
2499	87
2500	86
2501	85
2502	86
2503	69
2504	77
2505	78
2506	67
2507	77
2508	77
2509	63
2510	78
2511	77
2512	82
2513	80
2514	91
2515	72
2516	70
2517	77
2518	79
2519	76
2520	68
2521	73
2522	68
2523	86
2524	84
2525	77
2526	88
2527	84
2528	80
2529	83
2530	80
2531	80
2532	77
2533	88
2534	76
2535	71
2536	89
2537	87
2538	70
2539	84
2540	84
2541	75
2542	66
2543	63
2544	71
2545	77
2546	83
2547	84
2548	70
2549	83
2550	77
2551	91
2552	80
2553	91
2554	79
2555	75
2556	76
2557	72
2558	77
2559	75
2560	87
2561	74
2562	78
2563	72
2564	69
2565	72
2566	78
2567	92
2568	72
2569	68
2570	59
2571	69
2572	75
2573	74
2574	75
2575	70
2576	83
2577	70
2578	78
2579	67
2580	78
2581	76
2582	74
2583	78
2584	75
2585	72
2586	87
2587	79
2588	75
2589	77
2590	67
2591	72
2592	80
2593	80
2594	78
2595	77
2596	67
2597	63
2598	80
2599	58
2600	82
2601	89
2602	66
2603	70
2604	76
2605	84
2606	72
2607	62
2608	84
2609	89
2610	89
2611	94
2612	97
2613	119
2614	108
2615	129
2616	165
2617	181
2618	199
2619	205
2620	213
2621	218
2622	224
2623	225
2624	235
2625	217
2626	194
2627	186
2628	144
2629	165
2630	125
2631	127
2632	98
2633	92
2634	98
2635	98
2636	82
2637	80
2638	85
2639	74
2640	74
2641	76
2642	72
2643	69
2644	70
2645	69
2646	63
2647	66
2648	65
2649	59
2650	85
2651	77
2652	70
2653	70
2654	64
2655	73
2656	72
2657	68
2658	64
2659	74
2660	72
2661	66
2662	61
2663	83
2664	91
2665	85
2666	67
2667	73
2668	55
2669	66
2670	56
2671	90
2672	61
2673	87
2674	64
2675	81
2676	65
2677	73
2678	71
2679	72
2680	71
2681	80
2682	65
2683	65
2684	82
2685	55
2686	67
2687	70
2688	74
2689	61
2690	48
2691	73
2692	52
2693	61
2694	61
2695	67
2696	58
2697	65
2698	77
2699	71
2700	82
2701	64
2702	53
2703	80
2704	78
2705	60
2706	58
2707	72
2708	64
2709	82
2710	81
2711	63
2712	72
2713	68
2714	56
2715	67
2716	81
2717	66
2718	66
2719	76
2720	70
2721	71
2722	82
2723	58
2724	50
2725	67
2726	53
2727	82
2728	57
2729	62
2730	59
2731	85
2732	67
2733	70
2734	70
2735	67
2736	62
2737	71
2738	67
2739	64
2740	70
2741	71
2742	67
2743	58
2744	69
2745	65
2746	71
2747	65
2748	57
2749	69
2750	80
2751	55
2752	70
2753	61
2754	56
2755	61
2756	68
2757	55
2758	65
2759	67
2760	80
2761	56
2762	79
2763	74
2764	54
2765	71
2766	82
2767	59
2768	62
2769	51
2770	61
2771	56
2772	64
2773	49
2774	69
2775	63
2776	68
2777	73
2778	69
2779	69
2780	47
2781	73
2782	51
2783	62
2784	67
2785	69
2786	58
2787	52
2788	57
2789	66
2790	56
2791	73
2792	57
2793	75
2794	48
2795	59
2796	74
2797	52
2798	59
2799	45
2800	58
2801	69
2802	55
2803	60
2804	78
2805	74
2806	80
2807	66
2808	54
2809	63
2810	65
2811	63
2812	73
2813	73
2814	64
2815	58
2816	51
2817	68
2818	79
2819	68
2820	63
2821	49
2822	73
2823	67
2824	51
2825	52
2826	69
2827	67
2828	56
2829	55
2830	63
2831	68
2832	61
2833	58
2834	65
2835	79
2836	53
2837	75
2838	70
2839	50
2840	50
2841	72
2842	64
2843	73
2844	60
2845	66
2846	72
2847	46
2848	59
2849	66
2850	69
2851	76
2852	48
2853	67
2854	54
2855	69
2856	56
2857	58
2858	61
2859	50
2860	64
2861	61
2862	53
2863	72
2864	68
2865	55
2866	72
2867	62
2868	56
2869	57
2870	68
2871	51
2872	63
2873	59
2874	72
2875	51
2876	77
2877	64
2878	65
2879	65
2880	55
2881	64
2882	49
2883	55
2884	56
2885	58
2886	46
2887	63
2888	53
2889	71
2890	67
2891	79
2892	62
2893	68
2894	61
2895	65
2896	67
2897	57
2898	70
2899	55
2900	46
2901	69
2902	61
2903	66
2904	53
2905	49
2906	40
2907	53
2908	52
2909	65
2910	61
2911	62
2912	63
2913	57
2914	65
2915	66
2916	67
2917	70
2918	57
2919	54
2920	64
2921	68
2922	58
2923	71
2924	59
2925	53
2926	52
2927	53
2928	66
2929	51
2930	62
2931	64
2932	66
2933	62
2934	62
2935	60
2936	61
2937	65
2938	71
2939	72
2940	49
2941	53
2942	42
2943	60
2944	69
2945	66
2946	71
2947	47
2948	53
2949	50
2950	72
2951	47
2952	49
2953	58
2954	62
2955	51
2956	38
2957	57
2958	47
2959	50
2960	47
2961	44
2962	63
2963	58
2964	58
2965	57
2966	65
2967	66
2968	52
2969	77
2970	60
2971	66
2972	62
2973	57
2974	56
2975	67
2976	61
2977	44
2978	57
2979	50
2980	63
2981	62
2982	64
2983	64
2984	58
2985	50
2986	67
2987	63
2988	52
2989	66
2990	73
2991	88
2992	91
2993	89
2994	139
2995	161
2996	145
2997	162
2998	150
2999	138
3000	108
3001	81
3002	81
3003	73
3004	55
3005	67
3006	61
3007	61
3008	52
3009	42
3010	55
3011	60
3012	58
3013	59
3014	49
3015	64
3016	46
3017	37
3018	49
3019	52
3020	71
3021	56
3022	48
3023	54
3024	48
3025	55
3026	57
3027	64
3028	77
3029	52
3030	50
3031	46
3032	50
3033	58
3034	58
3035	53
3036	39
3037	43
3038	46
3039	54
3040	51
3041	61
3042	51
3043	53
3044	64
3045	47
3046	58
3047	61
3048	61
3049	58
3050	49
3051	56
3052	58
3053	46
3054	54
3055	62
3056	58
3057	50
3058	66
3059	55
3060	54
3061	53
3062	54
3063	49
3064	61
3065	58
3066	59
3067	52
3068	64
3069	59
3070	51
3071	47
3072	56
3073	50
3074	61
3075	69
3076	54
3077	58
3078	59
3079	50
3080	60
3081	46
3082	39
3083	53
3084	53
3085	48
3086	75
3087	61
3088	55
3089	52
3090	52
3091	64
3092	55
3093	54
3094	76
3095	56
3096	51
3097	49
3098	49
3099	55
3100	50
3101	46
3102	44
3103	50
3104	50
3105	58
3106	42
3107	42
3108	48
3109	48
3110	50
3111	52
3112	49
3113	68
3114	64
3115	54
3116	57
3117	58
3118	42
3119	59
3120	64
3121	62
3122	57
3123	63
3124	56
3125	80
3126	84
3127	90
3128	116
3129	145
3130	164
3131	183
3132	193
3133	203
3134	168
3135	124
3136	114
3137	71
3138	75
3139	66
3140	42
3141	61
3142	49
3143	51
3144	47
3145	53
3146	50
3147	55
3148	48
3149	60
3150	51
3151	64
3152	43
3153	46
3154	46
3155	40
3156	60
3157	50
3158	55
3159	52
3160	45
3161	45
3162	63
3163	63
3164	64
3165	57
3166	39
3167	53
3168	53
3169	52
3170	65
3171	48
3172	50
3173	54
3174	52
3175	48
3176	50
3177	40
3178	48
3179	48
3180	59
3181	49
3182	56
3183	58
3184	40
3185	62
3186	58
3187	47
3188	46
3189	54
3190	45
3191	49
3192	60
3193	38
3194	50
3195	49
3196	48
3197	43
3198	38
3199	47
3200	49
3201	43
3202	40
3203	60
3204	64
3205	48
3206	59
3207	51
3208	56
3209	51
3210	55
3211	59
3212	50
3213	56
3214	56
3215	34
3216	50
3217	49
3218	57
3219	47
3220	46
3221	55
3222	49
3223	42
3224	43
3225	54
3226	46
3227	46
3228	54
3229	48
3230	45
3231	47
3232	51
3233	62
3234	45
3235	52
3236	52
3237	51
3238	50
3239	45
3240	44
3241	38
3242	48
3243	45
3244	42
3245	41
3246	43
3247	52
3248	45
3249	50
3250	44
3251	51
3252	52
3253	47
3254	46
3255	43
3256	52
3257	54
3258	61
3259	35
3260	47
3261	53
3262	50
3263	49
3264	49
3265	50
3266	57
3267	55
3268	54
3269	42
3270	37
3271	57
3272	43
3273	43
3274	43
3275	54
3276	62
3277	39
3278	46
3279	46
3280	47
3281	45
3282	43
3283	52
3284	57
3285	64
3286	41
3287	48
3288	46
3289	49
3290	54
3291	57
3292	53
3293	36
3294	61
3295	45
3296	44
3297	50
3298	43
3299	34
3300	40
3301	55
3302	37
3303	50
3304	52
3305	47
3306	45
3307	40
3308	46
3309	51
3310	50
3311	50
3312	56
3313	50
3314	51
3315	59
3316	52
3317	57
3318	59
3319	45
3320	54
3321	48
3322	57
3323	49
3324	44
3325	34
3326	40
3327	47
3328	41
3329	47
3330	40
3331	49
3332	54
3333	62
3334	50
3335	51
3336	47
3337	44
3338	44
3339	52
3340	66
3341	45
3342	57
3343	53
3344	61
3345	48
3346	46
3347	51
3348	37
3349	45
3350	48
3351	39
3352	49
3353	48
3354	51
3355	56
3356	50
3357	49
3358	35
3359	45
3360	58
3361	49
3362	52
3363	56
3364	44
3365	41
3366	49
3367	36
3368	55
3369	55
3370	44
3371	52
3372	42
3373	45
3374	49
3375	55
3376	38
3377	53
3378	55
3379	60
3380	50
3381	42
3382	47
3383	41
3384	50
3385	40
3386	48
3387	53
3388	41
3389	55
3390	49
3391	51
3392	62
3393	73
3394	71
3395	116
3396	184
3397	268
3398	451
3399	605
3400	842
3401	1018
3402	1047
3403	1075
3404	949
3405	687
3406	549
3407	353
3408	254
3409	126
3410	86
3411	64
3412	44
3413	54
3414	47
3415	40
3416	42
3417	47
3418	57
3419	41
3420	39
3421	55
3422	37
3423	40
3424	44
3425	48
3426	48
3427	31
3428	42
3429	29
3430	42
3431	38
3432	54
3433	36
3434	52
3435	40
3436	47
3437	50
3438	40
3439	35
3440	49
3441	45
3442	42
3443	32
3444	42
3445	43
3446	36
3447	44
3448	45
3449	37
3450	42
3451	42
3452	44
3453	37
3454	41
3455	51
3456	39
3457	37
3458	36
3459	39
3460	48
3461	43
3462	44
3463	36
3464	46
3465	38
3466	41
3467	43
3468	47
3469	40
3470	42
3471	47
3472	55
3473	52
3474	45
3475	38
3476	56
3477	43
3478	45
3479	36
3480	47
3481	41
3482	38
3483	34
3484	38
3485	44
3486	34
3487	41
3488	61
3489	50
3490	43
3491	48
3492	42
3493	40
3494	42
3495	36
3496	48
3497	39
3498	50
3499	43
3500	39
3501	34
3502	45
3503	42
3504	44
3505	61
3506	43
3507	42
3508	55
3509	33
3510	56
3511	53
3512	45
3513	56
3514	48
3515	36
3516	43
3517	33
3518	38
3519	34
3520	40
3521	41
3522	49
3523	34
3524	53
3525	44
3526	50
3527	47
3528	54
3529	46
3530	53
3531	41
3532	39
3533	41
3534	27
3535	44
3536	39
3537	44
3538	24
3539	40
3540	52
3541	42
3542	45
3543	46
3544	44
3545	52
3546	52
3547	49
3548	38
3549	39
3550	40
3551	39
3552	42
3553	49
3554	42
3555	32
3556	45
3557	43
3558	36
3559	46
3560	48
3561	43
3562	29
3563	43
3564	41
3565	28
3566	36
3567	53
3568	43
3569	54
3570	50
3571	35
3572	45
3573	46
3574	41
3575	35
3576	51
3577	29
3578	46
3579	48
3580	35
3581	43
3582	37
3583	33
3584	35
3585	42
3586	44
3587	38
3588	45
3589	44
3590	47
3591	37
3592	42
3593	36
3594	43
3595	37
3596	46
3597	35
3598	36
3599	34
3600	32
3601	43
3602	30
3603	46
3604	38
3605	44
3606	44
3607	48
3608	55
3609	44
3610	45
3611	61
3612	39
3613	48
3614	47
3615	41
3616	40
3617	37
3618	44
3619	45
3620	48
3621	41
3622	44
3623	40
3624	38
3625	39
3626	51
3627	42
3628	40
3629	44
3630	43
3631	40
3632	37
3633	36
3634	41
3635	45
3636	49
3637	44
3638	42
3639	39
3640	44
3641	48
3642	45
3643	35
3644	42
3645	37
3646	40
3647	53
3648	36
3649	41
3650	45
3651	45
3652	47
3653	26
3654	37
3655	31
3656	45
3657	33
3658	41
3659	50
3660	34
3661	39
3662	36
3663	41
3664	45
3665	33
3666	40
3667	42
3668	29
3669	31
3670	40
3671	42
3672	32
3673	45
3674	43
3675	48
3676	42
3677	48
3678	38
3679	48
3680	40
3681	35
3682	46
3683	37
3684	44
3685	49
3686	32
3687	46
3688	38
3689	36
3690	45
3691	46
3692	41
3693	39
3694	25
3695	41
3696	36
3697	29
3698	31
3699	49
3700	47
3701	58
3702	37
3703	38
3704	35
3705	36
3706	59
3707	45
3708	36
3709	32
3710	36
3711	43
3712	39
3713	40
3714	46
3715	45
3716	51
3717	49
3718	38
3719	44
3720	41
3721	33
3722	49
3723	47
3724	41
3725	43
3726	44
3727	31
3728	41
3729	37
3730	37
3731	36
3732	41
3733	36
3734	35
3735	33
3736	55
3737	54
3738	54
3739	47
3740	55
3741	68
3742	63
3743	66
3744	60
3745	64
3746	47
3747	41
3748	42
3749	50
3750	33
3751	40
3752	44
3753	34
3754	38
3755	40
3756	37
3757	38
3758	38
3759	33
3760	34
3761	47
3762	30
3763	47
3764	48
3765	36
3766	37
3767	30
3768	36
3769	35
3770	38
3771	40
3772	42
3773	34
3774	43
3775	49
3776	35
3777	34
3778	31
3779	32
3780	44
3781	46
3782	35
3783	44
3784	38
3785	39
3786	28
3787	59
3788	42
3789	40
3790	41
3791	34
3792	35
3793	34
3794	33
3795	40
3796	39
3797	35
3798	32
3799	30
3800	39
3801	34
3802	37
3803	27
3804	35
3805	38
3806	24
3807	31
3808	39
3809	43
3810	40
3811	35
3812	44
3813	38
3814	45
3815	38
3816	40
3817	39
3818	44
3819	49
3820	40
3821	32
3822	35
3823	46
3824	44
3825	31
3826	47
3827	38
3828	31
3829	41
3830	38
3831	42
3832	33
3833	33
3834	38
3835	36
3836	32
3837	35
3838	34
3839	26
3840	39
3841	49
3842	42
3843	41
3844	43
3845	32
3846	36
3847	34
3848	46
3849	35
3850	34
3851	46
3852	35
3853	36
3854	42
3855	27
3856	34
3857	36
3858	31
3859	36
3860	36
3861	43
3862	40
3863	36
3864	49
3865	33
3866	35
3867	37
3868	38
3869	40
3870	38
3871	33
3872	40
3873	40
3874	34
3875	34
3876	33
3877	31
3878	37
3879	43
3880	43
3881	30
3882	36
3883	35
3884	37
3885	35
3886	48
3887	40
3888	42
3889	48
3890	36
3891	45
3892	40
3893	40
3894	27
3895	29
3896	36
3897	36
3898	39
3899	37
3900	34
3901	38
3902	25
3903	35
3904	33
3905	32
3906	45
3907	42
3908	43
3909	29
3910	41
3911	28
3912	43
3913	38
3914	34
3915	39
3916	41
3917	34
3918	32
3919	43
3920	42
3921	49
3922	41
3923	33
3924	33
3925	35
3926	47
3927	34
3928	33
3929	51
3930	34
3931	25
3932	42
3933	27
3934	36
3935	37
3936	40
3937	42
3938	37
3939	31
3940	35
3941	36
3942	51
3943	38
3944	35
3945	41
3946	36
3947	49
3948	49
3949	39
3950	51
3951	37
3952	53
3953	46
3954	52
3955	56
3956	59
3957	52
3958	52
3959	44
3960	47
3961	36
3962	35
3963	44
3964	28
3965	45
3966	43
3967	38
3968	42
3969	33
3970	44
3971	40
3972	38
3973	45
3974	49
3975	30
3976	44
3977	29
3978	32
3979	31
3980	26
3981	39
3982	34
3983	45
3984	31
3985	32
3986	37
3987	36
3988	44
3989	36
3990	42
3991	36
3992	36
3993	41
3994	40
3995	40
3996	37
3997	27
3998	44
3999	40
4000	39
4001	33
4002	22
4003	33
4004	37
4005	41
4006	49
4007	37
4008	39
4009	35
4010	26
4011	32
4012	27
4013	39
4014	27
4015	30
4016	49
4017	32
4018	39
4019	29
4020	36
4021	22
4022	44
4023	43
4024	34
4025	42
4026	30
4027	35
4028	28
4029	34
4030	31
4031	54
4032	35
4033	29
4034	31
4035	27
4036	32
4037	41
4038	39
4039	44
4040	43
4041	44
4042	47
4043	40
4044	33
4045	46
4046	43
4047	33
4048	30
4049	36
4050	40
4051	32
4052	33
4053	37
4054	33
4055	37
4056	33
4057	32
4058	27
4059	30
4060	35
4061	33
4062	26
4063	34
4064	33
4065	34
4066	25
4067	21
4068	38
4069	27
4070	30
4071	34
4072	30
4073	30
4074	30
4075	29
4076	21
4077	32
4078	36
4079	34
4080	33
4081	40
4082	31
4083	39
4084	41
4085	22
4086	49
4087	41
4088	52
4089	51
4090	51
4091	43
4092	45
4093	49
4094	43
4095	47
4096	44
4097	39
4098	24
4099	29
4100	28
4101	33
4102	37
4103	33
4104	41
4105	29
4106	27
4107	28
4108	28
4109	30
4110	38
4111	31
4112	29
4113	37
4114	32
4115	36
4116	39
4117	33
4118	27
4119	27
4120	27
4121	34
4122	32
4123	30
4124	44
4125	30
4126	30
4127	31
4128	38
4129	30
4130	29
4131	48
4132	33
4133	33
4134	39
4135	30
4136	46
4137	40
4138	36
4139	27
4140	30
4141	36
4142	47
4143	32
4144	29
4145	23
4146	35
4147	36
4148	27
4149	34
4150	35
4151	39
4152	40
4153	32
4154	40
4155	34
4156	54
4157	32
4158	27
4159	33
4160	38
4161	31
4162	25
4163	40
4164	36
4165	31
4166	40
4167	36
4168	37
4169	38
4170	26
4171	36
4172	33
4173	38
4174	40
4175	30
4176	31
4177	36
4178	33
4179	35
4180	31
4181	39
4182	40
4183	19
4184	31
4185	25
4186	43
4187	28
4188	32
4189	32
4190	33
4191	31
4192	38
4193	29
4194	34
4195	26
4196	39
4197	37
4198	25
4199	24
4200	24
4201	27
4202	32
4203	25
4204	41
4205	27
4206	28
4207	24
4208	28
4209	26
4210	42
4211	36
4212	24
4213	30
4214	38
4215	26
4216	40
4217	30
4218	36
4219	39
4220	31
4221	29
4222	26
4223	40
4224	30
4225	29
4226	27
4227	41
4228	28
4229	33
4230	32
4231	31
4232	33
4233	36
4234	27
4235	31
4236	33
4237	24
4238	29
4239	35
4240	31
4241	27
4242	35
4243	38
4244	24
4245	30
4246	25
4247	32
4248	30
4249	28
4250	43
4251	35
4252	44
4253	36
4254	25
4255	40
4256	25
4257	33
4258	35
4259	43
4260	30
4261	32
4262	41
4263	34
4264	39
4265	29
4266	29
4267	37
4268	35
4269	36
4270	38
4271	44
4272	27
4273	30
4274	30
4275	24
4276	27
4277	33
4278	28
4279	23
4280	31
4281	30
4282	33
4283	25
4284	30
4285	37
4286	38
4287	38
4288	36
4289	38
4290	35
4291	35
4292	25
4293	36
4294	31
4295	28
4296	43
4297	36
4298	23
4299	26
4300	39
4301	35
4302	34
4303	31
4304	31
4305	34
4306	36
4307	24
4308	27
4309	32
4310	38
4311	34
4312	27
4313	27
4314	38
4315	18
4316	33
4317	39
4318	25
4319	29
4320	35
4321	32
4322	39
4323	40
4324	34
4325	35
4326	36
4327	29
4328	27
4329	38
4330	33
4331	29
4332	35
4333	40
4334	28
4335	32
4336	24
4337	25
4338	27
4339	33
4340	27
4341	32
4342	31
4343	27
4344	21
4345	25
4346	37
4347	27
4348	29
4349	35
4350	38
4351	32
4352	29
4353	32
4354	31
4355	25
4356	33
4357	31
4358	23
4359	34
4360	32
4361	28
4362	34
4363	31
4364	27
4365	28
4366	42
4367	24
4368	31
4369	23
4370	31
4371	33
4372	32
4373	27
4374	27
4375	26
4376	24
4377	34
4378	28
4379	25
4380	40
4381	26
4382	25
4383	24
4384	28
4385	24
4386	25
4387	31
4388	31
4389	24
4390	24
4391	25
4392	27
4393	31
4394	33
4395	36
4396	33
4397	36
4398	20
4399	9
4400	28
4401	35
4402	34
4403	27
4404	36
4405	26
4406	27
4407	26
4408	29
4409	21
4410	31
4411	34
4412	31
4413	27
4414	27
4415	26
4416	20
4417	22
4418	35
4419	31
4420	45
4421	30
4422	24
4423	48
4424	25
4425	33
4426	41
4427	39
4428	37
4429	43
4430	43
4431	46
4432	35
4433	38
4434	43
4435	24
4436	41
4437	35
4438	26
4439	26
4440	39
4441	29
4442	29
4443	23
4444	24
4445	27
4446	19
4447	29
4448	27
4449	24
4450	24
4451	27
4452	18
4453	32
4454	34
4455	33
4456	30
4457	30
4458	36
4459	23
4460	32
4461	25
4462	27
4463	29
4464	37
4465	27
4466	26
4467	25
4468	25
4469	30
4470	20
4471	25
4472	21
4473	32
4474	23
4475	36
4476	42
4477	33
4478	32
4479	35
4480	33
4481	27
4482	21
4483	31
4484	41
4485	24
4486	25
4487	26
4488	36
4489	37
4490	33
4491	36
4492	39
4493	24
4494	43
4495	33
4496	22
4497	37
4498	23
4499	29
4500	33
4501	24
4502	36
4503	27
4504	34
4505	30
4506	40
4507	37
4508	25
4509	40
4510	33
4511	36
4512	31
4513	26
4514	25
4515	24
4516	25
4517	28
4518	37
4519	30
4520	23
4521	22
4522	30
4523	34
4524	26
4525	26
4526	40
4527	27
4528	25
4529	29
4530	33
4531	18
4532	31
4533	27
4534	29
4535	22
4536	31
4537	25
4538	29
4539	30
4540	37
4541	33
4542	27
4543	23
4544	39
4545	30
4546	31
4547	21
4548	27
4549	30
4550	34
4551	27
4552	27
4553	31
4554	26
4555	29
4556	27
4557	42
4558	30
4559	38
4560	26
4561	30
4562	25
4563	33
4564	31
4565	23
4566	34
4567	31
4568	33
4569	19
4570	33
4571	31
4572	27
4573	36
4574	34
4575	28
4576	17
4577	34
4578	28
4579	39
4580	26
4581	24
4582	30
4583	22
4584	25
4585	31
4586	33
4587	40
4588	30
4589	29
4590	23
4591	29
4592	34
4593	36
4594	30
4595	24
4596	32
4597	20
4598	26
4599	29
4600	28
4601	31
4602	18
4603	34
4604	25
4605	26
4606	21
4607	26
4608	23
4609	31
4610	29
4611	37
4612	26
4613	24
4614	34
4615	27
4616	23
4617	25
4618	36
4619	25
4620	35
4621	29
4622	26
4623	27
4624	33
4625	26
4626	29
4627	27
4628	36
4629	26
4630	30
4631	25
4632	22
4633	16
4634	33
4635	35
4636	28
4637	38
4638	33
4639	25
4640	24
4641	18
4642	38
4643	24
4644	20
4645	26
4646	31
4647	34
4648	26
4649	24
4650	27
4651	30
4652	30
4653	32
4654	42
4655	25
4656	33
4657	26
4658	29
4659	29
4660	32
4661	28
4662	29
4663	31
4664	26
4665	23
4666	31
4667	36
4668	29
4669	18
4670	28
4671	22
4672	34
4673	25
4674	23
4675	31
4676	28
4677	35
4678	25
4679	29
4680	33
4681	30
4682	33
4683	32
4684	24
4685	43
4686	39
4687	54
4688	51
4689	71
4690	82
4691	79
4692	85
4693	86
4694	74
4695	84
4696	87
4697	103
4698	78
4699	63
4700	55
4701	61
4702	32
4703	30
4704	30
4705	33
4706	30
4707	17
4708	26
4709	35
4710	33
4711	21
4712	26
4713	22
4714	30
4715	39
4716	34
4717	35
4718	27
4719	36
4720	26
4721	29
4722	24
4723	24
4724	16
4725	21
4726	36
4727	30
4728	28
4729	24
4730	21
4731	36
4732	22
4733	23
4734	22
4735	28
4736	18
4737	34
4738	20
4739	30
4740	21
4741	33
4742	31
4743	23
4744	29
4745	28
4746	26
4747	19
4748	32
4749	29
4750	20
4751	33
4752	20
4753	29
4754	28
4755	23
4756	25
4757	18
4758	28
4759	25
4760	26
4761	25
4762	34
4763	19
4764	27
4765	28
4766	24
4767	21
4768	24
4769	17
4770	21
4771	28
4772	32
4773	17
4774	34
4775	33
4776	24
4777	32
4778	29
4779	34
4780	19
4781	20
4782	28
4783	24
4784	26
4785	13
4786	21
4787	22
4788	33
4789	20
4790	37
4791	27
4792	21
4793	30
4794	35
4795	18
4796	24
4797	21
4798	25
4799	17
4800	32
4801	27
4802	28
4803	22
4804	26
4805	35
4806	31
4807	38
4808	35
4809	19
4810	39
4811	31
4812	31
4813	36
4814	37
4815	32
4816	31
4817	33
4818	32
4819	26
4820	27
4821	31
4822	40
4823	21
4824	22
4825	23
4826	26
4827	34
4828	36
4829	26
4830	23
4831	29
4832	29
4833	23
4834	23
4835	39
4836	27
4837	29
4838	27
4839	21
4840	26
4841	28
4842	31
4843	27
4844	32
4845	32
4846	27
4847	24
4848	24
4849	18
4850	29
4851	29
4852	21
4853	27
4854	24
4855	24
4856	28
4857	21
4858	23
4859	29
4860	23
4861	35
4862	30
4863	29
4864	27
4865	31
4866	24
4867	17
4868	43
4869	21
4870	27
4871	19
4872	25
4873	12
4874	33
4875	31
4876	21
4877	23
4878	24
4879	27
4880	30
4881	31
4882	30
4883	29
4884	32
4885	33
4886	40
4887	33
4888	30
4889	32
4890	25
4891	26
4892	34
4893	33
4894	30
4895	41
4896	26
4897	21
4898	30
4899	29
4900	29
4901	23
4902	19
4903	20
4904	29
4905	22
4906	21
4907	29
4908	23
4909	34
4910	24
4911	21
4912	37
4913	24
4914	20
4915	27
4916	20
4917	24
4918	23
4919	30
4920	35
4921	26
4922	13
4923	29
4924	23
4925	25
4926	20
4927	30
4928	28
4929	24
4930	31
4931	28
4932	15
4933	25
4934	30
4935	32
4936	24
4937	25
4938	26
4939	30
4940	25
4941	26
4942	30
4943	41
4944	27
4945	29
4946	22
4947	30
4948	24
4949	31
4950	23
4951	17
4952	27
4953	16
4954	30
4955	25
4956	25
4957	18
4958	27
4959	19
4960	31
4961	24
4962	28
4963	32
4964	30
4965	34
4966	33
4967	43
4968	30
4969	36
4970	37
4971	37
4972	43
4973	38
4974	37
4975	37
4976	29
4977	23
4978	29
4979	30
4980	23
4981	27
4982	23
4983	31
4984	32
4985	36
4986	41
4987	31
4988	47
4989	55
4990	49
4991	64
4992	72
4993	67
4994	59
4995	64
4996	71
4997	49
4998	57
4999	47
5000	35
5001	27
5002	29
5003	27
5004	24
5005	22
5006	23
5007	19
5008	19
5009	23
5010	23
5011	25
5012	24
5013	27
5014	28
5015	20
5016	28
5017	20
5018	22
5019	29
5020	27
5021	23
5022	24
5023	23
5024	23
5025	20
5026	21
5027	25
5028	24
5029	28
5030	31
5031	18
5032	17
5033	31
5034	21
5035	33
5036	21
5037	24
5038	27
5039	20
5040	24
5041	26
5042	26
5043	24
5044	22
5045	21
5046	28
5047	26
5048	34
5049	30
5050	21
5051	16
5052	26
5053	34
5054	24
5055	31
5056	21
5057	21
5058	27
5059	25
5060	19
5061	38
5062	24
5063	28
5064	24
5065	27
5066	26
5067	27
5068	18
5069	24
5070	26
5071	26
5072	27
5073	27
5074	22
5075	39
5076	28
5077	26
5078	28
5079	26
5080	20
5081	24
5082	30
5083	26
5084	19
5085	30
5086	21
5087	24
5088	36
5089	21
5090	20
5091	31
5092	22
5093	20
5094	32
5095	20
5096	30
5097	26
5098	24
5099	31
5100	19
5101	22
5102	24
5103	30
5104	20
5105	20
5106	25
5107	24
5108	29
5109	18
5110	20
5111	15
5112	19
5113	30
5114	23
5115	20
5116	19
5117	20
5118	17
5119	24
5120	29
5121	27
5122	23
5123	27
5124	27
5125	22
5126	34
5127	25
5128	24
5129	25
5130	23
5131	26
5132	25
5133	22
5134	24
5135	30
5136	29
5137	26
5138	29
5139	23
5140	24
5141	32
5142	32
5143	26
5144	21
5145	32
5146	25
5147	20
5148	27
5149	26
5150	31
5151	38
5152	29
5153	28
5154	25
5155	22
5156	23
5157	23
5158	28
5159	29
5160	32
5161	26
5162	23
5163	31
5164	28
5165	31
5166	29
5167	22
5168	27
5169	21
5170	26
5171	23
5172	24
5173	24
5174	29
5175	25
5176	23
5177	26
5178	33
5179	16
5180	32
5181	26
5182	22
5183	21
5184	22
5185	31
5186	27
5187	34
5188	21
5189	31
5190	21
5191	24
5192	26
5193	28
5194	25
5195	33
5196	29
5197	28
5198	21
5199	30
5200	33
5201	27
5202	24
5203	22
5204	12
5205	23
5206	25
5207	19
5208	20
5209	27
5210	18
5211	19
5212	31
5213	20
5214	19
5215	18
5216	29
5217	23
5218	41
5219	22
5220	17
5221	28
5222	32
5223	24
5224	20
5225	31
5226	24
5227	21
5228	28
5229	25
5230	23
5231	26
5232	22
5233	23
5234	26
5235	21
5236	23
5237	25
5238	16
5239	14
5240	28
5241	23
5242	14
5243	32
5244	22
5245	22
5246	14
5247	21
5248	26
5249	25
5250	22
5251	26
5252	27
5253	27
5254	21
5255	20
5256	24
5257	23
5258	24
5259	27
5260	27
5261	29
5262	27
5263	15
5264	28
5265	18
5266	27
5267	18
5268	17
5269	21
5270	22
5271	29
5272	24
5273	38
5274	27
5275	25
5276	23
5277	24
5278	25
5279	30
5280	30
5281	26
5282	23
5283	15
5284	18
5285	24
5286	22
5287	14
5288	26
5289	18
5290	24
5291	14
5292	26
5293	18
5294	17
5295	19
5296	17
5297	26
5298	31
5299	15
5300	18
5301	12
5302	26
5303	35
5304	27
5305	26
5306	17
5307	20
5308	27
5309	31
5310	27
5311	24
5312	24
5313	31
5314	30
5315	24
5316	28
5317	19
5318	20
5319	26
5320	23
5321	20
5322	23
5323	23
5324	23
5325	27
5326	24
5327	25
5328	26
5329	22
5330	26
5331	22
5332	20
5333	22
5334	13
5335	20
5336	21
5337	16
5338	24
5339	22
5340	34
5341	35
5342	15
5343	16
5344	32
5345	19
5346	20
5347	22
5348	25
5349	25
5350	21
5351	17
5352	26
5353	18
5354	18
5355	28
5356	33
5357	22
5358	26
5359	21
5360	17
5361	21
5362	22
5363	28
5364	25
5365	22
5366	20
5367	18
5368	29
5369	23
5370	26
5371	19
5372	31
5373	34
5374	25
5375	10
5376	28
5377	15
5378	20
5379	26
5380	23
5381	24
5382	21
5383	17
5384	19
5385	23
5386	28
5387	22
5388	17
5389	23
5390	29
5391	21
5392	22
5393	34
5394	26
5395	24
5396	27
5397	25
5398	20
5399	18
5400	15
5401	23
5402	12
5403	25
5404	15
5405	28
5406	20
5407	20
5408	25
5409	24
5410	21
5411	25
5412	27
5413	15
5414	22
5415	24
5416	16
5417	23
5418	26
5419	22
5420	13
5421	22
5422	20
5423	22
5424	30
5425	26
5426	26
5427	20
5428	24
5429	27
5430	22
5431	22
5432	31
5433	16
5434	18
5435	28
5436	24
5437	23
5438	24
5439	21
5440	21
5441	17
5442	14
5443	24
5444	18
5445	22
5446	22
5447	21
5448	27
5449	25
5450	21
5451	20
5452	24
5453	22
5454	20
5455	20
5456	27
5457	16
5458	20
5459	26
5460	25
5461	23
5462	12
5463	25
5464	22
5465	19
5466	19
5467	21
5468	18
5469	27
5470	24
5471	17
5472	22
5473	33
5474	28
5475	29
5476	16
5477	18
5478	29
5479	29
5480	22
5481	28
5482	34
5483	21
5484	23
5485	21
5486	24
5487	23
5488	23
5489	28
5490	20
5491	20
5492	25
5493	29
5494	18
5495	31
5496	23
5497	28
5498	16
5499	15
5500	23
5501	29
5502	15
5503	22
5504	26
5505	24
5506	23
5507	29
5508	19
5509	24
5510	16
5511	25
5512	26
5513	28
5514	26
5515	16
5516	17
5517	15
5518	25
5519	20
5520	19
5521	30
5522	18
5523	18
5524	19
5525	26
5526	21
5527	32
5528	16
5529	24
5530	31
5531	32
5532	30
5533	16
5534	10
5535	24
5536	13
5537	24
5538	29
5539	26
5540	29
5541	22
5542	16
5543	23
5544	10
5545	20
5546	25
5547	21
5548	27
5549	37
5550	21
5551	20
5552	25
5553	26
5554	25
5555	19
5556	25
5557	20
5558	22
5559	26
5560	17
5561	24
5562	20
5563	25
5564	19
5565	15
5566	35
5567	20
5568	23
5569	32
5570	19
5571	13
5572	13
5573	20
5574	29
5575	20
5576	22
5577	20
5578	26
5579	18
5580	17
5581	20
5582	25
5583	31
5584	24
5585	30
5586	19
5587	25
5588	16
5589	30
5590	15
5591	14
5592	16
5593	27
5594	20
5595	25
5596	20
5597	22
5598	19
5599	36
5600	10
5601	19
5602	28
5603	24
5604	19
5605	19
5606	18
5607	23
5608	22
5609	20
5610	24
5611	24
5612	15
5613	31
5614	23
5615	15
5616	18
5617	22
5618	17
5619	33
5620	18
5621	25
5622	22
5623	25
5624	22
5625	12
5626	17
5627	18
5628	20
5629	15
5630	22
5631	23
5632	32
5633	13
5634	20
5635	24
5636	28
5637	18
5638	27
5639	23
5640	34
5641	21
5642	16
5643	20
5644	18
5645	24
5646	23
5647	23
5648	19
5649	23
5650	20
5651	26
5652	26
5653	25
5654	25
5655	33
5656	19
5657	27
5658	16
5659	26
5660	27
5661	25
5662	28
5663	27
5664	27
5665	29
5666	19
5667	21
5668	26
5669	24
5670	22
5671	19
5672	21
5673	19
5674	32
5675	21
5676	24
5677	18
5678	26
5679	39
5680	32
5681	19
5682	22
5683	26
5684	21
5685	20
5686	22
5687	21
5688	19
5689	29
5690	24
5691	30
5692	28
5693	19
5694	22
5695	15
5696	16
5697	22
5698	24
5699	22
5700	22
5701	15
5702	18
5703	25
5704	14
5705	28
5706	17
5707	16
5708	27
5709	16
5710	22
5711	25
5712	21
5713	19
5714	20
5715	24
5716	25
5717	16
5718	16
5719	21
5720	15
5721	20
5722	22
5723	28
5724	16
5725	21
5726	24
5727	23
5728	19
5729	26
5730	22
5731	22
5732	34
5733	25
5734	23
5735	25
5736	17
5737	21
5738	28
5739	17
5740	20
5741	30
5742	22
5743	27
5744	21
5745	20
5746	27
5747	14
5748	16
5749	23
5750	21
5751	26
5752	21
5753	23
5754	21
5755	23
5756	26
5757	20
5758	29
5759	16
5760	23
5761	26
5762	21
5763	22
5764	21
5765	27
5766	20
5767	30
5768	25
5769	23
5770	27
5771	40
5772	45
5773	66
5774	48
5775	61
5776	53
5777	63
5778	69
5779	60
5780	52
5781	32
5782	38
5783	34
5784	24
5785	35
5786	30
5787	16
5788	21
5789	26
5790	20
5791	29
5792	10
5793	25
5794	25
5795	26
5796	17
5797	22
5798	19
5799	25
5800	21
5801	20
5802	24
5803	29
5804	18
5805	20
5806	21
5807	25
5808	25
5809	21
5810	26
5811	26
5812	17
5813	19
5814	25
5815	17
5816	23
5817	25
5818	14
5819	20
5820	23
5821	23
5822	24
5823	21
5824	22
5825	23
5826	18
5827	24
5828	24
5829	20
5830	34
5831	32
5832	24
5833	30
5834	23
5835	24
5836	27
5837	21
5838	28
5839	19
5840	19
5841	23
5842	22
5843	24
5844	21
5845	27
5846	21
5847	23
5848	23
5849	31
5850	21
5851	28
5852	25
5853	18
5854	19
5855	21
5856	21
5857	16
5858	25
5859	18
5860	18
5861	19
5862	31
5863	22
5864	22
5865	17
5866	22
5867	14
5868	20
5869	21
5870	22
5871	16
5872	18
5873	15
5874	29
5875	20
5876	22
5877	17
5878	26
5879	23
5880	30
5881	30
5882	16
5883	18
5884	17
5885	21
5886	28
5887	25
5888	26
5889	24
5890	41
5891	18
5892	18
5893	14
5894	34
5895	26
5896	17
5897	20
5898	22
5899	21
5900	33
5901	26
5902	28
5903	21
5904	18
5905	26
5906	32
5907	22
5908	21
5909	18
5910	22
5911	22
5912	26
5913	15
5914	15
5915	17
5916	15
5917	33
5918	20
5919	26
5920	21
5921	19
5922	22
5923	24
5924	20
5925	22
5926	21
5927	18
5928	20
5929	30
5930	27
5931	24
5932	20
5933	18
5934	20
5935	16
5936	19
5937	24
5938	21
5939	23
5940	29
5941	16
5942	31
5943	19
5944	30
5945	22
5946	17
5947	12
5948	24
5949	24
5950	18
5951	27
5952	29
5953	22
5954	25
5955	24
5956	24
5957	28
5958	34
5959	32
5960	21
5961	31
5962	17
5963	25
5964	22
5965	18
5966	20
5967	18
5968	21
5969	18
5970	20
5971	23
5972	23
5973	26
5974	26
5975	16
5976	20
5977	23
5978	25
5979	21
5980	20
5981	21
5982	27
5983	25
5984	21
5985	22
5986	19
5987	22
5988	20
5989	20
5990	24
5991	17
5992	17
5993	25
5994	29
5995	28
5996	23
5997	21
5998	17
5999	25
6000	23
6001	23
6002	32
6003	17
6004	25
6005	21
6006	20
6007	23
6008	24
6009	22
6010	20
6011	24
6012	25
6013	15
6014	25
6015	20
6016	16
6017	25
6018	30
6019	20
6020	19
6021	22
6022	21
6023	29
6024	17
6025	22
6026	16
6027	21
6028	29
6029	23
6030	24
6031	19
6032	18
6033	21
6034	29
6035	22
6036	24
6037	23
6038	17
6039	19
6040	19
6041	16
6042	24
6043	23
6044	14
6045	24
6046	14
6047	29
6048	23
6049	23
6050	34
6051	14
6052	21
6053	14
6054	22
6055	19
6056	17
6057	19
6058	19
6059	25
6060	24
6061	21
6062	22
6063	19
6064	29
6065	22
6066	19
6067	24
6068	26
6069	22
6070	24
6071	13
6072	24
6073	33
6074	25
6075	24
6076	20
6077	17
6078	22
6079	32
6080	26
6081	31
6082	13
6083	17
6084	19
6085	22
6086	25
6087	20
6088	19
6089	24
6090	17
6091	13
6092	34
6093	20
6094	22
6095	18
6096	30
6097	21
6098	27
6099	20
6100	20
6101	17
6102	28
6103	22
6104	21
6105	31
6106	21
6107	24
6108	18
6109	19
6110	26
6111	21
6112	22
6113	29
6114	27
6115	21
6116	32
6117	20
6118	20
6119	30
6120	27
6121	23
6122	25
6123	24
6124	17
6125	18
6126	24
6127	15
6128	14
6129	22
6130	22
6131	18
6132	20
6133	18
6134	23
6135	29
6136	29
6137	20
6138	28
6139	23
6140	18
6141	33
6142	21
6143	26
6144	20
6145	20
6146	25
6147	20
6148	15
6149	20
6150	27
6151	22
6152	22
6153	22
6154	27
6155	17
6156	32
6157	23
6158	17
6159	11
6160	22
6161	19
6162	22
6163	25
6164	25
6165	21
6166	19
6167	28
6168	28
6169	18
6170	28
6171	28
6172	21
6173	21
6174	26
6175	21
6176	18
6177	28
6178	29
6179	21
6180	25
6181	22
6182	23
6183	26
6184	17
6185	19
6186	14
6187	16
6188	21
6189	17
6190	35
6191	17
6192	32
6193	18
6194	9
6195	24
6196	18
6197	25
6198	15
6199	20
6200	23
6201	25
6202	22
6203	18
6204	22
6205	19
6206	24
6207	13
6208	20
6209	28
6210	19
6211	23
6212	30
6213	17
6214	17
6215	26
6216	26
6217	17
6218	16
6219	22
6220	23
6221	17
6222	17
6223	26
6224	16
6225	31
6226	33
6227	22
6228	14
6229	24
6230	32
6231	21
6232	21
6233	19
6234	22
6235	28
6236	24
6237	26
6238	21
6239	21
6240	30
6241	29
6242	17
6243	24
6244	24
6245	24
6246	25
6247	23
6248	19
6249	14
6250	24
6251	25
6252	32
6253	23
6254	24
6255	33
6256	16
6257	21
6258	22
6259	22
6260	34
6261	19
6262	17
6263	17
6264	24
6265	22
6266	18
6267	16
6268	21
6269	23
6270	24
6271	18
6272	18
6273	22
6274	17
6275	24
6276	19
6277	22
6278	26
6279	22
6280	24
6281	28
6282	32
6283	24
6284	22
6285	26
6286	22
6287	22
6288	19
6289	32
6290	21
6291	20
6292	24
6293	36
6294	19
6295	28
6296	24
6297	20
6298	18
6299	21
6300	25
6301	30
6302	22
6303	24
6304	23
6305	25
6306	27
6307	20
6308	21
6309	15
6310	24
6311	13
6312	21
6313	16
6314	16
6315	29
6316	35
6317	19
6318	28
6319	28
6320	28
6321	19
6322	28
6323	21
6324	23
6325	25
6326	27
6327	18
6328	26
6329	24
6330	25
6331	19
6332	30
6333	26
6334	22
6335	23
6336	25
6337	26
6338	24
6339	28
6340	14
6341	19
6342	18
6343	24
6344	19
6345	19
6346	33
6347	19
6348	28
6349	19
6350	19
6351	31
6352	19
6353	18
6354	28
6355	17
6356	27
6357	20
6358	19
6359	21
6360	28
6361	24
6362	19
6363	19
6364	16
6365	25
6366	22
6367	20
6368	27
6369	20
6370	30
6371	25
6372	27
6373	21
6374	29
6375	23
6376	27
6377	29
6378	25
6379	28
6380	27
6381	29
6382	35
6383	31
6384	30
6385	40
6386	29
6387	44
6388	44
6389	33
6390	28
6391	22
6392	29
6393	18
6394	26
6395	21
6396	29
6397	20
6398	21
6399	27
6400	29
6401	20
6402	23
6403	14
6404	20
6405	23
6406	17
6407	21
6408	23
6409	19
6410	20
6411	17
6412	20
6413	17
6414	22
6415	16
6416	19
6417	24
6418	22
6419	30
6420	21
6421	24
6422	19
6423	20
6424	27
6425	22
6426	18
6427	26
6428	24
6429	25
6430	26
6431	11
6432	19
6433	13
6434	22
6435	14
6436	16
6437	24
6438	12
6439	21
6440	26
6441	13
6442	17
6443	18
6444	15
6445	24
6446	19
6447	22
6448	17
6449	24
6450	22
6451	10
6452	19
6453	23
6454	16
6455	22
6456	13
6457	16
6458	11
6459	27
6460	20
6461	35
6462	12
6463	19
6464	22
6465	22
6466	22
6467	25
6468	19
6469	19
6470	24
6471	18
6472	25
6473	19
6474	12
6475	16
6476	24
6477	11
6478	20
6479	23
6480	16
6481	20
6482	17
6483	23
6484	12
6485	26
6486	16
6487	24
6488	15
6489	15
6490	19
6491	14
6492	19
6493	18
6494	13
6495	16
6496	18
6497	22
6498	17
6499	17
6500	23
6501	14
6502	17
6503	16
6504	25
6505	18
6506	21
6507	12
6508	22
6509	17
6510	17
6511	23
6512	17
6513	16
6514	19
6515	17
6516	14
6517	11
6518	20
6519	15
6520	21
6521	13
6522	17
6523	20
6524	11
6525	17
6526	10
6527	17
6528	15
6529	12
6530	21
6531	15
6532	15
6533	18
6534	19
6535	13
6536	13
6537	13
6538	18
6539	12
6540	15
6541	25
6542	16
6543	10
6544	22
6545	15
6546	16
6547	14
6548	20
6549	13
6550	15
6551	16
6552	22
6553	20
6554	11
6555	19
6556	8
6557	12
6558	14
6559	24
6560	29
6561	14
6562	16
6563	21
6564	15
6565	17
6566	10
6567	12
6568	20
6569	21
6570	12
6571	15
6572	13
6573	15
6574	15
6575	29
6576	14
6577	19
6578	17
6579	16
6580	16
6581	19
6582	17
6583	11
6584	14
6585	21
6586	20
6587	15
6588	14
6589	15
6590	19
6591	11
6592	14
6593	11
6594	14
6595	18
6596	15
6597	14
6598	12
6599	16
6600	11
6601	16
6602	16
6603	27
6604	18
6605	14
6606	20
6607	12
6608	18
6609	15
6610	16
6611	24
6612	12
6613	16
6614	24
6615	18
6616	12
6617	16
6618	16
6619	8
6620	19
6621	20
6622	22
6623	12
6624	14
6625	12
6626	21
6627	17
6628	13
6629	16
6630	21
6631	16
6632	15
6633	16
6634	16
6635	15
6636	9
6637	18
6638	13
6639	14
6640	16
6641	8
6642	14
6643	13
6644	14
6645	19
6646	11
6647	11
6648	11
6649	14
6650	15
6651	20
6652	17
6653	14
6654	21
6655	16
6656	17
6657	10
6658	17
6659	15
6660	15
6661	12
6662	20
6663	19
6664	17
6665	8
6666	17
6667	14
6668	9
6669	17
6670	16
6671	16
6672	10
6673	11
6674	11
6675	13
6676	10
6677	12
6678	12
6679	11
6680	13
6681	13
6682	10
6683	18
6684	10
6685	13
6686	11
6687	19
6688	15
6689	8
6690	17
6691	12
6692	11
6693	17
6694	26
6695	19
6696	11
6697	16
6698	12
6699	16
6700	13
6701	20
6702	14
6703	12
6704	8
6705	9
6706	8
6707	15
6708	18
6709	8
6710	14
6711	11
6712	15
6713	10
6714	16
6715	14
6716	12
6717	17
6718	16
6719	17
6720	15
6721	17
6722	10
6723	12
6724	17
6725	14
6726	13
6727	11
6728	8
6729	18
6730	15
6731	17
6732	12
6733	20
6734	12
6735	10
6736	14
6737	17
6738	15
6739	11
6740	21
6741	11
6742	13
6743	17
6744	15
6745	14
6746	17
6747	14
6748	13
6749	16
6750	14
6751	11
6752	15
6753	16
6754	16
6755	15
6756	13
6757	18
6758	10
6759	13
6760	11
6761	13
6762	1
6763	8
6764	9
6765	12
6766	12
6767	6
6768	12
6769	12
6770	13
6771	17
6772	12
6773	18
6774	11
6775	13
6776	18
6777	16
6778	9
6779	10
6780	22
6781	11
6782	14
6783	11
6784	11
6785	11
6786	13
6787	14
6788	10
6789	18
6790	16
6791	15
6792	12
6793	14
6794	18
6795	10
6796	18
6797	18
6798	10
6799	8
6800	11
6801	15
6802	18
6803	13
6804	12
6805	16
6806	14
6807	12
6808	15
6809	14
6810	12
6811	16
6812	11
6813	13
6814	13
6815	13
6816	8
6817	12
6818	16
6819	13
6820	9
6821	11
6822	12
6823	9
6824	11
6825	10
6826	13
6827	10
6828	8
6829	12
6830	14
6831	13
6832	9
6833	11
6834	9
6835	13
6836	13
6837	12
6838	13
6839	14
6840	14
6841	9
6842	16
6843	12
6844	16
6845	14
6846	15
6847	11
6848	12
6849	16
6850	6
6851	10
6852	12
6853	8
6854	13
6855	16
6856	10
6857	12
6858	5
6859	12
6860	11
6861	21
6862	10
6863	10
6864	14
6865	13
6866	9
6867	17
6868	17
6869	10
6870	10
6871	6
6872	14
6873	14
6874	7
6875	16
6876	9
6877	8
6878	19
6879	9
6880	9
6881	12
6882	14
6883	10
6884	7
6885	12
6886	17
6887	9
6888	10
6889	11
6890	14
6891	13
6892	12
6893	11
6894	9
6895	5
6896	13
6897	6
6898	14
6899	12
6900	9
6901	12
6902	12
6903	16
6904	14
6905	18
6906	11
6907	15
6908	13
6909	9
6910	10
6911	12
6912	19
6913	13
6914	12
6915	10
6916	11
6917	16
6918	12
6919	20
6920	12
6921	9
6922	8
6923	6
6924	5
6925	16
6926	13
6927	8
6928	16
6929	10
6930	11
6931	11
6932	10
6933	13
6934	9
6935	14
6936	13
6937	13
6938	10
6939	10
6940	9
6941	10
6942	13
6943	15
6944	8
6945	17
6946	8
6947	15
6948	11
6949	11
6950	11
6951	11
6952	15
6953	12
6954	17
6955	11
6956	13
6957	9
6958	14
6959	10
6960	2
6961	17
6962	9
6963	8
6964	10
6965	9
6966	11
6967	14
6968	13
6969	9
6970	5
6971	9
6972	15
6973	11
6974	11
6975	15
6976	15
6977	7
6978	14
6979	16
6980	16
6981	3
6982	12
6983	14
6984	14
6985	7
6986	13
6987	14
6988	11
6989	7
6990	10
6991	9
6992	12
6993	15
6994	14
6995	9
6996	13
6997	11
6998	7
6999	15
7000	9
7001	11
7002	7
7003	8
7004	10
7005	9
7006	9
7007	12
7008	9
7009	9
7010	8
7011	7
7012	4
7013	10
7014	11
7015	19
7016	8
7017	13
7018	14
7019	5
7020	8
7021	7
7022	9
7023	11
7024	12
7025	7
7026	7
7027	11
7028	14
7029	14
7030	10
7031	11
7032	7
7033	7
7034	6
7035	12
7036	8
7037	13
7038	13
7039	11
7040	10
7041	11
7042	4
7043	10
7044	9
7045	13
7046	8
7047	13
7048	10
7049	8
7050	5
7051	12
7052	21
7053	4
7054	12
7055	4
7056	12
7057	12
7058	12
7059	8
7060	13
7061	10
7062	9
7063	8
7064	10
7065	6
7066	15
7067	10
7068	7
7069	9
7070	18
7071	13
7072	8
7073	10
7074	8
7075	8
7076	13
7077	9
7078	9
7079	10
7080	9
7081	13
7082	13
7083	6
7084	7
7085	11
7086	9
7087	7
7088	15
7089	9
7090	9
7091	12
7092	7
7093	8
7094	12
7095	16
7096	13
7097	6
7098	12
7099	6
7100	10
7101	14
7102	15
7103	14
7104	21
7105	23
7106	13
7107	18
7108	23
7109	16
7110	19
7111	13
7112	28
7113	22
7114	20
7115	18
7116	4
7117	11
7118	13
7119	15
7120	12
7121	11
7122	6
7123	11
7124	7
7125	15
7126	8
7127	15
7128	10
7129	5
7130	10
7131	8
7132	11
7133	11
7134	16
7135	7
7136	13
7137	8
7138	9
7139	9
7140	9
7141	18
7142	8
7143	10
7144	10
7145	16
7146	7
7147	12
7148	13
7149	14
7150	17
7151	5
7152	13
7153	10
7154	9
7155	17
7156	7
7157	7
7158	13
7159	8
7160	9
7161	17
7162	11
7163	8
7164	11
7165	11
7166	10
7167	10
7168	12
7169	18
7170	10
7171	10
7172	6
7173	14
7174	9
7175	6
7176	6
7177	12
7178	11
7179	9
7180	9
7181	12
7182	7
7183	10
7184	9
7185	9
7186	15
7187	10
7188	8
7189	13
7190	6
7191	7
7192	11
7193	6
7194	8
7195	12
7196	6
7197	9
7198	6
7199	9
7200	12
7201	7
7202	7
7203	7
7204	9
7205	11
7206	12
7207	9
7208	6
7209	8
7210	11
7211	11
7212	9
7213	6
7214	11
7215	9
7216	9
7217	5
7218	8
7219	6
7220	11
7221	7
7222	7
7223	16
7224	12
7225	7
7226	10
7227	15
7228	10
7229	15
7230	14
7231	12
7232	9
7233	19
7234	16
7235	13
7236	13
7237	11
7238	9
7239	18
7240	13
7241	16
7242	13
7243	10
7244	9
7245	11
7246	6
7247	10
7248	8
7249	6
7250	9
7251	10
7252	9
7253	16
7254	12
7255	12
7256	11
7257	14
7258	10
7259	9
7260	15
7261	14
7262	14
7263	14
7264	20
7265	17
7266	21
7267	12
7268	21
7269	13
7270	11
7271	7
7272	19
7273	9
7274	13
7275	6
7276	8
7277	11
7278	8
7279	5
7280	14
7281	11
7282	6
7283	12
7284	12
7285	15
7286	10
7287	8
7288	12
7289	5
7290	11
7291	5
7292	6
7293	14
7294	5
7295	6
7296	10
7297	15
7298	6
7299	4
7300	7
7301	7
7302	7
7303	11
7304	8
7305	8
7306	6
7307	7
7308	5
7309	8
7310	7
7311	12
7312	8
7313	4
7314	6
7315	9
7316	6
7317	6
7318	5
7319	8
7320	7
7321	9
7322	5
7323	7
7324	4
7325	8
7326	9
7327	7
7328	7
7329	11
7330	6
7331	8
7332	6
7333	13
7334	9
7335	7
7336	6
7337	11
7338	11
7339	6
7340	6
7341	11
7342	12
7343	10
7344	9
7345	8
7346	4
7347	8
7348	9
7349	6
7350	11
7351	7
7352	12
7353	7
7354	4
7355	10
7356	8
7357	13
7358	11
7359	8
7360	9
7361	9
7362	11
7363	8
7364	10
7365	7
7366	7
7367	11
7368	8
7369	7
7370	4
7371	5
7372	8
7373	7
7374	10
7375	7
7376	11
7377	10
7378	9
7379	5
7380	12
7381	10
7382	12
7383	7
7384	16
7385	15
7386	10
7387	13
7388	11
7389	12
7390	8
7391	8
7392	10
7393	11
7394	9
7395	12
7396	5
7397	12
7398	7
7399	5
7400	11
7401	4
7402	6
7403	2
7404	8
7405	12
7406	13
7407	7
7408	13
7409	16
7410	8
7411	6
7412	9
7413	9
7414	12
7415	4
7416	9
7417	11
7418	7
7419	9
7420	9
7421	8
7422	8
7423	13
7424	7
7425	11
7426	9
7427	5
7428	10
7429	9
7430	6
7431	12
7432	6
7433	8
7434	9
7435	8
7436	4
7437	11
7438	6
7439	10
7440	9
7441	6
7442	8
7443	13
7444	2
7445	8
7446	6
7447	10
7448	12
7449	4
7450	6
7451	10
7452	6
7453	11
7454	9
7455	10
7456	12
7457	11
7458	5
7459	7
7460	10
7461	14
7462	9
7463	16
7464	7
7465	8
7466	8
7467	11
7468	9
7469	9
7470	7
7471	8
7472	8
7473	11
7474	13
7475	9
7476	7
7477	7
7478	12
7479	5
7480	15
7481	13
7482	6
7483	9
7484	11
7485	7
7486	10
7487	8
7488	8
7489	7
7490	12
7491	9
7492	9
7493	7
7494	14
7495	6
7496	12
7497	8
7498	9
7499	10
7500	11
7501	6
7502	9
7503	15
7504	10
7505	12
7506	3
7507	11
7508	12
7509	11
7510	10
7511	12
7512	11
7513	4
7514	8
7515	8
7516	12
7517	5
7518	11
7519	9
7520	15
7521	17
7522	18
7523	16
7524	22
7525	27
7526	28
7527	43
7528	58
7529	71
7530	97
7531	152
7532	179
7533	233
7534	314
7535	381
7536	463
7537	578
7538	563
7539	650
7540	535
7541	508
7542	438
7543	404
7544	295
7545	219
7546	145
7547	109
7548	61
7549	37
7550	25
7551	17
7552	8
7553	8
7554	6
7555	10
7556	4
7557	6
7558	9
7559	8
7560	4
7561	8
7562	5
7563	5
7564	9
7565	4
7566	5
7567	6
7568	7
7569	10
7570	7
7571	10
7572	8
7573	11
7574	5
7575	2
7576	7
7577	5
7578	6
7579	4
7580	6
7581	4
7582	8
7583	7
7584	11
7585	6
7586	5
7587	8
7588	5
7589	4
7590	7
7591	5
7592	6
7593	6
7594	9
7595	8
7596	5
7597	5
7598	3
7599	6
7600	5
7601	3
7602	1
7603	1
7604	5
7605	6
7606	5
7607	8
7608	5
7609	4
7610	4
7611	3
7612	6
7613	5
7614	4
7615	7
7616	5
7617	3
7618	6
7619	5
7620	7
7621	2
7622	4
7623	3
7624	5
7625	6
7626	0
7627	6
7628	2
7629	3
7630	5
7631	6
7632	7
7633	3
7634	3
7635	10
7636	5
7637	8
7638	3
7639	4
7640	4
7641	6
7642	4
7643	9
7644	7
7645	3
7646	2
7647	4
7648	7
7649	6
7650	3
7651	4
7652	2
7653	5
7654	8
7655	7
7656	9
7657	6
7658	4
7659	9
7660	5
7661	4
7662	7
7663	2
7664	5
7665	4
7666	7
7667	5
7668	9
7669	4
7670	8
7671	2
7672	8
7673	3
7674	7
7675	6
7676	9
7677	7
7678	9
7679	2
7680	4
7681	9
7682	10
7683	7
7684	7
7685	10
7686	8
7687	1
7688	8
7689	9
7690	6
7691	5
7692	6
7693	2
7694	1
7695	5
7696	4
7697	7
7698	5
7699	4
7700	5
7701	7
7702	4
7703	6
7704	12
7705	6
7706	5
7707	4
7708	5
7709	4
7710	3
7711	10
7712	7
7713	7
7714	6
7715	11
7716	8
7717	12
7718	9
7719	11
7720	9
7721	8
7722	9
7723	8
7724	6
7725	4
7726	8
7727	7
7728	7
7729	7
7730	4
7731	7
7732	3
7733	8
7734	5
7735	4
7736	6
7737	9
7738	10
7739	9
7740	4
7741	8
7742	6
7743	9
7744	3
7745	1
7746	4
7747	7
7748	6
7749	8
7750	8
7751	5
7752	4
7753	12
7754	10
7755	7
7756	7
7757	2
7758	0
7759	10
7760	4
7761	5
7762	6
7763	4
7764	2
7765	1
7766	10
7767	7
7768	4
7769	5
7770	6
7771	4
7772	10
7773	5
7774	10
7775	10
7776	8
7777	13
7778	2
7779	5
7780	10
7781	3
7782	11
7783	8
7784	10
7785	15
7786	8
7787	11
7788	17
7789	16
7790	9
7791	16
7792	10
7793	7
7794	4
7795	9
7796	5
7797	4
7798	2
7799	5
7800	5
7801	6
7802	8
7803	6
7804	4
7805	13
7806	8
7807	3
7808	12
7809	9
7810	2
7811	3
7812	5
7813	6
7814	8
7815	7
7816	4
7817	5
7818	11
7819	4
7820	2
7821	9
7822	9
7823	3
7824	6
7825	8
7826	8
7827	5
7828	5
7829	5
7830	8
7831	5
7832	7
7833	5
7834	10
7835	2
7836	8
7837	11
7838	6
7839	10
7840	2
7841	6
7842	1
7843	11
7844	5
7845	10
7846	8
7847	5
7848	3
7849	3
7850	10
7851	8
7852	8
7853	3
7854	4
7855	5
7856	9
7857	11
7858	7
7859	5
7860	2
7861	3
7862	6
7863	8
7864	4
7865	4
7866	5
7867	6
7868	8
7869	6
7870	7
7871	4
7872	6
7873	8
7874	9
7875	4
7876	6
7877	8
7878	3
7879	7
7880	7
7881	4
7882	7
7883	4
7884	5
7885	5
7886	5
7887	15
7888	7
7889	4
7890	4
7891	7
7892	4
7893	6
7894	2
7895	4
7896	8
7897	7
7898	5
7899	2
7900	3
7901	7
7902	7
7903	5
7904	8
7905	6
7906	8
7907	4
7908	3
7909	7
7910	9
7911	6
7912	4
7913	7
7914	10
7915	1
7916	5
7917	6
7918	4
7919	7
7920	2
7921	5
7922	6
7923	9
7924	10
7925	6
7926	5
7927	10
7928	6
7929	6
7930	5
7931	8
7932	9
7933	3
7934	5
7935	3
7936	6
7937	11
7938	3
7939	7
7940	8
7941	3
7942	8
7943	6
7944	5
7945	4
7946	6
7947	9
7948	3
7949	8
7950	5
7951	3
7952	5
7953	9
7954	6
7955	5
7956	5
7957	8
7958	6
7959	4
7960	2
7961	5
7962	3
7963	4
7964	8
7965	11
7966	1
7967	3
7968	7
7969	6
7970	8
7971	6
7972	6
7973	4
7974	8
7975	9
7976	6
7977	2
7978	4
7979	4
7980	3
7981	10
7982	3
7983	4
7984	5
7985	6
7986	3
7987	4
7988	6
7989	8
7990	2
7991	5
7992	4
7993	2
7994	3
7995	5
7996	3
7997	2
7998	4
7999	7
8000	5
8001	6
8002	2
8003	8
8004	6
8005	8
8006	6
8007	6
8008	3
8009	7
8010	6
8011	4
8012	3
8013	4
8014	9
8015	4
8016	2
8017	2
8018	6
8019	1
8020	3
8021	6
8022	10
8023	6
8024	8
8025	2
8026	6
8027	8
8028	7
8029	7
8030	4
8031	6
8032	7
8033	3
8034	1
8035	8
8036	4
8037	4
8038	5
8039	5
8040	6
8041	3
8042	3
8043	8
8044	5
8045	9
8046	4
8047	6
8048	8
8049	8
8050	4
8051	6
8052	5
8053	2
8054	3
8055	3
8056	2
8057	3
8058	6
8059	4
8060	5
8061	6
8062	7
8063	4
8064	9
8065	6
8066	4
8067	6
8068	3
8069	4
8070	2
8071	7
8072	3
8073	3
8074	5
8075	2
8076	2
8077	6
8078	12
8079	3
8080	6
8081	6
8082	7
8083	3
8084	5
8085	8
8086	4
8087	5
8088	11
8089	6
8090	4
8091	4
8092	0
8093	2
8094	0
8095	1
8096	0
8097	0
8098	0
8099	0
8100	0
8101	0
8102	0
8103	0
8104	0
8105	0
8106	0
8107	0
8108	0
8109	0
8110	0
8111	0
8112	0
8113	0
8114	0
8115	0
8116	0
8117	0
8118	0
8119	0
8120	0
8121	0
8122	0
8123	0
8124	0
8125	0
8126	0
8127	0
8128	0
8129	0
8130	0
8131	0
8132	0
8133	0
8134	0
8135	0
8136	0
8137	0
8138	0
8139	0
8140	0
8141	0
8142	0
8143	0
8144	0
8145	0
8146	0
8147	0
8148	0
8149	0
8150	0
8151	0
8152	0
8153	0
8154	0
8155	0
8156	0
8157	0
8158	0
8159	0
8160	0
8161	0
8162	0
8163	0
8164	0
8165	0
8166	0
8167	0
8168	0
8169	0
8170	0
8171	0
8172	0
8173	0
8174	0
8175	0
8176	0
8177	0
8178	0
8179	0
8180	0
8181	0
8182	0
8183	0
8184	0
8185	0
8186	0
8187	0
8188	0
8189	0
8190	0
8191	0
