0	0
1	0
2	0
3	0
4	0
5	0
6	0
7	0
8	0
9	0
10	0
11	0
12	0
13	0
14	0
15	0
16	0
17	0
18	0
19	0
20	0
21	0
22	0
23	0
24	0
25	0
26	0
27	0
28	0
29	0
30	0
31	0
32	0
33	0
34	0
35	0
36	0
37	0
38	0
39	0
40	0
41	0
42	0
43	0
44	0
45	0
46	0
47	0
48	0
49	0
50	0
51	0
52	0
53	0
54	0
55	0
56	0
57	0
58	0
59	0
60	0
61	0
62	0
63	0
64	0
65	0
66	0
67	0
68	2
69	7
70	10
71	12
72	16
73	16
74	19
75	8
76	14
77	15
78	25
79	17
80	13
81	13
82	20
83	17
84	14
85	15
86	21
87	17
88	22
89	21
90	17
91	20
92	19
93	14
94	20
95	20
96	15
97	22
98	15
99	16
100	22
101	16
102	20
103	18
104	28
105	17
106	19
107	22
108	19
109	27
110	20
111	27
112	24
113	16
114	25
115	21
116	33
117	23
118	22
119	25
120	24
121	12
122	19
123	19
124	19
125	21
126	29
127	22
128	27
129	24
130	14
131	17
132	23
133	28
134	23
135	19
136	26
137	26
138	16
139	23
140	22
141	24
142	27
143	17
144	23
145	29
146	21
147	11
148	17
149	30
150	28
151	19
152	27
153	25
154	25
155	24
156	23
157	14
158	25
159	25
160	31
161	19
162	21
163	32
164	25
165	23
166	18
167	20
168	17
169	36
170	36
171	36
172	31
173	20
174	36
175	21
176	27
177	43
178	25
179	29
180	31
181	29
182	32
183	37
184	31
185	32
186	36
187	27
188	32
189	32
190	26
191	36
192	46
193	26
194	35
195	35
196	40
197	30
198	37
199	43
200	41
201	36
202	32
203	37
204	36
205	38
206	32
207	54
208	52
209	44
210	47
211	54
212	44
213	56
214	53
215	43
216	48
217	50
218	49
219	47
220	47
221	44
222	55
223	51
224	49
225	51
226	49
227	51
228	55
229	43
230	53
231	52
232	67
233	51
234	60
235	63
236	68
237	59
238	45
239	63
240	59
241	65
242	66
243	62
244	76
245	55
246	61
247	58
248	63
249	68
250	53
251	71
252	63
253	70
254	68
255	67
256	63
257	73
258	62
259	82
260	81
261	69
262	73
263	52
264	73
265	64
266	66
267	56
268	62
269	72
270	60
271	57
272	68
273	65
274	72
275	65
276	63
277	75
278	84
279	65
280	78
281	88
282	64
283	88
284	89
285	80
286	76
287	64
288	87
289	75
290	90
291	72
292	80
293	89
294	79
295	84
296	69
297	73
298	86
299	64
300	81
301	95
302	85
303	98
304	101
305	83
306	66
307	78
308	81
309	79
310	80
311	93
312	90
313	74
314	88
315	88
316	77
317	93
318	86
319	72
320	98
321	82
322	88
323	79
324	84
325	88
326	93
327	86
328	101
329	72
330	91
331	97
332	85
333	99
334	92
335	92
336	73
337	92
338	89
339	102
340	93
341	75
342	73
343	78
344	76
345	88
346	80
347	92
348	79
349	91
350	75
351	74
352	84
353	116
354	77
355	87
356	75
357	73
358	80
359	92
360	104
361	100
362	86
363	79
364	97
365	77
366	82
367	76
368	84
369	79
370	82
371	78
372	84
373	88
374	85
375	78
376	90
377	101
378	82
379	79
380	80
381	83
382	86
383	82
384	70
385	85
386	61
387	82
388	93
389	91
390	91
391	92
392	66
393	86
394	85
395	93
396	81
397	82
398	71
399	84
400	79
401	85
402	100
403	87
404	84
405	94
406	89
407	86
408	93
409	79
410	89
411	77
412	83
413	61
414	75
415	88
416	91
417	69
418	75
419	85
420	77
421	89
422	111
423	78
424	77
425	79
426	86
427	72
428	94
429	84
430	66
431	83
432	77
433	76
434	90
435	84
436	88
437	76
438	86
439	81
440	90
441	79
442	80
443	85
444	71
445	77
446	83
447	69
448	83
449	75
450	81
451	84
452	92
453	79
454	83
455	70
456	73
457	84
458	76
459	72
460	76
461	64
462	89
463	80
464	69
465	78
466	87
467	85
468	74
469	71
470	78
471	70
472	68
473	77
474	75
475	77
476	81
477	75
478	79
479	87
480	75
481	59
482	86
483	81
484	72
485	75
486	65
487	76
488	71
489	64
490	78
491	66
492	72
493	70
494	59
495	75
496	74
497	74
498	67
499	85
500	86
501	59
502	70
503	73
504	67
505	59
506	84
507	55
508	83
509	70
510	70
511	70
512	78
513	69
514	70
515	71
516	79
517	77
518	50
519	60
520	69
521	72
522	82
523	64
524	57
525	65
526	61
527	64
528	71
529	71
530	58
531	56
532	65
533	88
534	68
535	69
536	72
537	56
538	79
539	60
540	66
541	63
542	75
543	73
544	64
545	63
546	73
547	71
548	60
549	59
550	59
551	68
552	70
553	60
554	67
555	63
556	72
557	68
558	70
559	48
560	76
561	60
562	72
563	64
564	68
565	71
566	60
567	54
568	70
569	56
570	67
571	60
572	56
573	62
574	53
575	67
576	48
577	58
578	62
579	72
580	60
581	60
582	63
583	65
584	60
585	74
586	60
587	50
588	55
589	58
590	50
591	68
592	65
593	64
594	67
595	64
596	65
597	58
598	49
599	48
600	48
601	51
602	45
603	46
604	62
605	63
606	55
607	60
608	73
609	58
610	52
611	51
612	45
613	40
614	58
615	72
616	66
617	58
618	54
619	43
620	54
621	55
622	48
623	59
624	67
625	53
626	55
627	52
628	60
629	47
630	57
631	57
632	52
633	55
634	41
635	54
636	46
637	47
638	58
639	67
640	60
641	51
642	41
643	43
644	47
645	50
646	49
647	53
648	51
649	43
650	63
651	53
652	47
653	44
654	54
655	60
656	49
657	49
658	54
659	46
660	52
661	48
662	53
663	55
664	51
665	45
666	34
667	55
668	46
669	50
670	46
671	38
672	48
673	48
674	43
675	47
676	38
677	43
678	51
679	51
680	41
681	46
682	64
683	37
684	48
685	42
686	36
687	52
688	59
689	51
690	52
691	45
692	50
693	52
694	52
695	39
696	50
697	54
698	48
699	61
700	50
701	45
702	41
703	47
704	43
705	44
706	41
707	40
708	53
709	46
710	47
711	50
712	44
713	49
714	32
715	44
716	32
717	37
718	59
719	52
720	50
721	48
722	45
723	37
724	39
725	40
726	43
727	47
728	38
729	49
730	39
731	31
732	51
733	34
734	50
735	53
736	35
737	40
738	45
739	38
740	32
741	43
742	43
743	34
744	36
745	38
746	46
747	41
748	32
749	65
750	44
751	50
752	39
753	30
754	42
755	47
756	45
757	39
758	53
759	37
760	39
761	40
762	43
763	42
764	40
765	54
766	37
767	40
768	40
769	44
770	35
771	37
772	31
773	45
774	34
775	32
776	42
777	32
778	34
779	32
780	42
781	37
782	40
783	24
784	35
785	34
786	39
787	45
788	46
789	30
790	35
791	30
792	32
793	37
794	31
795	30
796	34
797	31
798	42
799	35
800	38
801	42
802	40
803	28
804	45
805	28
806	38
807	41
808	34
809	26
810	31
811	36
812	28
813	30
814	29
815	36
816	31
817	38
818	40
819	35
820	41
821	35
822	42
823	36
824	41
825	38
826	22
827	36
828	26
829	41
830	32
831	26
832	37
833	33
834	32
835	30
836	25
837	36
838	29
839	29
840	31
841	34
842	37
843	40
844	31
845	26
846	18
847	32
848	33
849	30
850	34
851	39
852	37
853	43
854	35
855	27
856	31
857	28
858	41
859	23
860	29
861	30
862	32
863	20
864	35
865	29
866	39
867	39
868	37
869	26
870	32
871	23
872	30
873	30
874	31
875	33
876	30
877	30
878	35
879	26
880	39
881	33
882	30
883	23
884	28
885	29
886	32
887	23
888	35
889	28
890	26
891	26
892	34
893	30
894	35
895	30
896	33
897	22
898	35
899	26
900	27
901	30
902	34
903	35
904	22
905	31
906	29
907	30
908	29
909	32
910	33
911	41
912	31
913	31
914	23
915	35
916	25
917	23
918	28
919	29
920	32
921	33
922	18
923	26
924	24
925	29
926	25
927	27
928	37
929	33
930	36
931	26
932	32
933	28
934	35
935	25
936	41
937	33
938	27
939	37
940	35
941	24
942	29
943	31
944	28
945	27
946	25
947	36
948	29
949	27
950	37
951	18
952	23
953	19
954	27
955	30
956	25
957	27
958	20
959	27
960	22
961	24
962	22
963	30
964	30
965	32
966	24
967	27
968	25
969	23
970	31
971	22
972	21
973	26
974	15
975	28
976	28
977	23
978	24
979	20
980	24
981	26
982	14
983	22
984	17
985	20
986	27
987	22
988	21
989	21
990	27
991	31
992	23
993	22
994	30
995	14
996	24
997	17
998	20
999	18
1000	20
1001	16
1002	19
1003	26
1004	28
1005	23
1006	23
1007	23
1008	22
1009	17
1010	15
1011	16
1012	22
1013	22
1014	24
1015	20
1016	11
1017	21
1018	12
1019	24
1020	20
1021	30
1022	19
1023	13
1024	20
1025	16
1026	27
1027	21
1028	17
1029	23
1030	20
1031	19
1032	24
1033	15
1034	29
1035	14
1036	12
1037	20
1038	16
1039	22
1040	14
1041	20
1042	10
1043	11
1044	23
1045	22
1046	17
1047	22
1048	26
1049	16
1050	24
1051	19
1052	17
1053	13
1054	16
1055	17
1056	25
1057	21
1058	19
1059	24
1060	16
1061	14
1062	12
1063	15
1064	20
1065	14
1066	13
1067	18
1068	23
1069	21
1070	16
1071	19
1072	22
1073	23
1074	28
1075	21
1076	15
1077	13
1078	15
1079	12
1080	18
1081	24
1082	15
1083	21
1084	14
1085	17
1086	15
1087	19
1088	20
1089	19
1090	23
1091	17
1092	19
1093	14
1094	14
1095	16
1096	20
1097	16
1098	19
1099	18
1100	13
1101	15
1102	13
1103	10
1104	17
1105	11
1106	11
1107	15
1108	15
1109	18
1110	20
1111	17
1112	16
1113	15
1114	16
1115	19
1116	8
1117	14
1118	7
1119	12
1120	11
1121	17
1122	23
1123	13
1124	19
1125	18
1126	14
1127	13
1128	12
1129	10
1130	19
1131	16
1132	19
1133	18
1134	16
1135	11
1136	15
1137	16
1138	11
1139	21
1140	13
1141	16
1142	18
1143	10
1144	18
1145	15
1146	10
1147	16
1148	17
1149	15
1150	12
1151	11
1152	11
1153	16
1154	18
1155	14
1156	13
1157	14
1158	16
1159	12
1160	16
1161	13
1162	16
1163	17
1164	14
1165	14
1166	14
1167	16
1168	14
1169	8
1170	8
1171	14
1172	19
1173	19
1174	18
1175	10
1176	10
1177	15
1178	16
1179	10
1180	15
1181	16
1182	13
1183	11
1184	7
1185	9
1186	10
1187	8
1188	7
1189	6
1190	13
1191	11
1192	10
1193	14
1194	13
1195	21
1196	7
1197	10
1198	7
1199	9
1200	12
1201	7
1202	21
1203	15
1204	16
1205	8
1206	16
1207	11
1208	13
1209	23
1210	17
1211	17
1212	14
1213	15
1214	13
1215	11
1216	12
1217	15
1218	15
1219	14
1220	5
1221	9
1222	17
1223	10
1224	9
1225	14
1226	10
1227	11
1228	12
1229	14
1230	7
1231	10
1232	5
1233	8
1234	18
1235	13
1236	17
1237	14
1238	15
1239	9
1240	10
1241	11
1242	14
1243	11
1244	6
1245	12
1246	14
1247	4
1248	10
1249	8
1250	13
1251	13
1252	8
1253	10
1254	9
1255	15
1256	16
1257	11
1258	17
1259	4
1260	10
1261	5
1262	9
1263	13
1264	15
1265	12
1266	10
1267	12
1268	10
1269	11
1270	6
1271	7
1272	9
1273	15
1274	19
1275	12
1276	10
1277	13
1278	17
1279	11
1280	12
1281	19
1282	16
1283	14
1284	10
1285	9
1286	13
1287	9
1288	16
1289	9
1290	6
1291	7
1292	12
1293	10
1294	7
1295	13
1296	7
1297	5
1298	10
1299	7
1300	10
1301	8
1302	9
1303	11
1304	7
1305	12
1306	8
1307	12
1308	7
1309	10
1310	14
1311	15
1312	13
1313	16
1314	15
1315	15
1316	14
1317	17
1318	6
1319	16
1320	12
1321	15
1322	10
1323	9
1324	15
1325	6
1326	19
1327	9
1328	12
1329	11
1330	11
1331	12
1332	17
1333	16
1334	8
1335	8
1336	5
1337	14
1338	10
1339	14
1340	10
1341	13
1342	11
1343	8
1344	15
1345	14
1346	14
1347	10
1348	10
1349	12
1350	9
1351	14
1352	10
1353	15
1354	15
1355	11
1356	14
1357	9
1358	7
1359	8
1360	7
1361	17
1362	20
1363	6
1364	15
1365	12
1366	6
1367	11
1368	9
1369	3
1370	9
1371	7
1372	10
1373	15
1374	3
1375	13
1376	12
1377	13
1378	6
1379	15
1380	10
1381	9
1382	7
1383	12
1384	10
1385	11
1386	6
1387	12
1388	10
1389	11
1390	16
1391	9
1392	11
1393	10
1394	8
1395	8
1396	10
1397	8
1398	4
1399	12
1400	5
1401	11
1402	7
1403	6
1404	8
1405	9
1406	18
1407	9
1408	14
1409	6
1410	11
1411	5
1412	7
1413	12
1414	7
1415	9
1416	7
1417	6
1418	7
1419	10
1420	19
1421	7
1422	12
1423	7
1424	6
1425	8
1426	10
1427	6
1428	7
1429	8
1430	8
1431	12
1432	6
1433	8
1434	10
1435	7
1436	8
1437	10
1438	4
1439	7
1440	13
1441	8
1442	5
1443	7
1444	6
1445	10
1446	8
1447	5
1448	10
1449	7
1450	7
1451	9
1452	7
1453	10
1454	9
1455	6
1456	5
1457	5
1458	9
1459	6
1460	11
1461	11
1462	5
1463	8
1464	6
1465	6
1466	7
1467	3
1468	4
1469	10
1470	7
1471	6
1472	1
1473	7
1474	6
1475	13
1476	7
1477	6
1478	5
1479	6
1480	8
1481	6
1482	7
1483	5
1484	5
1485	8
1486	11
1487	9
1488	7
1489	11
1490	9
1491	7
1492	8
1493	5
1494	7
1495	4
1496	6
1497	8
1498	5
1499	4
1500	9
1501	7
1502	10
1503	6
1504	3
1505	9
1506	12
1507	5
1508	8
1509	9
1510	4
1511	9
1512	6
1513	8
1514	4
1515	3
1516	9
1517	7
1518	9
1519	5
1520	10
1521	8
1522	10
1523	6
1524	7
1525	7
1526	9
1527	9
1528	11
1529	12
1530	4
1531	8
1532	11
1533	7
1534	7
1535	10
1536	4
1537	6
1538	10
1539	12
1540	5
1541	4
1542	6
1543	5
1544	9
1545	6
1546	2
1547	7
1548	10
1549	7
1550	9
1551	3
1552	2
1553	10
1554	14
1555	7
1556	5
1557	9
1558	8
1559	2
1560	6
1561	5
1562	6
1563	4
1564	7
1565	8
1566	5
1567	5
1568	3
1569	4
1570	7
1571	7
1572	6
1573	5
1574	5
1575	6
1576	4
1577	7
1578	6
1579	4
1580	10
1581	7
1582	13
1583	10
1584	10
1585	8
1586	9
1587	8
1588	5
1589	10
1590	6
1591	6
1592	9
1593	4
1594	6
1595	6
1596	7
1597	8
1598	8
1599	5
1600	3
1601	5
1602	8
1603	6
1604	7
1605	3
1606	4
1607	4
1608	8
1609	5
1610	9
1611	5
1612	6
1613	4
1614	5
1615	6
1616	8
1617	5
1618	6
1619	4
1620	4
1621	6
1622	6
1623	8
1624	6
1625	5
1626	2
1627	3
1628	8
1629	5
1630	6
1631	4
1632	10
1633	4
1634	3
1635	4
1636	4
1637	10
1638	7
1639	6
1640	2
1641	4
1642	10
1643	7
1644	2
1645	9
1646	8
1647	7
1648	9
1649	5
1650	2
1651	8
1652	7
1653	4
1654	5
1655	6
1656	4
1657	10
1658	4
1659	5
1660	6
1661	6
1662	4
1663	7
1664	5
1665	5
1666	4
1667	6
1668	8
1669	12
1670	3
1671	4
1672	7
1673	4
1674	4
1675	4
1676	9
1677	6
1678	5
1679	7
1680	4
1681	7
1682	7
1683	4
1684	4
1685	5
1686	4
1687	5
1688	6
1689	6
1690	4
1691	3
1692	4
1693	7
1694	8
1695	11
1696	9
1697	8
1698	4
1699	8
1700	6
1701	6
1702	4
1703	4
1704	6
1705	4
1706	5
1707	8
1708	4
1709	2
1710	3
1711	5
1712	8
1713	2
1714	6
1715	1
1716	4
1717	9
1718	5
1719	8
1720	4
1721	4
1722	6
1723	4
1724	7
1725	8
1726	9
1727	5
1728	5
1729	6
1730	3
1731	3
1732	7
1733	8
1734	1
1735	6
1736	6
1737	7
1738	3
1739	6
1740	6
1741	10
1742	9
1743	4
1744	5
1745	5
1746	10
1747	8
1748	8
1749	2
1750	4
1751	10
1752	5
1753	7
1754	7
1755	7
1756	7
1757	4
1758	2
1759	6
1760	7
1761	1
1762	5
1763	7
1764	7
1765	2
1766	2
1767	9
1768	4
1769	4
1770	3
1771	3
1772	10
1773	5
1774	5
1775	5
1776	3
1777	4
1778	3
1779	4
1780	4
1781	5
1782	8
1783	5
1784	7
1785	7
1786	10
1787	8
1788	8
1789	7
1790	5
1791	5
1792	2
1793	4
1794	8
1795	4
1796	5
1797	4
1798	8
1799	4
1800	5
1801	2
1802	1
1803	4
1804	4
1805	5
1806	5
1807	4
1808	4
1809	4
1810	2
1811	3
1812	3
1813	5
1814	3
1815	4
1816	5
1817	6
1818	10
1819	3
1820	2
1821	5
1822	6
1823	3
1824	3
1825	3
1826	4
1827	3
1828	3
1829	4
1830	4
1831	6
1832	10
1833	6
1834	6
1835	5
1836	8
1837	7
1838	7
1839	7
1840	8
1841	5
1842	3
1843	7
1844	3
1845	2
1846	5
1847	2
1848	2
1849	7
1850	4
1851	4
1852	5
1853	0
1854	4
1855	6
1856	3
1857	2
1858	5
1859	1
1860	5
1861	7
1862	6
1863	4
1864	5
1865	3
1866	4
1867	2
1868	5
1869	5
1870	6
1871	4
1872	5
1873	4
1874	3
1875	5
1876	4
1877	3
1878	5
1879	1
1880	12
1881	6
1882	4
1883	8
1884	1
1885	4
1886	2
1887	3
1888	5
1889	4
1890	9
1891	9
1892	5
1893	5
1894	6
1895	6
1896	5
1897	4
1898	3
1899	5
1900	2
1901	3
1902	6
1903	8
1904	6
1905	3
1906	2
1907	4
1908	6
1909	6
1910	7
1911	3
1912	5
1913	6
1914	4
1915	5
1916	9
1917	7
1918	9
1919	2
1920	9
1921	3
1922	1
1923	7
1924	4
1925	8
1926	2
1927	7
1928	6
1929	4
1930	5
1931	7
1932	8
1933	0
1934	4
1935	3
1936	8
1937	4
1938	2
1939	8
1940	7
1941	3
1942	3
1943	7
1944	2
1945	5
1946	2
1947	3
1948	10
1949	6
1950	2
1951	5
1952	4
1953	4
1954	4
1955	3
1956	6
1957	2
1958	7
1959	6
1960	3
1961	11
1962	7
1963	4
1964	5
1965	5
1966	6
1967	3
1968	1
1969	1
1970	1
1971	2
1972	7
1973	9
1974	2
1975	2
1976	0
1977	5
1978	4
1979	4
1980	5
1981	2
1982	8
1983	6
1984	2
1985	2
1986	9
1987	6
1988	3
1989	3
1990	4
1991	2
1992	3
1993	2
1994	7
1995	5
1996	4
1997	5
1998	3
1999	1
2000	2
2001	3
2002	4
2003	5
2004	3
2005	2
2006	1
2007	5
2008	1
2009	4
2010	7
2011	2
2012	8
2013	5
2014	2
2015	1
2016	5
2017	4
2018	1
2019	4
2020	6
2021	4
2022	2
2023	4
2024	4
2025	0
2026	3
2027	1
2028	7
2029	4
2030	6
2031	1
2032	7
2033	4
2034	4
2035	3
2036	0
2037	7
2038	5
2039	2
2040	3
2041	5
2042	3
2043	1
2044	6
2045	1
2046	6
2047	2
2048	5
2049	4
2050	6
2051	1
2052	7
2053	8
2054	1
2055	2
2056	5
2057	0
2058	3
2059	2
2060	3
2061	5
2062	1
2063	3
2064	6
2065	3
2066	3
2067	4
2068	3
2069	2
2070	4
2071	2
2072	3
2073	7
2074	3
2075	4
2076	3
2077	1
2078	5
2079	4
2080	6
2081	4
2082	3
2083	8
2084	3
2085	5
2086	5
2087	2
2088	2
2089	4
2090	4
2091	4
2092	4
2093	1
2094	4
2095	4
2096	2
2097	1
2098	4
2099	3
2100	8
2101	3
2102	4
2103	4
2104	9
2105	3
2106	2
2107	5
2108	4
2109	4
2110	3
2111	5
2112	1
2113	6
2114	11
2115	6
2116	7
2117	4
2118	2
2119	3
2120	4
2121	2
2122	3
2123	2
2124	5
2125	5
2126	2
2127	1
2128	5
2129	3
2130	3
2131	8
2132	4
2133	4
2134	3
2135	9
2136	3
2137	1
2138	4
2139	4
2140	7
2141	2
2142	3
2143	5
2144	1
2145	3
2146	5
2147	6
2148	4
2149	7
2150	2
2151	4
2152	4
2153	0
2154	2
2155	5
2156	9
2157	2
2158	7
2159	4
2160	2
2161	6
2162	3
2163	3
2164	1
2165	5
2166	5
2167	1
2168	6
2169	1
2170	4
2171	5
2172	9
2173	3
2174	6
2175	5
2176	1
2177	10
2178	4
2179	4
2180	4
2181	4
2182	4
2183	7
2184	5
2185	6
2186	3
2187	4
2188	3
2189	6
2190	2
2191	5
2192	4
2193	4
2194	5
2195	8
2196	6
2197	6
2198	7
2199	5
2200	1
2201	3
2202	3
2203	3
2204	4
2205	4
2206	1
2207	5
2208	3
2209	2
2210	3
2211	6
2212	8
2213	2
2214	6
2215	2
2216	3
2217	3
2218	4
2219	4
2220	3
2221	7
2222	6
2223	3
2224	3
2225	4
2226	4
2227	5
2228	3
2229	1
2230	2
2231	5
2232	2
2233	2
2234	5
2235	0
2236	3
2237	3
2238	7
2239	6
2240	2
2241	2
2242	4
2243	2
2244	6
2245	5
2246	2
2247	8
2248	6
2249	6
2250	3
2251	5
2252	6
2253	3
2254	2
2255	5
2256	7
2257	6
2258	6
2259	5
2260	1
2261	1
2262	10
2263	5
2264	2
2265	5
2266	3
2267	4
2268	3
2269	2
2270	3
2271	1
2272	5
2273	3
2274	5
2275	4
2276	3
2277	8
2278	4
2279	2
2280	3
2281	2
2282	6
2283	3
2284	3
2285	4
2286	5
2287	1
2288	4
2289	0
2290	4
2291	2
2292	3
2293	5
2294	7
2295	1
2296	0
2297	3
2298	1
2299	2
2300	5
2301	1
2302	3
2303	6
2304	2
2305	3
2306	1
2307	5
2308	3
2309	3
2310	3
2311	4
2312	2
2313	1
2314	8
2315	3
2316	1
2317	2
2318	5
2319	4
2320	5
2321	5
2322	2
2323	8
2324	6
2325	7
2326	4
2327	5
2328	9
2329	1
2330	5
2331	5
2332	3
2333	5
2334	5
2335	8
2336	2
2337	3
2338	2
2339	4
2340	5
2341	2
2342	4
2343	3
2344	3
2345	3
2346	3
2347	3
2348	2
2349	5
2350	2
2351	2
2352	6
2353	3
2354	1
2355	4
2356	2
2357	2
2358	4
2359	1
2360	5
2361	4
2362	1
2363	0
2364	4
2365	2
2366	10
2367	1
2368	1
2369	7
2370	1
2371	1
2372	5
2373	4
2374	6
2375	4
2376	4
2377	4
2378	3
2379	1
2380	4
2381	3
2382	6
2383	2
2384	1
2385	0
2386	4
2387	3
2388	4
2389	3
2390	5
2391	3
2392	2
2393	3
2394	5
2395	0
2396	3
2397	4
2398	4
2399	2
2400	2
2401	2
2402	3
2403	5
2404	0
2405	2
2406	0
2407	1
2408	5
2409	4
2410	1
2411	2
2412	4
2413	3
2414	1
2415	1
2416	2
2417	2
2418	3
2419	2
2420	3
2421	0
2422	3
2423	1
2424	1
2425	6
2426	3
2427	2
2428	4
2429	2
2430	2
2431	3
2432	4
2433	0
2434	5
2435	1
2436	3
2437	2
2438	4
2439	0
2440	6
2441	3
2442	2
2443	5
2444	2
2445	0
2446	0
2447	4
2448	4
2449	2
2450	0
2451	6
2452	2
2453	3
2454	1
2455	3
2456	0
2457	1
2458	1
2459	2
2460	0
2461	1
2462	2
2463	4
2464	1
2465	2
2466	1
2467	1
2468	5
2469	0
2470	2
2471	4
2472	4
2473	1
2474	7
2475	4
2476	1
2477	1
2478	6
2479	1
2480	1
2481	3
2482	4
2483	1
2484	0
2485	2
2486	2
2487	1
2488	3
2489	2
2490	6
2491	0
2492	0
2493	1
2494	2
2495	2
2496	1
2497	3
2498	4
2499	6
2500	5
2501	1
2502	2
2503	3
2504	1
2505	5
2506	2
2507	3
2508	1
2509	2
2510	4
2511	2
2512	5
2513	3
2514	2
2515	4
2516	1
2517	1
2518	2
2519	3
2520	2
2521	2
2522	6
2523	2
2524	3
2525	2
2526	1
2527	0
2528	2
2529	2
2530	1
2531	1
2532	5
2533	2
2534	6
2535	3
2536	3
2537	5
2538	3
2539	3
2540	4
2541	1
2542	1
2543	3
2544	0
2545	3
2546	2
2547	3
2548	2
2549	2
2550	2
2551	2
2552	2
2553	2
2554	4
2555	5
2556	2
2557	2
2558	5
2559	3
2560	5
2561	1
2562	1
2563	3
2564	1
2565	1
2566	3
2567	1
2568	3
2569	1
2570	2
2571	4
2572	5
2573	1
2574	0
2575	3
2576	3
2577	4
2578	2
2579	4
2580	4
2581	3
2582	1
2583	4
2584	3
2585	2
2586	1
2587	1
2588	3
2589	2
2590	2
2591	3
2592	4
2593	3
2594	4
2595	2
2596	2
2597	2
2598	0
2599	1
2600	5
2601	0
2602	3
2603	1
2604	3
2605	2
2606	1
2607	3
2608	2
2609	3
2610	4
2611	4
2612	4
2613	1
2614	3
2615	3
2616	3
2617	0
2618	3
2619	0
2620	3
2621	4
2622	0
2623	2
2624	5
2625	6
2626	1
2627	4
2628	3
2629	3
2630	2
2631	1
2632	2
2633	0
2634	0
2635	1
2636	2
2637	2
2638	1
2639	3
2640	1
2641	4
2642	2
2643	2
2644	2
2645	4
2646	3
2647	1
2648	1
2649	4
2650	4
2651	0
2652	1
2653	3
2654	1
2655	1
2656	5
2657	2
2658	4
2659	2
2660	4
2661	1
2662	1
2663	1
2664	3
2665	3
2666	3
2667	0
2668	1
2669	3
2670	4
2671	1
2672	0
2673	1
2674	0
2675	2
2676	4
2677	2
2678	0
2679	2
2680	4
2681	1
2682	1
2683	2
2684	1
2685	1
2686	1
2687	3
2688	3
2689	3
2690	0
2691	1
2692	3
2693	1
2694	2
2695	2
2696	0
2697	1
2698	4
2699	5
2700	3
2701	3
2702	2
2703	1
2704	3
2705	1
2706	2
2707	0
2708	1
2709	1
2710	3
2711	4
2712	1
2713	2
2714	4
2715	3
2716	0
2717	0
2718	0
2719	1
2720	3
2721	3
2722	2
2723	2
2724	2
2725	0
2726	1
2727	1
2728	2
2729	3
2730	3
2731	1
2732	2
2733	2
2734	0
2735	0
2736	1
2737	2
2738	2
2739	0
2740	3
2741	1
2742	0
2743	3
2744	2
2745	4
2746	0
2747	3
2748	2
2749	2
2750	3
2751	3
2752	0
2753	3
2754	3
2755	3
2756	1
2757	1
2758	2
2759	2
2760	2
2761	0
2762	2
2763	0
2764	1
2765	2
2766	5
2767	1
2768	2
2769	0
2770	0
2771	2
2772	2
2773	4
2774	3
2775	2
2776	1
2777	1
2778	2
2779	3
2780	2
2781	2
2782	3
2783	3
2784	1
2785	0
2786	3
2787	2
2788	1
2789	1
2790	2
2791	1
2792	0
2793	1
2794	1
2795	1
2796	0
2797	3
2798	4
2799	3
2800	0
2801	2
2802	2
2803	2
2804	4
2805	1
2806	2
2807	0
2808	3
2809	3
2810	1
2811	3
2812	0
2813	4
2814	2
2815	2
2816	1
2817	2
2818	2
2819	2
2820	1
2821	3
2822	1
2823	1
2824	3
2825	0
2826	2
2827	1
2828	4
2829	1
2830	0
2831	2
2832	2
2833	2
2834	0
2835	0
2836	4
2837	4
2838	0
2839	2
2840	2
2841	1
2842	0
2843	1
2844	1
2845	4
2846	5
2847	3
2848	2
2849	0
2850	3
2851	2
2852	2
2853	1
2854	2
2855	0
2856	3
2857	2
2858	2
2859	1
2860	2
2861	3
2862	2
2863	1
2864	3
2865	2
2866	4
2867	1
2868	1
2869	4
2870	2
2871	1
2872	0
2873	3
2874	3
2875	3
2876	1
2877	1
2878	0
2879	1
2880	0
2881	4
2882	0
2883	1
2884	3
2885	0
2886	2
2887	2
2888	2
2889	1
2890	5
2891	2
2892	1
2893	2
2894	0
2895	1
2896	1
2897	4
2898	1
2899	1
2900	1
2901	2
2902	1
2903	2
2904	1
2905	4
2906	0
2907	3
2908	0
2909	3
2910	6
2911	1
2912	0
2913	1
2914	3
2915	2
2916	0
2917	1
2918	1
2919	4
2920	2
2921	2
2922	1
2923	2
2924	4
2925	1
2926	0
2927	1
2928	2
2929	1
2930	0
2931	1
2932	0
2933	3
2934	1
2935	0
2936	3
2937	3
2938	1
2939	0
2940	2
2941	2
2942	4
2943	4
2944	3
2945	0
2946	0
2947	1
2948	2
2949	1
2950	3
2951	0
2952	4
2953	4
2954	1
2955	1
2956	3
2957	1
2958	5
2959	4
2960	2
2961	0
2962	4
2963	3
2964	7
2965	3
2966	2
2967	2
2968	0
2969	3
2970	4
2971	1
2972	1
2973	1
2974	0
2975	1
2976	0
2977	2
2978	1
2979	4
2980	3
2981	2
2982	2
2983	3
2984	3
2985	2
2986	2
2987	3
2988	3
2989	2
2990	1
2991	2
2992	2
2993	1
2994	0
2995	1
2996	0
2997	3
2998	3
2999	4
3000	1
3001	0
3002	1
3003	0
3004	0
3005	0
3006	2
3007	0
3008	0
3009	0
3010	2
3011	1
3012	4
3013	2
3014	3
3015	5
3016	1
3017	2
3018	2
3019	0
3020	1
3021	3
3022	1
3023	0
3024	4
3025	3
3026	1
3027	2
3028	1
3029	2
3030	3
3031	1
3032	2
3033	0
3034	1
3035	1
3036	1
3037	0
3038	1
3039	1
3040	1
3041	2
3042	1
3043	2
3044	1
3045	4
3046	0
3047	0
3048	2
3049	2
3050	3
3051	1
3052	1
3053	0
3054	2
3055	2
3056	2
3057	3
3058	3
3059	2
3060	4
3061	1
3062	1
3063	1
3064	0
3065	2
3066	1
3067	0
3068	1
3069	1
3070	0
3071	1
3072	2
3073	2
3074	1
3075	3
3076	2
3077	3
3078	2
3079	1
3080	2
3081	1
3082	2
3083	0
3084	0
3085	2
3086	4
3087	3
3088	1
3089	1
3090	2
3091	1
3092	1
3093	1
3094	4
3095	2
3096	2
3097	0
3098	0
3099	0
3100	1
3101	0
3102	1
3103	1
3104	1
3105	1
3106	1
3107	0
3108	1
3109	1
3110	2
3111	1
3112	0
3113	4
3114	2
3115	1
3116	0
3117	1
3118	0
3119	2
3120	1
3121	4
3122	1
3123	3
3124	3
3125	2
3126	2
3127	2
3128	1
3129	1
3130	0
3131	4
3132	2
3133	1
3134	1
3135	3
3136	1
3137	1
3138	2
3139	2
3140	1
3141	0
3142	2
3143	1
3144	4
3145	1
3146	2
3147	0
3148	1
3149	0
3150	3
3151	3
3152	0
3153	1
3154	1
3155	2
3156	2
3157	0
3158	3
3159	0
3160	0
3161	0
3162	1
3163	1
3164	4
3165	2
3166	1
3167	3
3168	1
3169	1
3170	1
3171	0
3172	1
3173	2
3174	3
3175	1
3176	0
3177	2
3178	1
3179	1
3180	3
3181	3
3182	1
3183	1
3184	0
3185	3
3186	2
3187	4
3188	4
3189	2
3190	1
3191	6
3192	0
3193	0
3194	2
3195	3
3196	3
3197	1
3198	4
3199	2
3200	1
3201	3
3202	1
3203	1
3204	1
3205	1
3206	0
3207	1
3208	1
3209	0
3210	0
3211	2
3212	1
3213	2
3214	1
3215	1
3216	0
3217	0
3218	2
3219	2
3220	1
3221	1
3222	0
3223	1
3224	2
3225	3
3226	1
3227	3
3228	1
3229	3
3230	0
3231	0
3232	1
3233	2
3234	2
3235	1
3236	3
3237	0
3238	1
3239	0
3240	3
3241	2
3242	1
3243	4
3244	3
3245	0
3246	2
3247	2
3248	1
3249	2
3250	0
3251	0
3252	2
3253	0
3254	4
3255	1
3256	1
3257	4
3258	1
3259	4
3260	1
3261	1
3262	4
3263	0
3264	2
3265	2
3266	1
3267	0
3268	1
3269	4
3270	2
3271	1
3272	2
3273	1
3274	2
3275	1
3276	1
3277	0
3278	2
3279	0
3280	1
3281	1
3282	2
3283	6
3284	2
3285	0
3286	0
3287	3
3288	3
3289	2
3290	1
3291	1
3292	1
3293	0
3294	0
3295	2
3296	0
3297	1
3298	0
3299	2
3300	2
3301	1
3302	0
3303	2
3304	2
3305	0
3306	0
3307	1
3308	2
3309	3
3310	0
3311	1
3312	0
3313	3
3314	1
3315	2
3316	0
3317	1
3318	1
3319	1
3320	2
3321	1
3322	1
3323	4
3324	1
3325	0
3326	1
3327	0
3328	0
3329	1
3330	0
3331	1
3332	4
3333	3
3334	2
3335	1
3336	3
3337	1
3338	1
3339	3
3340	1
3341	3
3342	3
3343	2
3344	3
3345	1
3346	1
3347	1
3348	3
3349	3
3350	0
3351	0
3352	2
3353	1
3354	0
3355	3
3356	2
3357	2
3358	1
3359	2
3360	1
3361	1
3362	1
3363	4
3364	1
3365	2
3366	4
3367	2
3368	1
3369	2
3370	2
3371	2
3372	2
3373	1
3374	1
3375	2
3376	2
3377	1
3378	1
3379	3
3380	2
3381	2
3382	2
3383	4
3384	0
3385	4
3386	2
3387	0
3388	1
3389	2
3390	1
3391	2
3392	2
3393	2
3394	2
3395	0
3396	0
3397	1
3398	0
3399	4
3400	3
3401	2
3402	2
3403	1
3404	2
3405	1
3406	1
3407	0
3408	2
3409	1
3410	2
3411	2
3412	0
3413	1
3414	2
3415	1
3416	3
3417	2
3418	0
3419	1
3420	2
3421	1
3422	1
3423	5
3424	0
3425	0
3426	1
3427	2
3428	3
3429	1
3430	1
3431	2
3432	2
3433	0
3434	1
3435	1
3436	1
3437	3
3438	2
3439	2
3440	0
3441	1
3442	4
3443	0
3444	0
3445	1
3446	2
3447	5
3448	0
3449	2
3450	3
3451	2
3452	0
3453	1
3454	0
3455	1
3456	0
3457	2
3458	2
3459	1
3460	1
3461	1
3462	1
3463	1
3464	1
3465	1
3466	0
3467	4
3468	1
3469	2
3470	5
3471	3
3472	3
3473	1
3474	1
3475	1
3476	4
3477	3
3478	2
3479	1
3480	1
3481	3
3482	0
3483	1
3484	0
3485	2
3486	1
3487	1
3488	1
3489	1
3490	4
3491	0
3492	4
3493	2
3494	0
3495	2
3496	1
3497	0
3498	0
3499	1
3500	7
3501	1
3502	2
3503	1
3504	2
3505	2
3506	1
3507	3
3508	3
3509	2
3510	0
3511	4
3512	2
3513	0
3514	0
3515	1
3516	3
3517	1
3518	0
3519	2
3520	0
3521	2
3522	1
3523	2
3524	2
3525	0
3526	2
3527	3
3528	4
3529	1
3530	2
3531	1
3532	2
3533	1
3534	2
3535	1
3536	3
3537	1
3538	1
3539	2
3540	0
3541	1
3542	1
3543	0
3544	2
3545	3
3546	0
3547	1
3548	0
3549	2
3550	4
3551	2
3552	0
3553	2
3554	2
3555	0
3556	4
3557	2
3558	1
3559	1
3560	2
3561	3
3562	0
3563	4
3564	2
3565	5
3566	1
3567	1
3568	4
3569	1
3570	0
3571	3
3572	0
3573	1
3574	1
3575	0
3576	1
3577	1
3578	0
3579	0
3580	0
3581	2
3582	2
3583	3
3584	2
3585	2
3586	2
3587	1
3588	2
3589	0
3590	1
3591	1
3592	3
3593	0
3594	2
3595	1
3596	3
3597	1
3598	1
3599	3
3600	3
3601	1
3602	2
3603	2
3604	2
3605	0
3606	1
3607	2
3608	0
3609	2
3610	3
3611	1
3612	1
3613	0
3614	1
3615	3
3616	3
3617	1
3618	2
3619	1
3620	0
3621	1
3622	2
3623	0
3624	3
3625	0
3626	4
3627	2
3628	3
3629	2
3630	0
3631	2
3632	0
3633	1
3634	0
3635	2
3636	0
3637	0
3638	3
3639	0
3640	0
3641	2
3642	1
3643	1
3644	1
3645	0
3646	1
3647	1
3648	0
3649	2
3650	2
3651	0
3652	0
3653	2
3654	2
3655	5
3656	1
3657	3
3658	1
3659	2
3660	0
3661	0
3662	2
3663	1
3664	1
3665	1
3666	3
3667	0
3668	1
3669	1
3670	0
3671	1
3672	1
3673	1
3674	0
3675	1
3676	1
3677	1
3678	1
3679	1
3680	2
3681	3
3682	1
3683	2
3684	1
3685	1
3686	1
3687	2
3688	3
3689	3
3690	0
3691	0
3692	1
3693	1
3694	2
3695	2
3696	1
3697	1
3698	0
3699	0
3700	2
3701	0
3702	2
3703	0
3704	0
3705	1
3706	0
3707	1
3708	1
3709	1
3710	2
3711	2
3712	1
3713	2
3714	0
3715	3
3716	0
3717	2
3718	1
3719	2
3720	0
3721	3
3722	3
3723	4
3724	2
3725	3
3726	0
3727	2
3728	0
3729	0
3730	3
3731	0
3732	0
3733	1
3734	1
3735	1
3736	0
3737	3
3738	1
3739	1
3740	3
3741	4
3742	3
3743	0
3744	1
3745	1
3746	1
3747	2
3748	3
3749	1
3750	1
3751	2
3752	3
3753	1
3754	2
3755	2
3756	1
3757	0
3758	1
3759	2
3760	2
3761	1
3762	0
3763	1
3764	1
3765	2
3766	1
3767	0
3768	1
3769	1
3770	1
3771	0
3772	1
3773	2
3774	0
3775	1
3776	1
3777	0
3778	1
3779	2
3780	1
3781	0
3782	2
3783	2
3784	0
3785	0
3786	0
3787	2
3788	2
3789	1
3790	2
3791	3
3792	1
3793	0
3794	2
3795	1
3796	1
3797	2
3798	1
3799	1
3800	3
3801	1
3802	1
3803	0
3804	1
3805	0
3806	0
3807	1
3808	0
3809	0
3810	2
3811	0
3812	0
3813	0
3814	3
3815	0
3816	0
3817	1
3818	0
3819	2
3820	2
3821	2
3822	1
3823	2
3824	1
3825	1
3826	1
3827	1
3828	3
3829	2
3830	0
3831	1
3832	1
3833	4
3834	1
3835	1
3836	1
3837	2
3838	3
3839	4
3840	0
3841	3
3842	0
3843	0
3844	1
3845	0
3846	2
3847	1
3848	0
3849	1
3850	0
3851	2
3852	2
3853	2
3854	3
3855	2
3856	3
3857	4
3858	4
3859	0
3860	0
3861	0
3862	3
3863	4
3864	0
3865	0
3866	2
3867	2
3868	0
3869	3
3870	0
3871	2
3872	1
3873	2
3874	1
3875	1
3876	1
3877	0
3878	1
3879	2
3880	0
3881	1
3882	1
3883	0
3884	1
3885	1
3886	1
3887	2
3888	2
3889	1
3890	3
3891	0
3892	0
3893	2
3894	0
3895	1
3896	3
3897	1
3898	2
3899	0
3900	0
3901	1
3902	1
3903	1
3904	2
3905	1
3906	0
3907	1
3908	1
3909	1
3910	2
3911	0
3912	0
3913	0
3914	1
3915	1
3916	1
3917	0
3918	4
3919	0
3920	0
3921	1
3922	1
3923	0
3924	2
3925	0
3926	1
3927	4
3928	0
3929	0
3930	2
3931	0
3932	1
3933	3
3934	2
3935	0
3936	0
3937	0
3938	1
3939	2
3940	1
3941	2
3942	1
3943	0
3944	1
3945	0
3946	2
3947	0
3948	1
3949	2
3950	0
3951	1
3952	0
3953	0
3954	1
3955	1
3956	3
3957	1
3958	0
3959	2
3960	0
3961	1
3962	1
3963	1
3964	0
3965	2
3966	2
3967	0
3968	0
3969	0
3970	1
3971	2
3972	2
3973	1
3974	4
3975	1
3976	1
3977	1
3978	0
3979	1
3980	0
3981	1
3982	2
3983	0
3984	2
3985	1
3986	0
3987	1
3988	0
3989	0
3990	2
3991	0
3992	1
3993	2
3994	2
3995	1
3996	2
3997	1
3998	1
3999	2
4000	0
4001	1
4002	2
4003	0
4004	2
4005	2
4006	1
4007	1
4008	0
4009	1
4010	2
4011	0
4012	1
4013	1
4014	0
4015	0
4016	0
4017	2
4018	2
4019	3
4020	3
4021	0
4022	0
4023	2
4024	1
4025	2
4026	0
4027	2
4028	0
4029	0
4030	0
4031	1
4032	1
4033	1
4034	1
4035	1
4036	1
4037	3
4038	1
4039	3
4040	0
4041	0
4042	0
4043	2
4044	1
4045	0
4046	0
4047	1
4048	0
4049	0
4050	1
4051	1
4052	1
4053	0
4054	0
4055	2
4056	3
4057	2
4058	1
4059	0
4060	1
4061	0
4062	0
4063	2
4064	2
4065	1
4066	3
4067	0
4068	1
4069	0
4070	0
4071	0
4072	2
4073	0
4074	0
4075	5
4076	0
4077	2
4078	1
4079	4
4080	3
4081	0
4082	1
4083	1
4084	1
4085	0
4086	2
4087	1
4088	0
4089	1
4090	0
4091	1
4092	0
4093	0
4094	0
4095	0
4096	3
4097	3
4098	0
4099	2
4100	3
4101	1
4102	2
4103	1
4104	2
4105	1
4106	5
4107	0
4108	1
4109	4
4110	0
4111	1
4112	1
4113	1
4114	0
4115	1
4116	4
4117	3
4118	2
4119	1
4120	0
4121	0
4122	1
4123	0
4124	0
4125	3
4126	1
4127	1
4128	0
4129	0
4130	1
4131	1
4132	2
4133	0
4134	0
4135	1
4136	0
4137	2
4138	2
4139	1
4140	1
4141	0
4142	1
4143	0
4144	1
4145	0
4146	0
4147	0
4148	0
4149	1
4150	1
4151	0
4152	1
4153	1
4154	1
4155	0
4156	1
4157	0
4158	3
4159	1
4160	2
4161	2
4162	1
4163	1
4164	0
4165	2
4166	0
4167	2
4168	0
4169	2
4170	1
4171	0
4172	1
4173	0
4174	1
4175	1
4176	0
4177	0
4178	0
4179	2
4180	4
4181	2
4182	2
4183	1
4184	0
4185	2
4186	1
4187	2
4188	1
4189	0
4190	3
4191	1
4192	1
4193	1
4194	1
4195	2
4196	0
4197	5
4198	0
4199	2
4200	1
4201	0
4202	2
4203	1
4204	1
4205	1
4206	1
4207	2
4208	1
4209	1
4210	0
4211	1
4212	1
4213	1
4214	1
4215	2
4216	1
4217	1
4218	1
4219	1
4220	1
4221	1
4222	1
4223	0
4224	0
4225	1
4226	1
4227	1
4228	1
4229	1
4230	1
4231	3
4232	0
4233	5
4234	0
4235	3
4236	4
4237	2
4238	0
4239	0
4240	1
4241	1
4242	4
4243	0
4244	0
4245	2
4246	3
4247	4
4248	0
4249	0
4250	1
4251	1
4252	0
4253	1
4254	3
4255	0
4256	0
4257	3
4258	0
4259	0
4260	0
4261	0
4262	2
4263	2
4264	0
4265	0
4266	0
4267	1
4268	3
4269	1
4270	0
4271	0
4272	2
4273	4
4274	0
4275	1
4276	1
4277	2
4278	3
4279	1
4280	1
4281	0
4282	1
4283	2
4284	0
4285	3
4286	2
4287	0
4288	0
4289	1
4290	2
4291	0
4292	0
4293	2
4294	2
4295	0
4296	2
4297	3
4298	1
4299	2
4300	3
4301	0
4302	1
4303	0
4304	0
4305	2
4306	1
4307	0
4308	0
4309	0
4310	2
4311	0
4312	5
4313	1
4314	1
4315	0
4316	3
4317	1
4318	1
4319	1
4320	4
4321	1
4322	2
4323	2
4324	0
4325	0
4326	0
4327	1
4328	1
4329	1
4330	1
4331	2
4332	1
4333	0
4334	0
4335	1
4336	1
4337	3
4338	0
4339	3
4340	2
4341	0
4342	2
4343	0
4344	1
4345	0
4346	0
4347	1
4348	0
4349	1
4350	0
4351	1
4352	0
4353	1
4354	1
4355	0
4356	1
4357	3
4358	2
4359	0
4360	0
4361	1
4362	2
4363	1
4364	0
4365	3
4366	1
4367	0
4368	0
4369	2
4370	1
4371	1
4372	1
4373	3
4374	2
4375	1
4376	0
4377	0
4378	2
4379	2
4380	0
4381	1
4382	1
4383	2
4384	2
4385	2
4386	0
4387	3
4388	1
4389	1
4390	1
4391	2
4392	1
4393	1
4394	1
4395	5
4396	0
4397	0
4398	2
4399	1
4400	1
4401	1
4402	1
4403	1
4404	1
4405	1
4406	1
4407	2
4408	4
4409	2
4410	2
4411	2
4412	1
4413	0
4414	0
4415	0
4416	1
4417	1
4418	0
4419	4
4420	2
4421	1
4422	1
4423	0
4424	1
4425	3
4426	1
4427	0
4428	2
4429	0
4430	0
4431	1
4432	0
4433	1
4434	1
4435	0
4436	1
4437	2
4438	2
4439	0
4440	1
4441	1
4442	0
4443	1
4444	1
4445	2
4446	3
4447	2
4448	1
4449	0
4450	0
4451	1
4452	1
4453	3
4454	0
4455	1
4456	1
4457	1
4458	1
4459	0
4460	3
4461	0
4462	2
4463	1
4464	0
4465	0
4466	1
4467	0
4468	1
4469	1
4470	0
4471	1
4472	4
4473	2
4474	0
4475	1
4476	1
4477	0
4478	2
4479	0
4480	1
4481	0
4482	0
4483	1
4484	0
4485	1
4486	1
4487	2
4488	1
4489	1
4490	1
4491	1
4492	2
4493	2
4494	1
4495	0
4496	1
4497	0
4498	1
4499	3
4500	1
4501	0
4502	0
4503	1
4504	1
4505	1
4506	0
4507	0
4508	0
4509	1
4510	1
4511	0
4512	3
4513	2
4514	0
4515	0
4516	0
4517	1
4518	1
4519	0
4520	0
4521	1
4522	2
4523	0
4524	1
4525	1
4526	1
4527	0
4528	0
4529	0
4530	3
4531	0
4532	2
4533	0
4534	0
4535	1
4536	0
4537	0
4538	1
4539	1
4540	1
4541	0
4542	1
4543	0
4544	0
4545	2
4546	1
4547	2
4548	0
4549	0
4550	1
4551	0
4552	0
4553	1
4554	0
4555	1
4556	1
4557	0
4558	0
4559	0
4560	2
4561	1
4562	0
4563	1
4564	1
4565	1
4566	2
4567	4
4568	1
4569	0
4570	2
4571	2
4572	2
4573	1
4574	0
4575	0
4576	0
4577	0
4578	1
4579	1
4580	2
4581	0
4582	1
4583	1
4584	1
4585	1
4586	0
4587	1
4588	1
4589	0
4590	0
4591	3
4592	4
4593	1
4594	1
4595	1
4596	1
4597	2
4598	0
4599	1
4600	0
4601	0
4602	1
4603	0
4604	2
4605	1
4606	1
4607	1
4608	1
4609	1
4610	0
4611	3
4612	0
4613	0
4614	2
4615	0
4616	1
4617	1
4618	0
4619	1
4620	1
4621	0
4622	1
4623	1
4624	2
4625	0
4626	0
4627	1
4628	0
4629	0
4630	0
4631	1
4632	0
4633	2
4634	0
4635	2
4636	0
4637	0
4638	1
4639	0
4640	1
4641	0
4642	1
4643	0
4644	0
4645	0
4646	0
4647	0
4648	1
4649	0
4650	0
4651	0
4652	2
4653	2
4654	0
4655	0
4656	0
4657	1
4658	0
4659	1
4660	1
4661	1
4662	0
4663	2
4664	0
4665	2
4666	1
4667	0
4668	1
4669	0
4670	1
4671	1
4672	1
4673	0
4674	0
4675	1
4676	0
4677	0
4678	1
4679	0
4680	0
4681	0
4682	0
4683	0
4684	0
4685	2
4686	1
4687	2
4688	1
4689	1
4690	2
4691	1
4692	0
4693	0
4694	1
4695	2
4696	2
4697	1
4698	0
4699	0
4700	1
4701	1
4702	1
4703	0
4704	0
4705	0
4706	0
4707	1
4708	1
4709	2
4710	1
4711	1
4712	0
4713	0
4714	0
4715	0
4716	1
4717	1
4718	0
4719	1
4720	1
4721	1
4722	0
4723	0
4724	0
4725	2
4726	0
4727	0
4728	1
4729	0
4730	2
4731	2
4732	0
4733	0
4734	1
4735	1
4736	1
4737	1
4738	2
4739	1
4740	1
4741	0
4742	1
4743	0
4744	0
4745	1
4746	0
4747	0
4748	1
4749	0
4750	0
4751	2
4752	0
4753	1
4754	0
4755	0
4756	0
4757	0
4758	1
4759	0
4760	0
4761	0
4762	0
4763	1
4764	0
4765	0
4766	1
4767	0
4768	1
4769	0
4770	0
4771	1
4772	0
4773	0
4774	0
4775	1
4776	0
4777	0
4778	1
4779	0
4780	0
4781	0
4782	1
4783	0
4784	0
4785	0
4786	0
4787	2
4788	0
4789	1
4790	0
4791	0
4792	1
4793	0
4794	1
4795	1
4796	0
4797	0
4798	0
4799	3
4800	0
4801	1
4802	0
4803	0
4804	0
4805	1
4806	1
4807	0
4808	1
4809	1
4810	1
4811	0
4812	0
4813	0
4814	0
4815	1
4816	0
4817	0
4818	1
4819	2
4820	1
4821	0
4822	0
4823	3
4824	0
4825	0
4826	0
4827	1
4828	1
4829	0
4830	0
4831	1
4832	0
4833	3
4834	0
4835	1
4836	1
4837	0
4838	0
4839	0
4840	1
4841	1
4842	0
4843	0
4844	0
4845	3
4846	0
4847	0
4848	1
4849	0
4850	0
4851	0
4852	0
4853	0
4854	0
4855	1
4856	1
4857	1
4858	1
4859	0
4860	0
4861	0
4862	0
4863	1
4864	1
4865	2
4866	1
4867	2
4868	1
4869	0
4870	0
4871	0
4872	1
4873	0
4874	1
4875	0
4876	1
4877	2
4878	0
4879	0
4880	0
4881	0
4882	0
4883	0
4884	0
4885	0
4886	0
4887	1
4888	1
4889	0
4890	0
4891	0
4892	0
4893	0
4894	0
4895	0
4896	0
4897	0
4898	1
4899	0
4900	0
4901	0
4902	0
4903	1
4904	0
4905	0
4906	0
4907	0
4908	0
4909	1
4910	0
4911	0
4912	0
4913	0
4914	0
4915	0
4916	1
4917	1
4918	0
4919	0
4920	0
4921	0
4922	1
4923	1
4924	1
4925	3
4926	0
4927	1
4928	0
4929	2
4930	0
4931	0
4932	0
4933	0
4934	2
4935	0
4936	1
4937	0
4938	1
4939	0
4940	2
4941	0
4942	2
4943	1
4944	1
4945	0
4946	0
4947	0
4948	0
4949	0
4950	0
4951	0
4952	0
4953	1
4954	2
4955	0
4956	1
4957	0
4958	0
4959	1
4960	2
4961	1
4962	0
4963	1
4964	3
4965	0
4966	1
4967	0
4968	4
4969	0
4970	0
4971	1
4972	0
4973	1
4974	0
4975	0
4976	1
4977	0
4978	1
4979	0
4980	0
4981	0
4982	0
4983	1
4984	0
4985	1
4986	1
4987	0
4988	1
4989	0
4990	1
4991	0
4992	1
4993	1
4994	0
4995	0
4996	0
4997	1
4998	0
4999	2
5000	0
5001	1
5002	1
5003	0
5004	2
5005	0
5006	0
5007	1
5008	1
5009	1
5010	0
5011	0
5012	0
5013	0
5014	0
5015	2
5016	0
5017	0
5018	1
5019	0
5020	2
5021	0
5022	0
5023	0
5024	0
5025	3
5026	1
5027	0
5028	0
5029	2
5030	0
5031	0
5032	0
5033	0
5034	1
5035	1
5036	0
5037	2
5038	1
5039	1
5040	1
5041	0
5042	0
5043	1
5044	0
5045	3
5046	1
5047	0
5048	1
5049	0
5050	1
5051	0
5052	0
5053	1
5054	1
5055	0
5056	0
5057	2
5058	3
5059	0
5060	0
5061	0
5062	0
5063	1
5064	0
5065	1
5066	0
5067	0
5068	0
5069	0
5070	0
5071	0
5072	1
5073	0
5074	2
5075	0
5076	3
5077	1
5078	0
5079	0
5080	0
5081	0
5082	1
5083	1
5084	0
5085	2
5086	1
5087	1
5088	4
5089	2
5090	1
5091	0
5092	0
5093	0
5094	0
5095	1
5096	0
5097	0
5098	0
5099	0
5100	0
5101	2
5102	1
5103	2
5104	1
5105	0
5106	1
5107	0
5108	0
5109	1
5110	1
5111	0
5112	0
5113	1
5114	0
5115	0
5116	0
5117	0
5118	2
5119	0
5120	0
5121	2
5122	0
5123	0
5124	0
5125	0
5126	0
5127	1
5128	0
5129	1
5130	0
5131	0
5132	1
5133	0
5134	0
5135	2
5136	0
5137	0
5138	0
5139	0
5140	1
5141	0
5142	1
5143	0
5144	0
5145	0
5146	1
5147	0
5148	1
5149	0
5150	1
5151	0
5152	1
5153	2
5154	2
5155	0
5156	2
5157	0
5158	0
5159	0
5160	0
5161	0
5162	1
5163	1
5164	1
5165	0
5166	0
5167	0
5168	0
5169	0
5170	1
5171	1
5172	0
5173	0
5174	1
5175	1
5176	0
5177	0
5178	0
5179	0
5180	2
5181	0
5182	1
5183	0
5184	2
5185	0
5186	0
5187	1
5188	0
5189	0
5190	0
5191	0
5192	0
5193	0
5194	2
5195	1
5196	3
5197	1
5198	1
5199	0
5200	1
5201	1
5202	0
5203	0
5204	1
5205	0
5206	0
5207	1
5208	0
5209	1
5210	1
5211	0
5212	2
5213	1
5214	0
5215	1
5216	0
5217	0
5218	1
5219	1
5220	0
5221	2
5222	1
5223	0
5224	1
5225	1
5226	0
5227	0
5228	0
5229	0
5230	0
5231	0
5232	1
5233	0
5234	0
5235	1
5236	1
5237	0
5238	1
5239	1
5240	0
5241	1
5242	0
5243	1
5244	0
5245	2
5246	1
5247	0
5248	0
5249	0
5250	1
5251	0
5252	0
5253	1
5254	0
5255	3
5256	1
5257	0
5258	2
5259	1
5260	1
5261	0
5262	0
5263	0
5264	0
5265	0
5266	2
5267	1
5268	0
5269	0
5270	1
5271	1
5272	2
5273	1
5274	1
5275	1
5276	1
5277	0
5278	0
5279	0
5280	1
5281	1
5282	0
5283	1
5284	1
5285	0
5286	3
5287	1
5288	0
5289	1
5290	1
5291	0
5292	2
5293	1
5294	0
5295	0
5296	1
5297	1
5298	0
5299	0
5300	5
5301	1
5302	0
5303	0
5304	0
5305	1
5306	1
5307	3
5308	2
5309	4
5310	1
5311	0
5312	1
5313	0
5314	1
5315	1
5316	1
5317	2
5318	0
5319	1
5320	1
5321	2
5322	1
5323	1
5324	3
5325	0
5326	0
5327	3
5328	1
5329	2
5330	1
5331	0
5332	0
5333	1
5334	1
5335	2
5336	2
5337	2
5338	1
5339	1
5340	1
5341	1
5342	1
5343	0
5344	1
5345	1
5346	1
5347	0
5348	3
5349	0
5350	1
5351	0
5352	1
5353	1
5354	2
5355	2
5356	0
5357	1
5358	0
5359	0
5360	2
5361	0
5362	0
5363	1
5364	1
5365	0
5366	3
5367	2
5368	1
5369	0
5370	2
5371	1
5372	1
5373	1
5374	0
5375	3
5376	1
5377	2
5378	2
5379	1
5380	1
5381	2
5382	0
5383	1
5384	0
5385	0
5386	1
5387	2
5388	0
5389	2
5390	1
5391	1
5392	1
5393	2
5394	2
5395	4
5396	1
5397	2
5398	1
5399	2
5400	1
5401	2
5402	3
5403	0
5404	3
5405	1
5406	3
5407	1
5408	2
5409	1
5410	4
5411	1
5412	0
5413	0
5414	2
5415	3
5416	2
5417	0
5418	1
5419	1
5420	1
5421	1
5422	5
5423	2
5424	5
5425	2
5426	0
5427	1
5428	3
5429	0
5430	0
5431	1
5432	1
5433	1
5434	4
5435	1
5436	2
5437	3
5438	0
5439	0
5440	1
5441	0
5442	2
5443	1
5444	1
5445	1
5446	0
5447	3
5448	0
5449	0
5450	1
5451	2
5452	2
5453	1
5454	2
5455	3
5456	1
5457	3
5458	2
5459	3
5460	3
5461	1
5462	2
5463	0
5464	3
5465	3
5466	2
5467	1
5468	1
5469	1
5470	4
5471	2
5472	3
5473	2
5474	1
5475	1
5476	0
5477	0
5478	2
5479	0
5480	0
5481	0
5482	0
5483	3
5484	1
5485	2
5486	0
5487	1
5488	1
5489	0
5490	2
5491	1
5492	0
5493	0
5494	1
5495	2
5496	2
5497	3
5498	2
5499	1
5500	1
5501	0
5502	1
5503	3
5504	0
5505	0
5506	2
5507	1
5508	0
5509	0
5510	1
5511	2
5512	2
5513	1
5514	1
5515	2
5516	1
5517	1
5518	2
5519	0
5520	1
5521	1
5522	1
5523	2
5524	1
5525	0
5526	1
5527	3
5528	3
5529	3
5530	1
5531	2
5532	0
5533	1
5534	3
5535	0
5536	2
5537	0
5538	3
5539	1
5540	4
5541	2
5542	3
5543	4
5544	1
5545	0
5546	2
5547	2
5548	1
5549	1
5550	3
5551	2
5552	2
5553	1
5554	0
5555	2
5556	4
5557	2
5558	0
5559	0
5560	2
5561	2
5562	0
5563	1
5564	1
5565	2
5566	3
5567	0
5568	0
5569	0
5570	1
5571	2
5572	0
5573	2
5574	1
5575	0
5576	2
5577	0
5578	1
5579	0
5580	1
5581	2
5582	1
5583	0
5584	0
5585	2
5586	1
5587	1
5588	2
5589	0
5590	2
5591	1
5592	0
5593	0
5594	0
5595	0
5596	0
5597	3
5598	2
5599	1
5600	1
5601	0
5602	0
5603	1
5604	3
5605	0
5606	0
5607	1
5608	2
5609	0
5610	1
5611	0
5612	1
5613	2
5614	1
5615	1
5616	1
5617	3
5618	2
5619	0
5620	0
5621	0
5622	1
5623	1
5624	0
5625	0
5626	0
5627	0
5628	0
5629	0
5630	0
5631	2
5632	0
5633	1
5634	0
5635	0
5636	0
5637	1
5638	1
5639	0
5640	0
5641	0
5642	0
5643	1
5644	0
5645	0
5646	0
5647	0
5648	0
5649	2
5650	0
5651	1
5652	0
5653	1
5654	0
5655	0
5656	1
5657	0
5658	0
5659	0
5660	0
5661	0
5662	0
5663	0
5664	1
5665	0
5666	1
5667	0
5668	1
5669	0
5670	0
5671	0
5672	0
5673	0
5674	0
5675	0
5676	0
5677	1
5678	0
5679	1
5680	1
5681	0
5682	0
5683	0
5684	1
5685	0
5686	0
5687	1
5688	1
5689	0
5690	0
5691	0
5692	0
5693	0
5694	0
5695	1
5696	0
5697	0
5698	0
5699	1
5700	0
5701	0
5702	0
5703	0
5704	0
5705	1
5706	0
5707	1
5708	0
5709	0
5710	0
5711	0
5712	1
5713	0
5714	0
5715	1
5716	0
5717	0
5718	0
5719	0
5720	1
5721	0
5722	0
5723	0
5724	0
5725	0
5726	0
5727	1
5728	0
5729	0
5730	0
5731	0
5732	1
5733	0
5734	0
5735	0
5736	0
5737	0
5738	0
5739	0
5740	0
5741	0
5742	0
5743	0
5744	0
5745	1
5746	0
5747	0
5748	0
5749	0
5750	0
5751	0
5752	0
5753	2
5754	0
5755	0
5756	0
5757	1
5758	0
5759	0
5760	0
5761	0
5762	1
5763	0
5764	0
5765	0
5766	0
5767	0
5768	0
5769	0
5770	0
5771	1
5772	0
5773	1
5774	0
5775	0
5776	0
5777	1
5778	0
5779	0
5780	0
5781	0
5782	0
5783	0
5784	0
5785	0
5786	0
5787	0
5788	0
5789	0
5790	1
5791	0
5792	0
5793	0
5794	0
5795	1
5796	0
5797	0
5798	0
5799	0
5800	0
5801	0
5802	0
5803	1
5804	0
5805	1
5806	0
5807	0
5808	0
5809	1
5810	0
5811	1
5812	1
5813	0
5814	1
5815	0
5816	0
5817	1
5818	0
5819	0
5820	0
5821	1
5822	0
5823	0
5824	1
5825	1
5826	1
5827	0
5828	0
5829	0
5830	0
5831	0
5832	0
5833	0
5834	0
5835	0
5836	0
5837	0
5838	0
5839	0
5840	0
5841	0
5842	0
5843	1
5844	0
5845	0
5846	1
5847	0
5848	0
5849	0
5850	0
5851	0
5852	0
5853	0
5854	2
5855	0
5856	0
5857	0
5858	0
5859	0
5860	0
5861	0
5862	0
5863	1
5864	0
5865	0
5866	0
5867	0
5868	0
5869	0
5870	2
5871	0
5872	0
5873	0
5874	0
5875	0
5876	1
5877	1
5878	1
5879	0
5880	1
5881	0
5882	0
5883	0
5884	1
5885	0
5886	1
5887	0
5888	1
5889	0
5890	2
5891	0
5892	0
5893	0
5894	0
5895	2
5896	0
5897	1
5898	0
5899	0
5900	0
5901	1
5902	0
5903	0
5904	0
5905	1
5906	0
5907	1
5908	0
5909	0
5910	0
5911	0
5912	0
5913	0
5914	0
5915	0
5916	0
5917	0
5918	0
5919	0
5920	1
5921	0
5922	0
5923	1
5924	1
5925	0
5926	0
5927	0
5928	0
5929	0
5930	0
5931	0
5932	0
5933	0
5934	0
5935	0
5936	0
5937	0
5938	0
5939	0
5940	0
5941	0
5942	0
5943	1
5944	0
5945	1
5946	0
5947	0
5948	0
5949	0
5950	0
5951	0
5952	0
5953	0
5954	0
5955	0
5956	0
5957	0
5958	0
5959	0
5960	1
5961	0
5962	0
5963	0
5964	0
5965	1
5966	0
5967	1
5968	0
5969	2
5970	0
5971	0
5972	0
5973	1
5974	0
5975	1
5976	1
5977	0
5978	0
5979	0
5980	0
5981	1
5982	0
5983	1
5984	0
5985	0
5986	0
5987	0
5988	0
5989	0
5990	0
5991	0
5992	0
5993	0
5994	0
5995	1
5996	0
5997	0
5998	1
5999	0
6000	0
6001	0
6002	0
6003	0
6004	1
6005	0
6006	0
6007	0
6008	0
6009	1
6010	0
6011	0
6012	0
6013	0
6014	0
6015	0
6016	0
6017	0
6018	0
6019	1
6020	0
6021	1
6022	0
6023	1
6024	1
6025	0
6026	0
6027	1
6028	0
6029	0
6030	0
6031	1
6032	0
6033	0
6034	1
6035	0
6036	0
6037	0
6038	0
6039	0
6040	1
6041	0
6042	0
6043	0
6044	0
6045	0
6046	0
6047	0
6048	0
6049	0
6050	0
6051	0
6052	0
6053	0
6054	0
6055	0
6056	0
6057	0
6058	1
6059	1
6060	0
6061	1
6062	0
6063	0
6064	0
6065	0
6066	1
6067	0
6068	0
6069	0
6070	0
6071	0
6072	0
6073	0
6074	0
6075	1
6076	0
6077	0
6078	0
6079	0
6080	0
6081	0
6082	0
6083	0
6084	0
6085	0
6086	0
6087	0
6088	0
6089	0
6090	0
6091	0
6092	0
6093	1
6094	1
6095	0
6096	0
6097	0
6098	0
6099	0
6100	0
6101	0
6102	0
6103	0
6104	0
6105	0
6106	0
6107	0
6108	0
6109	0
6110	0
6111	1
6112	0
6113	0
6114	0
6115	0
6116	1
6117	0
6118	0
6119	0
6120	0
6121	0
6122	0
6123	0
6124	0
6125	0
6126	0
6127	0
6128	0
6129	0
6130	1
6131	0
6132	0
6133	0
6134	0
6135	1
6136	1
6137	1
6138	0
6139	0
6140	0
6141	0
6142	0
6143	0
6144	0
6145	1
6146	0
6147	0
6148	0
6149	0
6150	1
6151	1
6152	0
6153	0
6154	1
6155	1
6156	0
6157	0
6158	0
6159	0
6160	0
6161	0
6162	0
6163	0
6164	0
6165	1
6166	0
6167	1
6168	0
6169	0
6170	1
6171	0
6172	0
6173	0
6174	0
6175	0
6176	0
6177	0
6178	1
6179	0
6180	1
6181	0
6182	1
6183	0
6184	0
6185	0
6186	0
6187	0
6188	0
6189	0
6190	0
6191	0
6192	0
6193	0
6194	0
6195	0
6196	0
6197	0
6198	0
6199	0
6200	0
6201	1
6202	0
6203	0
6204	0
6205	0
6206	0
6207	0
6208	0
6209	0
6210	1
6211	0
6212	0
6213	1
6214	0
6215	1
6216	0
6217	0
6218	1
6219	0
6220	0
6221	0
6222	0
6223	0
6224	0
6225	0
6226	0
6227	0
6228	0
6229	1
6230	0
6231	0
6232	1
6233	0
6234	1
6235	0
6236	0
6237	0
6238	0
6239	0
6240	0
6241	0
6242	1
6243	0
6244	0
6245	0
6246	0
6247	0
6248	0
6249	1
6250	0
6251	0
6252	0
6253	0
6254	0
6255	0
6256	0
6257	0
6258	1
6259	0
6260	0
6261	1
6262	1
6263	0
6264	1
6265	1
6266	0
6267	0
6268	1
6269	0
6270	0
6271	1
6272	0
6273	1
6274	0
6275	0
6276	0
6277	0
6278	0
6279	0
6280	0
6281	0
6282	0
6283	0
6284	0
6285	0
6286	0
6287	1
6288	0
6289	1
6290	0
6291	0
6292	0
6293	0
6294	0
6295	1
6296	0
6297	0
6298	0
6299	0
6300	0
6301	0
6302	0
6303	0
6304	0
6305	0
6306	1
6307	0
6308	0
6309	1
6310	1
6311	0
6312	0
6313	1
6314	0
6315	0
6316	2
6317	2
6318	1
6319	0
6320	0
6321	0
6322	0
6323	0
6324	0
6325	1
6326	0
6327	0
6328	0
6329	0
6330	0
6331	0
6332	0
6333	0
6334	0
6335	1
6336	0
6337	0
6338	0
6339	0
6340	1
6341	0
6342	0
6343	0
6344	0
6345	0
6346	0
6347	0
6348	1
6349	0
6350	0
6351	0
6352	0
6353	0
6354	0
6355	0
6356	0
6357	0
6358	0
6359	0
6360	0
6361	0
6362	0
6363	0
6364	0
6365	0
6366	0
6367	1
6368	0
6369	0
6370	1
6371	0
6372	0
6373	0
6374	1
6375	0
6376	0
6377	0
6378	2
6379	0
6380	0
6381	0
6382	0
6383	1
6384	0
6385	0
6386	0
6387	0
6388	0
6389	1
6390	0
6391	0
6392	0
6393	0
6394	1
6395	0
6396	0
6397	0
6398	0
6399	1
6400	0
6401	0
6402	0
6403	0
6404	0
6405	1
6406	0
6407	1
6408	0
6409	0
6410	0
6411	1
6412	0
6413	1
6414	0
6415	0
6416	0
6417	0
6418	0
6419	0
6420	2
6421	0
6422	0
6423	0
6424	0
6425	0
6426	0
6427	0
6428	0
6429	0
6430	0
6431	0
6432	0
6433	0
6434	0
6435	0
6436	0
6437	0
6438	1
6439	0
6440	0
6441	0
6442	0
6443	0
6444	0
6445	0
6446	0
6447	1
6448	0
6449	1
6450	0
6451	1
6452	0
6453	0
6454	0
6455	0
6456	0
6457	0
6458	0
6459	1
6460	0
6461	0
6462	0
6463	0
6464	0
6465	0
6466	0
6467	1
6468	0
6469	0
6470	0
6471	0
6472	0
6473	0
6474	0
6475	0
6476	0
6477	1
6478	0
6479	0
6480	1
6481	0
6482	0
6483	0
6484	0
6485	0
6486	0
6487	0
6488	1
6489	0
6490	0
6491	1
6492	1
6493	0
6494	0
6495	0
6496	0
6497	1
6498	0
6499	0
6500	0
6501	0
6502	0
6503	0
6504	0
6505	0
6506	1
6507	0
6508	0
6509	0
6510	0
6511	0
6512	0
6513	1
6514	0
6515	0
6516	0
6517	0
6518	1
6519	1
6520	0
6521	0
6522	0
6523	1
6524	0
6525	0
6526	1
6527	0
6528	1
6529	0
6530	0
6531	1
6532	0
6533	0
6534	0
6535	0
6536	0
6537	0
6538	0
6539	0
6540	2
6541	0
6542	1
6543	0
6544	0
6545	0
6546	0
6547	0
6548	0
6549	1
6550	0
6551	0
6552	0
6553	0
6554	0
6555	0
6556	1
6557	0
6558	0
6559	1
6560	0
6561	0
6562	0
6563	1
6564	0
6565	0
6566	1
6567	0
6568	0
6569	0
6570	1
6571	1
6572	0
6573	0
6574	0
6575	0
6576	0
6577	1
6578	0
6579	0
6580	0
6581	0
6582	1
6583	1
6584	0
6585	1
6586	1
6587	0
6588	0
6589	0
6590	0
6591	0
6592	0
6593	0
6594	0
6595	0
6596	0
6597	0
6598	0
6599	1
6600	1
6601	0
6602	0
6603	0
6604	0
6605	1
6606	0
6607	0
6608	0
6609	0
6610	0
6611	0
6612	0
6613	2
6614	0
6615	0
6616	0
6617	0
6618	0
6619	1
6620	0
6621	1
6622	1
6623	0
6624	0
6625	0
6626	0
6627	0
6628	0
6629	0
6630	1
6631	0
6632	0
6633	0
6634	0
6635	0
6636	0
6637	0
6638	1
6639	1
6640	0
6641	0
6642	0
6643	0
6644	0
6645	0
6646	1
6647	0
6648	0
6649	0
6650	0
6651	0
6652	0
6653	1
6654	1
6655	0
6656	0
6657	0
6658	0
6659	0
6660	1
6661	0
6662	0
6663	0
6664	0
6665	0
6666	0
6667	0
6668	0
6669	1
6670	0
6671	0
6672	0
6673	0
6674	0
6675	0
6676	0
6677	0
6678	0
6679	0
6680	0
6681	0
6682	0
6683	0
6684	0
6685	0
6686	0
6687	0
6688	0
6689	0
6690	0
6691	0
6692	1
6693	0
6694	1
6695	0
6696	0
6697	0
6698	0
6699	0
6700	0
6701	0
6702	0
6703	0
6704	1
6705	0
6706	0
6707	0
6708	0
6709	0
6710	0
6711	0
6712	0
6713	0
6714	0
6715	0
6716	0
6717	0
6718	0
6719	0
6720	0
6721	0
6722	0
6723	0
6724	0
6725	0
6726	0
6727	0
6728	2
6729	0
6730	0
6731	0
6732	0
6733	0
6734	1
6735	0
6736	0
6737	0
6738	0
6739	0
6740	0
6741	1
6742	0
6743	0
6744	0
6745	0
6746	0
6747	0
6748	0
6749	0
6750	0
6751	0
6752	1
6753	0
6754	0
6755	0
6756	0
6757	0
6758	1
6759	0
6760	0
6761	0
6762	0
6763	0
6764	0
6765	0
6766	0
6767	0
6768	0
6769	0
6770	0
6771	0
6772	0
6773	0
6774	0
6775	0
6776	1
6777	0
6778	0
6779	0
6780	0
6781	0
6782	0
6783	0
6784	0
6785	0
6786	0
6787	0
6788	0
6789	0
6790	0
6791	0
6792	0
6793	0
6794	0
6795	0
6796	0
6797	0
6798	0
6799	1
6800	0
6801	0
6802	0
6803	1
6804	0
6805	0
6806	0
6807	0
6808	0
6809	0
6810	1
6811	1
6812	0
6813	1
6814	0
6815	1
6816	0
6817	0
6818	0
6819	1
6820	0
6821	0
6822	0
6823	1
6824	0
6825	0
6826	0
6827	1
6828	0
6829	0
6830	0
6831	0
6832	0
6833	1
6834	0
6835	0
6836	0
6837	0
6838	0
6839	1
6840	0
6841	0
6842	0
6843	1
6844	1
6845	0
6846	0
6847	0
6848	0
6849	0
6850	0
6851	0
6852	0
6853	0
6854	0
6855	1
6856	0
6857	1
6858	0
6859	0
6860	0
6861	0
6862	0
6863	1
6864	0
6865	1
6866	0
6867	0
6868	1
6869	0
6870	0
6871	0
6872	0
6873	0
6874	0
6875	0
6876	0
6877	0
6878	0
6879	0
6880	0
6881	1
6882	0
6883	0
6884	0
6885	0
6886	0
6887	0
6888	1
6889	0
6890	0
6891	0
6892	0
6893	0
6894	0
6895	0
6896	0
6897	1
6898	0
6899	0
6900	0
6901	0
6902	0
6903	0
6904	0
6905	0
6906	0
6907	0
6908	0
6909	0
6910	1
6911	0
6912	1
6913	0
6914	0
6915	0
6916	0
6917	0
6918	0
6919	0
6920	0
6921	0
6922	0
6923	0
6924	0
6925	0
6926	0
6927	0
6928	0
6929	0
6930	0
6931	0
6932	0
6933	0
6934	0
6935	0
6936	0
6937	0
6938	0
6939	0
6940	0
6941	0
6942	0
6943	0
6944	0
6945	0
6946	0
6947	0
6948	3
6949	0
6950	0
6951	0
6952	0
6953	0
6954	0
6955	0
6956	0
6957	0
6958	0
6959	0
6960	0
6961	0
6962	0
6963	0
6964	0
6965	1
6966	0
6967	0
6968	0
6969	0
6970	0
6971	0
6972	0
6973	0
6974	0
6975	0
6976	0
6977	0
6978	0
6979	0
6980	0
6981	0
6982	0
6983	0
6984	0
6985	0
6986	0
6987	0
6988	0
6989	0
6990	1
6991	0
6992	0
6993	0
6994	0
6995	0
6996	0
6997	0
6998	0
6999	0
7000	0
7001	0
7002	1
7003	0
7004	0
7005	0
7006	1
7007	0
7008	0
7009	0
7010	0
7011	0
7012	0
7013	0
7014	0
7015	0
7016	0
7017	0
7018	0
7019	0
7020	0
7021	0
7022	0
7023	0
7024	0
7025	0
7026	0
7027	0
7028	0
7029	1
7030	0
7031	0
7032	0
7033	0
7034	0
7035	0
7036	1
7037	0
7038	0
7039	0
7040	0
7041	0
7042	0
7043	1
7044	0
7045	0
7046	0
7047	0
7048	1
7049	1
7050	1
7051	0
7052	0
7053	0
7054	0
7055	0
7056	1
7057	0
7058	0
7059	0
7060	1
7061	0
7062	0
7063	0
7064	0
7065	0
7066	0
7067	0
7068	0
7069	0
7070	0
7071	0
7072	0
7073	0
7074	0
7075	0
7076	0
7077	0
7078	1
7079	0
7080	0
7081	1
7082	0
7083	0
7084	0
7085	0
7086	1
7087	0
7088	0
7089	0
7090	0
7091	1
7092	0
7093	0
7094	0
7095	0
7096	0
7097	1
7098	0
7099	0
7100	0
7101	0
7102	0
7103	0
7104	0
7105	0
7106	0
7107	0
7108	0
7109	0
7110	0
7111	0
7112	0
7113	0
7114	0
7115	0
7116	0
7117	0
7118	0
7119	0
7120	1
7121	1
7122	0
7123	0
7124	0
7125	0
7126	0
7127	0
7128	0
7129	0
7130	0
7131	1
7132	0
7133	0
7134	0
7135	0
7136	0
7137	0
7138	0
7139	0
7140	0
7141	0
7142	1
7143	0
7144	1
7145	1
7146	0
7147	0
7148	0
7149	0
7150	0
7151	0
7152	0
7153	0
7154	0
7155	0
7156	0
7157	2
7158	0
7159	0
7160	0
7161	0
7162	0
7163	0
7164	0
7165	1
7166	0
7167	0
7168	0
7169	0
7170	1
7171	0
7172	0
7173	0
7174	0
7175	0
7176	0
7177	0
7178	1
7179	0
7180	0
7181	0
7182	0
7183	0
7184	0
7185	0
7186	0
7187	0
7188	0
7189	0
7190	1
7191	0
7192	0
7193	0
7194	0
7195	0
7196	0
7197	0
7198	0
7199	0
7200	0
7201	0
7202	0
7203	1
7204	0
7205	0
7206	0
7207	0
7208	0
7209	0
7210	1
7211	1
7212	1
7213	0
7214	0
7215	0
7216	1
7217	0
7218	1
7219	1
7220	0
7221	0
7222	0
7223	0
7224	0
7225	0
7226	0
7227	0
7228	0
7229	1
7230	0
7231	0
7232	0
7233	0
7234	0
7235	0
7236	0
7237	0
7238	0
7239	0
7240	0
7241	0
7242	0
7243	0
7244	0
7245	0
7246	0
7247	0
7248	0
7249	0
7250	1
7251	0
7252	0
7253	1
7254	0
7255	0
7256	0
7257	1
7258	0
7259	0
7260	0
7261	0
7262	0
7263	0
7264	0
7265	0
7266	0
7267	0
7268	0
7269	0
7270	0
7271	0
7272	1
7273	0
7274	0
7275	0
7276	0
7277	1
7278	0
7279	0
7280	0
7281	0
7282	0
7283	0
7284	0
7285	0
7286	0
7287	0
7288	0
7289	0
7290	0
7291	1
7292	0
7293	0
7294	0
7295	1
7296	0
7297	0
7298	1
7299	0
7300	0
7301	0
7302	0
7303	0
7304	0
7305	0
7306	0
7307	0
7308	0
7309	0
7310	0
7311	0
7312	0
7313	0
7314	0
7315	0
7316	0
7317	0
7318	0
7319	0
7320	0
7321	1
7322	0
7323	0
7324	0
7325	0
7326	0
7327	0
7328	0
7329	0
7330	0
7331	0
7332	0
7333	0
7334	0
7335	0
7336	0
7337	0
7338	0
7339	0
7340	0
7341	0
7342	0
7343	0
7344	0
7345	0
7346	0
7347	0
7348	1
7349	0
7350	0
7351	0
7352	0
7353	0
7354	0
7355	0
7356	0
7357	0
7358	0
7359	0
7360	0
7361	0
7362	0
7363	0
7364	0
7365	0
7366	0
7367	0
7368	0
7369	0
7370	0
7371	0
7372	0
7373	0
7374	0
7375	1
7376	1
7377	0
7378	0
7379	1
7380	0
7381	0
7382	0
7383	0
7384	0
7385	0
7386	0
7387	0
7388	1
7389	0
7390	0
7391	0
7392	0
7393	0
7394	0
7395	0
7396	0
7397	0
7398	0
7399	0
7400	0
7401	0
7402	0
7403	0
7404	0
7405	0
7406	1
7407	0
7408	0
7409	0
7410	1
7411	0
7412	0
7413	0
7414	0
7415	0
7416	0
7417	0
7418	0
7419	0
7420	0
7421	0
7422	0
7423	0
7424	0
7425	0
7426	0
7427	0
7428	0
7429	0
7430	1
7431	0
7432	1
7433	0
7434	0
7435	0
7436	0
7437	0
7438	0
7439	0
7440	0
7441	0
7442	0
7443	0
7444	0
7445	0
7446	0
7447	0
7448	0
7449	0
7450	0
7451	0
7452	0
7453	0
7454	0
7455	0
7456	1
7457	0
7458	0
7459	0
7460	0
7461	0
7462	0
7463	0
7464	0
7465	0
7466	2
7467	0
7468	0
7469	0
7470	0
7471	0
7472	0
7473	0
7474	0
7475	0
7476	1
7477	0
7478	0
7479	0
7480	0
7481	0
7482	0
7483	0
7484	0
7485	0
7486	0
7487	0
7488	0
7489	0
7490	0
7491	0
7492	0
7493	0
7494	0
7495	0
7496	0
7497	0
7498	0
7499	0
7500	0
7501	0
7502	0
7503	0
7504	0
7505	0
7506	0
7507	0
7508	0
7509	0
7510	0
7511	0
7512	0
7513	0
7514	0
7515	0
7516	0
7517	0
7518	0
7519	0
7520	0
7521	0
7522	0
7523	0
7524	0
7525	1
7526	0
7527	0
7528	0
7529	0
7530	0
7531	0
7532	0
7533	0
7534	0
7535	1
7536	0
7537	0
7538	0
7539	0
7540	0
7541	0
7542	0
7543	0
7544	0
7545	0
7546	0
7547	0
7548	0
7549	0
7550	0
7551	0
7552	0
7553	0
7554	0
7555	0
7556	0
7557	0
7558	0
7559	1
7560	0
7561	0
7562	1
7563	1
7564	0
7565	0
7566	1
7567	0
7568	0
7569	0
7570	0
7571	0
7572	0
7573	0
7574	0
7575	0
7576	0
7577	0
7578	0
7579	0
7580	0
7581	0
7582	0
7583	0
7584	0
7585	0
7586	0
7587	0
7588	0
7589	0
7590	0
7591	0
7592	0
7593	1
7594	1
7595	0
7596	1
7597	0
7598	0
7599	0
7600	0
7601	0
7602	1
7603	0
7604	0
7605	0
7606	0
7607	0
7608	0
7609	1
7610	0
7611	0
7612	0
7613	0
7614	0
7615	0
7616	0
7617	1
7618	0
7619	0
7620	0
7621	0
7622	0
7623	1
7624	0
7625	2
7626	1
7627	0
7628	0
7629	0
7630	0
7631	0
7632	0
7633	0
7634	0
7635	0
7636	0
7637	0
7638	0
7639	1
7640	0
7641	0
7642	0
7643	0
7644	0
7645	0
7646	0
7647	0
7648	0
7649	0
7650	0
7651	0
7652	0
7653	1
7654	0
7655	0
7656	0
7657	0
7658	0
7659	0
7660	0
7661	0
7662	0
7663	0
7664	0
7665	0
7666	0
7667	0
7668	0
7669	0
7670	0
7671	0
7672	0
7673	0
7674	1
7675	0
7676	0
7677	0
7678	0
7679	0
7680	0
7681	0
7682	0
7683	0
7684	0
7685	1
7686	0
7687	0
7688	0
7689	0
7690	0
7691	0
7692	0
7693	0
7694	0
7695	0
7696	0
7697	1
7698	0
7699	0
7700	0
7701	0
7702	0
7703	0
7704	0
7705	0
7706	0
7707	0
7708	0
7709	0
7710	0
7711	0
7712	0
7713	0
7714	1
7715	0
7716	1
7717	0
7718	0
7719	1
7720	0
7721	0
7722	0
7723	0
7724	1
7725	0
7726	0
7727	0
7728	0
7729	0
7730	0
7731	0
7732	1
7733	0
7734	0
7735	0
7736	0
7737	0
7738	0
7739	0
7740	1
7741	0
7742	0
7743	0
7744	0
7745	0
7746	0
7747	0
7748	1
7749	0
7750	0
7751	0
7752	0
7753	0
7754	0
7755	0
7756	0
7757	0
7758	0
7759	0
7760	0
7761	1
7762	0
7763	0
7764	0
7765	0
7766	0
7767	0
7768	0
7769	0
7770	0
7771	0
7772	0
7773	0
7774	0
7775	0
7776	0
7777	1
7778	0
7779	0
7780	0
7781	0
7782	0
7783	0
7784	0
7785	0
7786	1
7787	0
7788	0
7789	0
7790	0
7791	0
7792	0
7793	1
7794	0
7795	0
7796	0
7797	0
7798	0
7799	0
7800	0
7801	0
7802	0
7803	0
7804	1
7805	0
7806	0
7807	0
7808	0
7809	1
7810	0
7811	0
7812	0
7813	0
7814	0
7815	0
7816	0
7817	0
7818	0
7819	0
7820	0
7821	0
7822	0
7823	0
7824	0
7825	0
7826	0
7827	0
7828	0
7829	1
7830	1
7831	0
7832	0
7833	0
7834	0
7835	0
7836	0
7837	0
7838	0
7839	0
7840	0
7841	0
7842	1
7843	0
7844	0
7845	0
7846	0
7847	0
7848	0
7849	0
7850	0
7851	0
7852	0
7853	1
7854	0
7855	0
7856	0
7857	0
7858	0
7859	0
7860	0
7861	0
7862	0
7863	0
7864	1
7865	0
7866	1
7867	0
7868	1
7869	0
7870	0
7871	0
7872	0
7873	1
7874	2
7875	0
7876	0
7877	0
7878	0
7879	0
7880	1
7881	1
7882	0
7883	0
7884	0
7885	0
7886	0
7887	1
7888	0
7889	0
7890	0
7891	0
7892	0
7893	0
7894	0
7895	0
7896	0
7897	0
7898	0
7899	0
7900	0
7901	0
7902	0
7903	0
7904	0
7905	0
7906	0
7907	0
7908	0
7909	1
7910	0
7911	0
7912	0
7913	0
7914	0
7915	0
7916	0
7917	0
7918	0
7919	0
7920	0
7921	1
7922	0
7923	0
7924	0
7925	1
7926	0
7927	0
7928	0
7929	0
7930	0
7931	0
7932	0
7933	0
7934	0
7935	0
7936	0
7937	0
7938	0
7939	0
7940	0
7941	0
7942	0
7943	0
7944	0
7945	0
7946	0
7947	0
7948	0
7949	1
7950	0
7951	0
7952	0
7953	0
7954	0
7955	0
7956	1
7957	0
7958	0
7959	0
7960	0
7961	0
7962	0
7963	0
7964	0
7965	0
7966	0
7967	0
7968	0
7969	0
7970	0
7971	0
7972	0
7973	0
7974	0
7975	0
7976	0
7977	1
7978	0
7979	0
7980	0
7981	0
7982	0
7983	0
7984	0
7985	0
7986	1
7987	0
7988	0
7989	0
7990	0
7991	0
7992	0
7993	0
7994	0
7995	1
7996	0
7997	0
7998	0
7999	0
8000	1
8001	1
8002	0
8003	0
8004	0
8005	0
8006	0
8007	0
8008	0
8009	0
8010	0
8011	1
8012	1
8013	0
8014	0
8015	0
8016	0
8017	0
8018	0
8019	0
8020	0
8021	0
8022	0
8023	0
8024	0
8025	1
8026	1
8027	0
8028	0
8029	0
8030	0
8031	0
8032	1
8033	1
8034	0
8035	0
8036	0
8037	0
8038	0
8039	0
8040	0
8041	0
8042	0
8043	1
8044	0
8045	0
8046	0
8047	0
8048	0
8049	0
8050	0
8051	0
8052	0
8053	0
8054	0
8055	0
8056	0
8057	0
8058	0
8059	0
8060	0
8061	0
8062	0
8063	0
8064	0
8065	0
8066	0
8067	0
8068	0
8069	0
8070	0
8071	0
8072	0
8073	0
8074	0
8075	0
8076	0
8077	0
8078	0
8079	0
8080	0
8081	0
8082	0
8083	0
8084	0
8085	0
8086	0
8087	0
8088	0
8089	0
8090	0
8091	0
8092	0
8093	0
8094	0
8095	0
8096	0
8097	0
8098	0
8099	0
8100	0
8101	0
8102	0
8103	0
8104	0
8105	0
8106	0
8107	0
8108	0
8109	0
8110	0
8111	0
8112	0
8113	0
8114	0
8115	0
8116	0
8117	0
8118	0
8119	0
8120	0
8121	0
8122	0
8123	0
8124	0
8125	0
8126	0
8127	0
8128	0
8129	0
8130	0
8131	0
8132	0
8133	0
8134	0
8135	0
8136	0
8137	0
8138	0
8139	0
8140	0
8141	0
8142	0
8143	0
8144	0
8145	0
8146	0
8147	0
8148	0
8149	0
8150	0
8151	0
8152	0
8153	0
8154	0
8155	0
8156	0
8157	0
8158	0
8159	0
8160	0
8161	0
8162	0
8163	0
8164	0
8165	0
8166	0
8167	0
8168	0
8169	0
8170	0
8171	0
8172	0
8173	0
8174	0
8175	0
8176	0
8177	0
8178	0
8179	0
8180	0
8181	0
8182	0
8183	0
8184	0
8185	0
8186	0
8187	0
8188	0
8189	0
8190	0
8191	0
