0	0
1	0
2	0
3	0
4	0
5	0
6	0
7	0
8	0
9	0
10	0
11	0
12	0
13	0
14	0
15	0
16	0
17	0
18	0
19	0
20	0
21	0
22	0
23	0
24	0
25	0
26	0
27	0
28	0
29	0
30	0
31	0
32	0
33	0
34	0
35	0
36	0
37	0
38	0
39	0
40	0
41	0
42	0
43	0
44	0
45	0
46	0
47	0
48	0
49	0
50	0
51	0
52	0
53	0
54	0
55	0
56	0
57	0
58	0
59	0
60	0
61	0
62	0
63	0
64	0
65	0
66	0
67	0
68	1
69	5
70	31
71	46
72	38
73	51
74	45
75	42
76	38
77	48
78	37
79	40
80	47
81	47
82	39
83	51
84	39
85	51
86	32
87	37
88	41
89	47
90	41
91	36
92	30
93	38
94	42
95	44
96	37
97	36
98	43
99	37
100	28
101	32
102	37
103	35
104	35
105	42
106	34
107	45
108	53
109	44
110	50
111	29
112	39
113	45
114	40
115	25
116	37
117	36
118	35
119	38
120	35
121	33
122	30
123	41
124	41
125	28
126	43
127	37
128	38
129	41
130	36
131	51
132	37
133	36
134	33
135	31
136	27
137	30
138	34
139	36
140	41
141	31
142	39
143	36
144	41
145	29
146	27
147	32
148	32
149	33
150	36
151	29
152	30
153	36
154	22
155	26
156	31
157	29
158	39
159	36
160	26
161	26
162	33
163	33
164	42
165	40
166	35
167	37
168	26
169	34
170	28
171	35
172	34
173	36
174	38
175	31
176	33
177	32
178	39
179	30
180	39
181	36
182	36
183	27
184	41
185	23
186	41
187	35
188	35
189	36
190	34
191	22
192	35
193	34
194	20
195	31
196	31
197	31
198	27
199	23
200	30
201	32
202	40
203	42
204	24
205	26
206	28
207	25
208	33
209	34
210	36
211	33
212	28
213	28
214	29
215	50
216	40
217	28
218	33
219	36
220	36
221	33
222	21
223	36
224	29
225	29
226	39
227	28
228	32
229	39
230	36
231	28
232	25
233	32
234	24
235	29
236	29
237	37
238	38
239	29
240	31
241	28
242	40
243	33
244	32
245	33
246	31
247	38
248	32
249	34
250	44
251	34
252	45
253	35
254	44
255	47
256	35
257	35
258	25
259	35
260	36
261	40
262	44
263	35
264	32
265	29
266	32
267	37
268	43
269	43
270	44
271	33
272	32
273	38
274	47
275	46
276	37
277	39
278	44
279	35
280	48
281	41
282	36
283	44
284	37
285	31
286	40
287	31
288	46
289	42
290	51
291	36
292	48
293	40
294	39
295	44
296	43
297	43
298	41
299	42
300	40
301	47
302	33
303	46
304	53
305	41
306	47
307	47
308	53
309	35
310	49
311	46
312	51
313	44
314	45
315	56
316	34
317	53
318	42
319	46
320	60
321	45
322	53
323	48
324	44
325	48
326	57
327	46
328	51
329	49
330	38
331	49
332	55
333	53
334	54
335	49
336	48
337	46
338	43
339	52
340	67
341	49
342	56
343	46
344	59
345	54
346	55
347	34
348	51
349	55
350	53
351	52
352	55
353	54
354	62
355	60
356	62
357	62
358	57
359	60
360	59
361	64
362	61
363	60
364	77
365	76
366	74
367	76
368	68
369	57
370	62
371	62
372	66
373	58
374	61
375	59
376	56
377	49
378	67
379	64
380	58
381	48
382	49
383	54
384	55
385	65
386	52
387	57
388	74
389	60
390	67
391	57
392	64
393	50
394	72
395	51
396	73
397	66
398	65
399	49
400	50
401	64
402	67
403	49
404	56
405	66
406	70
407	52
408	53
409	52
410	74
411	72
412	63
413	61
414	62
415	66
416	68
417	69
418	62
419	60
420	70
421	45
422	69
423	60
424	68
425	56
426	49
427	69
428	82
429	72
430	71
431	65
432	59
433	63
434	72
435	72
436	67
437	64
438	77
439	60
440	73
441	61
442	70
443	85
444	64
445	82
446	63
447	61
448	51
449	59
450	74
451	56
452	66
453	74
454	67
455	65
456	68
457	87
458	71
459	72
460	71
461	70
462	71
463	58
464	67
465	66
466	61
467	69
468	73
469	65
470	60
471	61
472	68
473	66
474	64
475	70
476	75
477	49
478	63
479	63
480	80
481	52
482	76
483	55
484	82
485	63
486	64
487	72
488	72
489	57
490	71
491	80
492	61
493	58
494	62
495	76
496	73
497	57
498	52
499	62
500	76
501	71
502	67
503	78
504	81
505	78
506	80
507	56
508	70
509	68
510	57
511	72
512	67
513	60
514	64
515	66
516	64
517	58
518	56
519	64
520	70
521	68
522	72
523	73
524	69
525	71
526	64
527	71
528	64
529	69
530	88
531	67
532	57
533	58
534	71
535	78
536	59
537	72
538	75
539	74
540	75
541	74
542	67
543	60
544	66
545	71
546	52
547	68
548	53
549	58
550	59
551	65
552	61
553	74
554	56
555	57
556	76
557	60
558	58
559	68
560	76
561	64
562	79
563	61
564	56
565	65
566	66
567	60
568	64
569	59
570	68
571	80
572	70
573	66
574	74
575	71
576	65
577	59
578	58
579	46
580	62
581	64
582	63
583	74
584	65
585	67
586	69
587	52
588	74
589	69
590	69
591	55
592	68
593	62
594	62
595	61
596	66
597	62
598	61
599	75
600	79
601	66
602	68
603	64
604	64
605	44
606	59
607	60
608	57
609	71
610	51
611	59
612	74
613	68
614	72
615	55
616	62
617	54
618	65
619	68
620	71
621	73
622	68
623	71
624	53
625	53
626	57
627	54
628	71
629	56
630	57
631	61
632	58
633	52
634	66
635	57
636	58
637	65
638	58
639	63
640	57
641	56
642	46
643	68
644	73
645	66
646	71
647	60
648	47
649	54
650	61
651	62
652	60
653	61
654	51
655	53
656	59
657	70
658	60
659	63
660	57
661	43
662	49
663	49
664	68
665	48
666	62
667	65
668	60
669	69
670	62
671	72
672	74
673	72
674	58
675	75
676	58
677	46
678	59
679	58
680	70
681	59
682	61
683	56
684	49
685	56
686	56
687	47
688	56
689	59
690	60
691	47
692	68
693	59
694	51
695	45
696	58
697	54
698	74
699	43
700	78
701	53
702	49
703	68
704	64
705	50
706	60
707	48
708	60
709	62
710	57
711	58
712	59
713	59
714	59
715	50
716	52
717	54
718	54
719	56
720	56
721	67
722	64
723	73
724	59
725	41
726	43
727	48
728	61
729	52
730	46
731	60
732	59
733	72
734	41
735	55
736	43
737	56
738	54
739	50
740	58
741	54
742	56
743	41
744	46
745	53
746	51
747	61
748	63
749	60
750	43
751	43
752	60
753	70
754	44
755	44
756	50
757	40
758	61
759	42
760	56
761	43
762	51
763	50
764	56
765	62
766	60
767	44
768	41
769	46
770	48
771	48
772	54
773	37
774	41
775	46
776	63
777	49
778	56
779	41
780	56
781	49
782	38
783	54
784	55
785	52
786	44
787	37
788	42
789	45
790	51
791	55
792	47
793	53
794	50
795	48
796	38
797	44
798	43
799	38
800	52
801	41
802	47
803	52
804	51
805	42
806	45
807	70
808	44
809	61
810	31
811	36
812	53
813	53
814	39
815	42
816	41
817	48
818	44
819	64
820	51
821	56
822	55
823	45
824	43
825	47
826	49
827	46
828	50
829	39
830	48
831	44
832	42
833	36
834	52
835	45
836	46
837	46
838	47
839	40
840	51
841	54
842	51
843	50
844	32
845	51
846	42
847	53
848	32
849	54
850	38
851	43
852	34
853	48
854	43
855	51
856	56
857	40
858	33
859	44
860	34
861	39
862	45
863	39
864	44
865	42
866	55
867	39
868	34
869	42
870	37
871	45
872	45
873	41
874	35
875	29
876	40
877	42
878	37
879	33
880	45
881	50
882	43
883	42
884	38
885	56
886	44
887	48
888	41
889	47
890	36
891	44
892	38
893	40
894	55
895	47
896	47
897	39
898	51
899	33
900	42
901	33
902	49
903	38
904	49
905	45
906	34
907	41
908	46
909	32
910	43
911	54
912	37
913	43
914	35
915	34
916	57
917	43
918	35
919	36
920	30
921	27
922	37
923	50
924	44
925	44
926	41
927	40
928	42
929	39
930	37
931	45
932	38
933	30
934	49
935	40
936	41
937	39
938	38
939	44
940	40
941	48
942	42
943	42
944	43
945	42
946	34
947	35
948	42
949	28
950	41
951	47
952	38
953	32
954	45
955	39
956	47
957	44
958	40
959	32
960	52
961	37
962	37
963	44
964	33
965	34
966	45
967	42
968	33
969	40
970	28
971	33
972	50
973	38
974	46
975	39
976	34
977	54
978	36
979	34
980	29
981	35
982	33
983	45
984	43
985	27
986	40
987	35
988	28
989	32
990	27
991	30
992	42
993	29
994	36
995	41
996	36
997	37
998	31
999	40
1000	29
1001	23
1002	33
1003	33
1004	32
1005	39
1006	29
1007	24
1008	29
1009	35
1010	37
1011	32
1012	36
1013	38
1014	28
1015	31
1016	34
1017	37
1018	37
1019	35
1020	31
1021	37
1022	36
1023	31
1024	48
1025	27
1026	29
1027	29
1028	29
1029	25
1030	47
1031	32
1032	43
1033	25
1034	35
1035	37
1036	33
1037	33
1038	29
1039	30
1040	34
1041	41
1042	33
1043	33
1044	24
1045	34
1046	38
1047	19
1048	37
1049	33
1050	25
1051	31
1052	36
1053	34
1054	46
1055	20
1056	40
1057	43
1058	23
1059	27
1060	38
1061	33
1062	45
1063	30
1064	31
1065	34
1066	32
1067	28
1068	32
1069	32
1070	29
1071	31
1072	27
1073	35
1074	32
1075	25
1076	29
1077	37
1078	32
1079	31
1080	24
1081	27
1082	44
1083	28
1084	28
1085	25
1086	43
1087	31
1088	32
1089	34
1090	36
1091	34
1092	40
1093	30
1094	35
1095	34
1096	27
1097	30
1098	19
1099	24
1100	27
1101	24
1102	23
1103	35
1104	34
1105	33
1106	25
1107	32
1108	31
1109	28
1110	29
1111	35
1112	25
1113	30
1114	27
1115	23
1116	27
1117	32
1118	29
1119	25
1120	31
1121	27
1122	28
1123	31
1124	32
1125	28
1126	34
1127	28
1128	24
1129	34
1130	33
1131	31
1132	23
1133	40
1134	29
1135	30
1136	27
1137	18
1138	25
1139	33
1140	23
1141	36
1142	28
1143	29
1144	35
1145	25
1146	37
1147	36
1148	32
1149	31
1150	29
1151	31
1152	30
1153	30
1154	33
1155	38
1156	43
1157	21
1158	22
1159	26
1160	32
1161	25
1162	14
1163	29
1164	26
1165	19
1166	28
1167	22
1168	21
1169	32
1170	28
1171	31
1172	21
1173	18
1174	22
1175	24
1176	21
1177	33
1178	23
1179	31
1180	19
1181	27
1182	23
1183	28
1184	25
1185	28
1186	26
1187	33
1188	25
1189	26
1190	20
1191	19
1192	30
1193	28
1194	20
1195	26
1196	35
1197	27
1198	23
1199	33
1200	29
1201	19
1202	34
1203	27
1204	36
1205	24
1206	24
1207	28
1208	46
1209	33
1210	54
1211	57
1212	55
1213	53
1214	46
1215	37
1216	37
1217	22
1218	30
1219	21
1220	22
1221	30
1222	28
1223	23
1224	28
1225	25
1226	30
1227	24
1228	28
1229	25
1230	34
1231	21
1232	16
1233	17
1234	20
1235	24
1236	19
1237	21
1238	22
1239	24
1240	22
1241	16
1242	17
1243	24
1244	19
1245	21
1246	17
1247	15
1248	20
1249	22
1250	26
1251	15
1252	18
1253	21
1254	22
1255	19
1256	13
1257	20
1258	24
1259	27
1260	20
1261	27
1262	16
1263	29
1264	12
1265	28
1266	20
1267	28
1268	11
1269	14
1270	15
1271	24
1272	18
1273	17
1274	21
1275	18
1276	30
1277	23
1278	22
1279	16
1280	11
1281	19
1282	12
1283	25
1284	21
1285	18
1286	24
1287	20
1288	23
1289	22
1290	16
1291	21
1292	25
1293	15
1294	20
1295	17
1296	21
1297	23
1298	18
1299	16
1300	22
1301	20
1302	20
1303	28
1304	24
1305	14
1306	16
1307	19
1308	16
1309	21
1310	17
1311	15
1312	21
1313	24
1314	26
1315	19
1316	24
1317	19
1318	14
1319	15
1320	19
1321	22
1322	17
1323	14
1324	20
1325	24
1326	15
1327	22
1328	16
1329	24
1330	23
1331	15
1332	14
1333	20
1334	16
1335	13
1336	19
1337	20
1338	25
1339	21
1340	16
1341	21
1342	23
1343	21
1344	21
1345	24
1346	13
1347	20
1348	22
1349	12
1350	18
1351	23
1352	26
1353	16
1354	14
1355	12
1356	16
1357	18
1358	15
1359	19
1360	27
1361	18
1362	14
1363	20
1364	21
1365	18
1366	18
1367	20
1368	15
1369	15
1370	27
1371	18
1372	26
1373	25
1374	26
1375	20
1376	16
1377	31
1378	18
1379	24
1380	9
1381	14
1382	28
1383	18
1384	18
1385	15
1386	16
1387	8
1388	13
1389	17
1390	16
1391	18
1392	11
1393	20
1394	16
1395	13
1396	22
1397	14
1398	12
1399	26
1400	16
1401	22
1402	15
1403	16
1404	18
1405	13
1406	17
1407	20
1408	17
1409	16
1410	25
1411	11
1412	18
1413	16
1414	19
1415	20
1416	18
1417	15
1418	13
1419	11
1420	17
1421	15
1422	20
1423	19
1424	13
1425	13
1426	19
1427	18
1428	12
1429	15
1430	22
1431	17
1432	21
1433	15
1434	11
1435	23
1436	9
1437	15
1438	13
1439	13
1440	20
1441	21
1442	13
1443	21
1444	10
1445	10
1446	14
1447	19
1448	18
1449	13
1450	13
1451	18
1452	12
1453	14
1454	18
1455	11
1456	13
1457	9
1458	17
1459	18
1460	14
1461	13
1462	16
1463	11
1464	12
1465	18
1466	21
1467	16
1468	10
1469	18
1470	14
1471	10
1472	10
1473	8
1474	15
1475	15
1476	14
1477	17
1478	13
1479	16
1480	17
1481	9
1482	15
1483	19
1484	16
1485	19
1486	16
1487	20
1488	17
1489	9
1490	13
1491	17
1492	17
1493	22
1494	13
1495	16
1496	13
1497	9
1498	23
1499	19
1500	21
1501	21
1502	34
1503	24
1504	22
1505	35
1506	18
1507	19
1508	25
1509	14
1510	15
1511	14
1512	17
1513	11
1514	16
1515	14
1516	14
1517	14
1518	17
1519	12
1520	10
1521	18
1522	15
1523	8
1524	14
1525	22
1526	12
1527	15
1528	11
1529	10
1530	13
1531	15
1532	13
1533	18
1534	16
1535	17
1536	14
1537	15
1538	13
1539	7
1540	20
1541	12
1542	13
1543	13
1544	9
1545	12
1546	10
1547	16
1548	12
1549	14
1550	14
1551	10
1552	8
1553	14
1554	19
1555	9
1556	17
1557	12
1558	15
1559	14
1560	10
1561	10
1562	12
1563	14
1564	11
1565	13
1566	20
1567	20
1568	10
1569	9
1570	17
1571	17
1572	9
1573	14
1574	12
1575	16
1576	13
1577	12
1578	13
1579	13
1580	10
1581	18
1582	18
1583	9
1584	10
1585	9
1586	13
1587	14
1588	5
1589	7
1590	14
1591	10
1592	17
1593	12
1594	12
1595	12
1596	15
1597	12
1598	11
1599	12
1600	15
1601	17
1602	10
1603	16
1604	15
1605	15
1606	14
1607	15
1608	10
1609	9
1610	19
1611	12
1612	12
1613	20
1614	19
1615	10
1616	11
1617	16
1618	12
1619	15
1620	12
1621	20
1622	13
1623	15
1624	14
1625	15
1626	10
1627	10
1628	9
1629	10
1630	13
1631	15
1632	16
1633	10
1634	10
1635	12
1636	14
1637	11
1638	9
1639	11
1640	19
1641	12
1642	8
1643	13
1644	8
1645	13
1646	15
1647	13
1648	12
1649	15
1650	11
1651	11
1652	10
1653	11
1654	15
1655	11
1656	12
1657	9
1658	15
1659	15
1660	11
1661	18
1662	6
1663	7
1664	10
1665	12
1666	11
1667	17
1668	7
1669	13
1670	7
1671	12
1672	12
1673	16
1674	13
1675	8
1676	13
1677	15
1678	12
1679	9
1680	14
1681	7
1682	15
1683	14
1684	13
1685	12
1686	12
1687	16
1688	9
1689	18
1690	9
1691	17
1692	14
1693	20
1694	11
1695	16
1696	13
1697	9
1698	12
1699	11
1700	13
1701	13
1702	8
1703	10
1704	10
1705	7
1706	12
1707	6
1708	13
1709	12
1710	18
1711	10
1712	14
1713	10
1714	13
1715	13
1716	8
1717	14
1718	14
1719	14
1720	11
1721	8
1722	15
1723	9
1724	18
1725	19
1726	18
1727	12
1728	19
1729	15
1730	10
1731	17
1732	14
1733	6
1734	11
1735	13
1736	8
1737	4
1738	7
1739	12
1740	12
1741	10
1742	6
1743	5
1744	8
1745	14
1746	13
1747	10
1748	20
1749	9
1750	11
1751	8
1752	10
1753	6
1754	13
1755	19
1756	15
1757	12
1758	7
1759	19
1760	11
1761	10
1762	16
1763	7
1764	10
1765	12
1766	11
1767	16
1768	8
1769	11
1770	11
1771	14
1772	9
1773	8
1774	9
1775	12
1776	11
1777	13
1778	8
1779	10
1780	6
1781	7
1782	6
1783	8
1784	7
1785	13
1786	12
1787	14
1788	14
1789	15
1790	12
1791	9
1792	10
1793	17
1794	25
1795	26
1796	38
1797	29
1798	38
1799	19
1800	27
1801	16
1802	14
1803	14
1804	11
1805	8
1806	8
1807	9
1808	5
1809	7
1810	14
1811	7
1812	6
1813	15
1814	14
1815	11
1816	8
1817	13
1818	18
1819	10
1820	9
1821	10
1822	10
1823	10
1824	8
1825	11
1826	5
1827	13
1828	8
1829	7
1830	10
1831	14
1832	8
1833	10
1834	12
1835	10
1836	11
1837	14
1838	14
1839	10
1840	15
1841	12
1842	7
1843	7
1844	11
1845	6
1846	4
1847	10
1848	7
1849	14
1850	9
1851	11
1852	12
1853	7
1854	10
1855	11
1856	11
1857	4
1858	11
1859	11
1860	14
1861	7
1862	15
1863	8
1864	15
1865	8
1866	13
1867	14
1868	7
1869	11
1870	11
1871	12
1872	10
1873	7
1874	3
1875	11
1876	9
1877	9
1878	12
1879	9
1880	5
1881	4
1882	5
1883	9
1884	10
1885	12
1886	4
1887	15
1888	8
1889	10
1890	6
1891	9
1892	7
1893	11
1894	10
1895	4
1896	8
1897	14
1898	11
1899	7
1900	14
1901	14
1902	9
1903	11
1904	4
1905	8
1906	10
1907	9
1908	9
1909	12
1910	11
1911	11
1912	12
1913	13
1914	9
1915	8
1916	9
1917	10
1918	8
1919	8
1920	5
1921	3
1922	6
1923	9
1924	7
1925	9
1926	7
1927	4
1928	13
1929	8
1930	11
1931	9
1932	7
1933	9
1934	5
1935	8
1936	9
1937	7
1938	8
1939	12
1940	11
1941	6
1942	10
1943	10
1944	6
1945	8
1946	6
1947	9
1948	6
1949	11
1950	8
1951	6
1952	10
1953	7
1954	6
1955	9
1956	3
1957	10
1958	11
1959	13
1960	5
1961	5
1962	8
1963	8
1964	10
1965	7
1966	12
1967	5
1968	6
1969	7
1970	10
1971	17
1972	10
1973	5
1974	13
1975	5
1976	6
1977	6
1978	11
1979	3
1980	9
1981	13
1982	14
1983	9
1984	8
1985	13
1986	12
1987	11
1988	8
1989	13
1990	8
1991	4
1992	3
1993	8
1994	4
1995	9
1996	2
1997	9
1998	7
1999	6
2000	6
2001	6
2002	3
2003	10
2004	10
2005	8
2006	11
2007	3
2008	6
2009	3
2010	3
2011	6
2012	6
2013	3
2014	8
2015	6
2016	13
2017	3
2018	8
2019	11
2020	7
2021	7
2022	12
2023	5
2024	9
2025	15
2026	10
2027	8
2028	9
2029	5
2030	6
2031	15
2032	9
2033	11
2034	8
2035	10
2036	16
2037	8
2038	4
2039	11
2040	11
2041	2
2042	11
2043	8
2044	6
2045	8
2046	9
2047	6
2048	12
2049	6
2050	2
2051	4
2052	8
2053	6
2054	11
2055	11
2056	11
2057	4
2058	1
2059	6
2060	7
2061	6
2062	5
2063	13
2064	16
2065	6
2066	6
2067	9
2068	7
2069	9
2070	5
2071	8
2072	4
2073	8
2074	12
2075	4
2076	5
2077	3
2078	11
2079	8
2080	15
2081	8
2082	7
2083	7
2084	12
2085	9
2086	8
2087	12
2088	4
2089	6
2090	14
2091	9
2092	7
2093	7
2094	7
2095	5
2096	7
2097	14
2098	7
2099	5
2100	9
2101	12
2102	7
2103	8
2104	3
2105	4
2106	10
2107	8
2108	9
2109	9
2110	4
2111	9
2112	8
2113	8
2114	4
2115	9
2116	6
2117	6
2118	8
2119	10
2120	7
2121	5
2122	6
2123	5
2124	10
2125	9
2126	9
2127	9
2128	10
2129	8
2130	10
2131	5
2132	3
2133	8
2134	8
2135	7
2136	4
2137	6
2138	7
2139	11
2140	7
2141	6
2142	10
2143	8
2144	4
2145	5
2146	6
2147	14
2148	8
2149	4
2150	6
2151	5
2152	6
2153	6
2154	10
2155	6
2156	8
2157	7
2158	5
2159	8
2160	5
2161	7
2162	9
2163	7
2164	5
2165	5
2166	7
2167	10
2168	1
2169	8
2170	7
2171	5
2172	10
2173	3
2174	10
2175	4
2176	15
2177	5
2178	4
2179	5
2180	5
2181	5
2182	10
2183	8
2184	8
2185	6
2186	9
2187	6
2188	4
2189	5
2190	3
2191	9
2192	7
2193	9
2194	3
2195	6
2196	8
2197	9
2198	3
2199	2
2200	7
2201	6
2202	9
2203	8
2204	9
2205	4
2206	7
2207	12
2208	9
2209	8
2210	7
2211	6
2212	6
2213	5
2214	4
2215	6
2216	9
2217	6
2218	5
2219	9
2220	3
2221	11
2222	8
2223	9
2224	6
2225	8
2226	7
2227	3
2228	10
2229	5
2230	13
2231	6
2232	8
2233	9
2234	5
2235	3
2236	10
2237	3
2238	4
2239	9
2240	8
2241	10
2242	8
2243	11
2244	7
2245	9
2246	13
2247	3
2248	4
2249	14
2250	8
2251	8
2252	4
2253	3
2254	3
2255	8
2256	10
2257	7
2258	9
2259	3
2260	9
2261	8
2262	9
2263	5
2264	7
2265	6
2266	7
2267	6
2268	14
2269	0
2270	7
2271	6
2272	8
2273	5
2274	3
2275	11
2276	13
2277	6
2278	3
2279	5
2280	10
2281	8
2282	7
2283	4
2284	12
2285	2
2286	4
2287	7
2288	6
2289	11
2290	7
2291	5
2292	7
2293	6
2294	4
2295	4
2296	11
2297	9
2298	5
2299	8
2300	7
2301	4
2302	5
2303	4
2304	3
2305	6
2306	6
2307	7
2308	8
2309	9
2310	6
2311	1
2312	6
2313	11
2314	4
2315	7
2316	8
2317	5
2318	9
2319	6
2320	7
2321	5
2322	8
2323	6
2324	5
2325	1
2326	7
2327	11
2328	6
2329	6
2330	4
2331	5
2332	5
2333	3
2334	5
2335	3
2336	2
2337	3
2338	5
2339	7
2340	6
2341	9
2342	10
2343	3
2344	6
2345	9
2346	8
2347	7
2348	6
2349	10
2350	5
2351	6
2352	5
2353	5
2354	8
2355	4
2356	9
2357	11
2358	4
2359	6
2360	7
2361	9
2362	5
2363	8
2364	5
2365	8
2366	4
2367	8
2368	10
2369	10
2370	8
2371	10
2372	9
2373	9
2374	8
2375	5
2376	8
2377	7
2378	3
2379	6
2380	7
2381	6
2382	11
2383	7
2384	8
2385	9
2386	8
2387	5
2388	3
2389	6
2390	5
2391	6
2392	4
2393	7
2394	10
2395	7
2396	4
2397	4
2398	5
2399	7
2400	14
2401	3
2402	1
2403	6
2404	6
2405	1
2406	12
2407	4
2408	3
2409	1
2410	8
2411	6
2412	10
2413	7
2414	5
2415	1
2416	4
2417	5
2418	5
2419	2
2420	10
2421	4
2422	4
2423	6
2424	10
2425	4
2426	6
2427	6
2428	8
2429	5
2430	6
2431	9
2432	7
2433	5
2434	5
2435	4
2436	5
2437	1
2438	9
2439	10
2440	7
2441	3
2442	8
2443	5
2444	3
2445	5
2446	4
2447	5
2448	9
2449	6
2450	8
2451	7
2452	6
2453	9
2454	5
2455	7
2456	6
2457	9
2458	6
2459	6
2460	9
2461	8
2462	8
2463	5
2464	8
2465	2
2466	7
2467	2
2468	4
2469	6
2470	5
2471	5
2472	3
2473	7
2474	5
2475	10
2476	3
2477	11
2478	8
2479	7
2480	0
2481	5
2482	8
2483	5
2484	5
2485	4
2486	1
2487	8
2488	4
2489	3
2490	6
2491	6
2492	6
2493	4
2494	10
2495	9
2496	2
2497	2
2498	10
2499	5
2500	5
2501	6
2502	6
2503	2
2504	5
2505	6
2506	6
2507	6
2508	5
2509	6
2510	10
2511	3
2512	7
2513	4
2514	5
2515	4
2516	4
2517	5
2518	4
2519	3
2520	7
2521	7
2522	4
2523	5
2524	7
2525	4
2526	4
2527	1
2528	10
2529	2
2530	4
2531	7
2532	5
2533	4
2534	4
2535	2
2536	5
2537	8
2538	3
2539	5
2540	7
2541	9
2542	8
2543	7
2544	11
2545	4
2546	3
2547	6
2548	8
2549	6
2550	1
2551	3
2552	7
2553	4
2554	3
2555	2
2556	8
2557	4
2558	9
2559	6
2560	6
2561	6
2562	12
2563	2
2564	6
2565	5
2566	5
2567	6
2568	3
2569	5
2570	1
2571	6
2572	5
2573	7
2574	5
2575	10
2576	9
2577	5
2578	5
2579	4
2580	3
2581	4
2582	13
2583	5
2584	6
2585	8
2586	5
2587	2
2588	4
2589	7
2590	2
2591	7
2592	6
2593	7
2594	5
2595	3
2596	4
2597	6
2598	11
2599	5
2600	5
2601	5
2602	7
2603	5
2604	6
2605	3
2606	2
2607	10
2608	5
2609	8
2610	5
2611	5
2612	7
2613	4
2614	5
2615	7
2616	4
2617	10
2618	6
2619	7
2620	15
2621	10
2622	11
2623	7
2624	4
2625	8
2626	7
2627	11
2628	8
2629	3
2630	6
2631	8
2632	5
2633	5
2634	10
2635	7
2636	3
2637	4
2638	7
2639	2
2640	3
2641	4
2642	8
2643	5
2644	5
2645	2
2646	3
2647	3
2648	9
2649	5
2650	3
2651	5
2652	2
2653	4
2654	4
2655	3
2656	5
2657	3
2658	3
2659	6
2660	9
2661	6
2662	6
2663	6
2664	5
2665	3
2666	3
2667	5
2668	2
2669	4
2670	7
2671	4
2672	10
2673	7
2674	4
2675	5
2676	1
2677	5
2678	5
2679	3
2680	9
2681	6
2682	11
2683	12
2684	6
2685	5
2686	3
2687	4
2688	4
2689	3
2690	6
2691	4
2692	4
2693	3
2694	5
2695	2
2696	3
2697	7
2698	4
2699	7
2700	1
2701	4
2702	2
2703	6
2704	3
2705	5
2706	7
2707	6
2708	1
2709	7
2710	7
2711	3
2712	7
2713	4
2714	2
2715	6
2716	5
2717	5
2718	9
2719	11
2720	4
2721	1
2722	7
2723	4
2724	6
2725	3
2726	7
2727	4
2728	4
2729	6
2730	4
2731	5
2732	5
2733	2
2734	2
2735	6
2736	3
2737	3
2738	9
2739	6
2740	7
2741	6
2742	5
2743	5
2744	4
2745	4
2746	7
2747	2
2748	6
2749	9
2750	2
2751	3
2752	5
2753	7
2754	5
2755	3
2756	9
2757	5
2758	3
2759	5
2760	4
2761	1
2762	6
2763	3
2764	2
2765	8
2766	1
2767	0
2768	4
2769	6
2770	4
2771	6
2772	2
2773	5
2774	3
2775	6
2776	7
2777	3
2778	3
2779	4
2780	6
2781	3
2782	6
2783	3
2784	5
2785	6
2786	2
2787	3
2788	4
2789	4
2790	4
2791	4
2792	4
2793	5
2794	1
2795	6
2796	4
2797	2
2798	6
2799	4
2800	2
2801	6
2802	11
2803	5
2804	1
2805	8
2806	4
2807	2
2808	4
2809	8
2810	4
2811	6
2812	5
2813	8
2814	6
2815	6
2816	7
2817	6
2818	3
2819	1
2820	4
2821	0
2822	5
2823	5
2824	2
2825	4
2826	3
2827	6
2828	6
2829	7
2830	3
2831	4
2832	4
2833	5
2834	8
2835	6
2836	6
2837	5
2838	4
2839	6
2840	6
2841	4
2842	3
2843	5
2844	3
2845	4
2846	6
2847	7
2848	6
2849	3
2850	3
2851	2
2852	3
2853	1
2854	9
2855	5
2856	4
2857	3
2858	1
2859	3
2860	8
2861	7
2862	3
2863	2
2864	4
2865	5
2866	5
2867	2
2868	4
2869	3
2870	8
2871	5
2872	2
2873	6
2874	3
2875	6
2876	4
2877	6
2878	1
2879	6
2880	3
2881	1
2882	4
2883	5
2884	6
2885	3
2886	2
2887	1
2888	3
2889	5
2890	4
2891	7
2892	5
2893	8
2894	4
2895	6
2896	5
2897	7
2898	6
2899	6
2900	7
2901	5
2902	3
2903	3
2904	3
2905	6
2906	8
2907	6
2908	3
2909	3
2910	3
2911	5
2912	5
2913	6
2914	4
2915	5
2916	3
2917	5
2918	4
2919	5
2920	6
2921	3
2922	5
2923	3
2924	2
2925	3
2926	6
2927	3
2928	5
2929	2
2930	1
2931	2
2932	6
2933	3
2934	0
2935	5
2936	7
2937	1
2938	7
2939	3
2940	6
2941	8
2942	1
2943	4
2944	4
2945	8
2946	7
2947	5
2948	2
2949	4
2950	4
2951	7
2952	6
2953	3
2954	1
2955	4
2956	6
2957	2
2958	4
2959	3
2960	10
2961	7
2962	1
2963	5
2964	3
2965	9
2966	8
2967	8
2968	6
2969	4
2970	5
2971	3
2972	5
2973	2
2974	2
2975	3
2976	5
2977	5
2978	4
2979	2
2980	2
2981	7
2982	8
2983	2
2984	3
2985	3
2986	3
2987	4
2988	6
2989	6
2990	8
2991	9
2992	17
2993	16
2994	16
2995	14
2996	14
2997	12
2998	4
2999	5
3000	5
3001	6
3002	4
3003	5
3004	2
3005	6
3006	6
3007	6
3008	7
3009	1
3010	5
3011	6
3012	4
3013	2
3014	1
3015	3
3016	5
3017	6
3018	3
3019	4
3020	3
3021	3
3022	4
3023	4
3024	3
3025	0
3026	7
3027	4
3028	5
3029	5
3030	5
3031	3
3032	7
3033	1
3034	3
3035	2
3036	3
3037	1
3038	2
3039	8
3040	5
3041	5
3042	3
3043	4
3044	2
3045	3
3046	7
3047	3
3048	6
3049	1
3050	2
3051	1
3052	5
3053	5
3054	6
3055	0
3056	9
3057	4
3058	0
3059	3
3060	4
3061	3
3062	10
3063	4
3064	5
3065	3
3066	3
3067	2
3068	4
3069	4
3070	3
3071	3
3072	2
3073	2
3074	1
3075	2
3076	2
3077	0
3078	4
3079	5
3080	2
3081	6
3082	5
3083	6
3084	3
3085	2
3086	1
3087	2
3088	2
3089	3
3090	5
3091	2
3092	3
3093	2
3094	6
3095	3
3096	4
3097	3
3098	2
3099	7
3100	4
3101	6
3102	2
3103	1
3104	3
3105	5
3106	3
3107	4
3108	2
3109	4
3110	4
3111	0
3112	2
3113	2
3114	3
3115	2
3116	5
3117	2
3118	3
3119	6
3120	5
3121	5
3122	7
3123	11
3124	13
3125	10
3126	28
3127	26
3128	25
3129	18
3130	20
3131	16
3132	8
3133	11
3134	5
3135	9
3136	4
3137	4
3138	4
3139	6
3140	3
3141	5
3142	2
3143	3
3144	6
3145	2
3146	3
3147	1
3148	4
3149	3
3150	6
3151	3
3152	3
3153	3
3154	4
3155	3
3156	5
3157	5
3158	2
3159	4
3160	3
3161	5
3162	2
3163	5
3164	7
3165	3
3166	4
3167	0
3168	1
3169	3
3170	4
3171	2
3172	2
3173	2
3174	6
3175	5
3176	6
3177	2
3178	2
3179	2
3180	4
3181	3
3182	5
3183	3
3184	7
3185	6
3186	4
3187	3
3188	3
3189	0
3190	9
3191	3
3192	2
3193	4
3194	2
3195	2
3196	3
3197	2
3198	2
3199	5
3200	3
3201	6
3202	1
3203	3
3204	4
3205	0
3206	2
3207	5
3208	3
3209	4
3210	3
3211	3
3212	3
3213	0
3214	1
3215	4
3216	1
3217	2
3218	4
3219	4
3220	6
3221	4
3222	3
3223	4
3224	6
3225	3
3226	5
3227	3
3228	5
3229	4
3230	3
3231	3
3232	6
3233	5
3234	3
3235	7
3236	3
3237	3
3238	6
3239	5
3240	5
3241	0
3242	7
3243	2
3244	1
3245	0
3246	3
3247	1
3248	6
3249	3
3250	5
3251	8
3252	3
3253	5
3254	5
3255	6
3256	5
3257	2
3258	5
3259	2
3260	4
3261	2
3262	6
3263	6
3264	5
3265	2
3266	0
3267	5
3268	4
3269	5
3270	4
3271	2
3272	3
3273	2
3274	5
3275	7
3276	4
3277	2
3278	5
3279	4
3280	5
3281	6
3282	2
3283	2
3284	1
3285	2
3286	5
3287	5
3288	3
3289	2
3290	3
3291	1
3292	4
3293	3
3294	3
3295	1
3296	3
3297	3
3298	4
3299	4
3300	3
3301	6
3302	2
3303	1
3304	4
3305	3
3306	3
3307	6
3308	2
3309	6
3310	7
3311	4
3312	3
3313	3
3314	1
3315	2
3316	2
3317	7
3318	3
3319	5
3320	2
3321	5
3322	6
3323	3
3324	1
3325	3
3326	5
3327	1
3328	3
3329	4
3330	0
3331	2
3332	2
3333	3
3334	2
3335	3
3336	0
3337	2
3338	1
3339	8
3340	4
3341	5
3342	4
3343	2
3344	4
3345	0
3346	5
3347	7
3348	4
3349	3
3350	5
3351	4
3352	3
3353	3
3354	4
3355	4
3356	4
3357	4
3358	1
3359	3
3360	5
3361	1
3362	2
3363	1
3364	2
3365	3
3366	2
3367	2
3368	2
3369	2
3370	1
3371	4
3372	3
3373	5
3374	5
3375	2
3376	8
3377	2
3378	3
3379	4
3380	5
3381	3
3382	4
3383	3
3384	4
3385	6
3386	5
3387	3
3388	6
3389	7
3390	8
3391	4
3392	7
3393	6
3394	6
3395	16
3396	18
3397	26
3398	35
3399	36
3400	27
3401	31
3402	27
3403	13
3404	8
3405	8
3406	6
3407	3
3408	5
3409	3
3410	3
3411	4
3412	4
3413	1
3414	6
3415	4
3416	3
3417	5
3418	0
3419	6
3420	5
3421	1
3422	4
3423	4
3424	3
3425	7
3426	2
3427	4
3428	3
3429	5
3430	1
3431	1
3432	5
3433	1
3434	2
3435	3
3436	3
3437	1
3438	1
3439	2
3440	3
3441	2
3442	2
3443	3
3444	2
3445	2
3446	3
3447	4
3448	5
3449	3
3450	7
3451	2
3452	4
3453	0
3454	4
3455	3
3456	2
3457	6
3458	5
3459	3
3460	3
3461	2
3462	2
3463	5
3464	1
3465	4
3466	1
3467	3
3468	1
3469	3
3470	2
3471	2
3472	2
3473	2
3474	4
3475	2
3476	2
3477	3
3478	3
3479	1
3480	3
3481	2
3482	3
3483	2
3484	4
3485	3
3486	3
3487	1
3488	5
3489	6
3490	2
3491	2
3492	4
3493	4
3494	3
3495	8
3496	4
3497	3
3498	4
3499	0
3500	3
3501	3
3502	2
3503	3
3504	1
3505	1
3506	1
3507	3
3508	0
3509	5
3510	4
3511	1
3512	3
3513	2
3514	5
3515	5
3516	2
3517	5
3518	5
3519	0
3520	3
3521	1
3522	3
3523	3
3524	2
3525	1
3526	2
3527	2
3528	1
3529	3
3530	5
3531	4
3532	1
3533	4
3534	3
3535	3
3536	2
3537	2
3538	2
3539	4
3540	2
3541	4
3542	1
3543	0
3544	2
3545	3
3546	2
3547	3
3548	2
3549	2
3550	1
3551	0
3552	0
3553	3
3554	5
3555	3
3556	5
3557	4
3558	1
3559	2
3560	2
3561	8
3562	5
3563	3
3564	1
3565	4
3566	1
3567	4
3568	0
3569	2
3570	1
3571	2
3572	1
3573	4
3574	1
3575	3
3576	4
3577	2
3578	0
3579	5
3580	3
3581	6
3582	3
3583	3
3584	2
3585	5
3586	2
3587	2
3588	2
3589	1
3590	2
3591	0
3592	4
3593	4
3594	1
3595	2
3596	3
3597	3
3598	2
3599	5
3600	5
3601	5
3602	4
3603	2
3604	1
3605	1
3606	5
3607	3
3608	1
3609	3
3610	1
3611	2
3612	4
3613	2
3614	1
3615	4
3616	2
3617	2
3618	2
3619	2
3620	7
3621	3
3622	5
3623	3
3624	2
3625	2
3626	1
3627	3
3628	1
3629	2
3630	1
3631	2
3632	3
3633	0
3634	2
3635	2
3636	4
3637	0
3638	4
3639	0
3640	4
3641	3
3642	2
3643	4
3644	5
3645	2
3646	4
3647	2
3648	2
3649	2
3650	6
3651	2
3652	3
3653	5
3654	3
3655	2
3656	3
3657	3
3658	1
3659	5
3660	5
3661	4
3662	2
3663	4
3664	1
3665	5
3666	1
3667	3
3668	0
3669	2
3670	1
3671	5
3672	1
3673	4
3674	1
3675	3
3676	3
3677	1
3678	3
3679	2
3680	2
3681	3
3682	5
3683	2
3684	5
3685	0
3686	7
3687	3
3688	2
3689	2
3690	2
3691	2
3692	2
3693	4
3694	3
3695	8
3696	4
3697	6
3698	2
3699	7
3700	1
3701	3
3702	8
3703	1
3704	2
3705	3
3706	0
3707	4
3708	4
3709	2
3710	3
3711	1
3712	2
3713	1
3714	2
3715	1
3716	4
3717	3
3718	3
3719	6
3720	3
3721	2
3722	6
3723	0
3724	1
3725	5
3726	0
3727	2
3728	4
3729	2
3730	2
3731	1
3732	3
3733	3
3734	5
3735	4
3736	5
3737	5
3738	5
3739	3
3740	2
3741	1
3742	3
3743	2
3744	1
3745	3
3746	2
3747	6
3748	0
3749	2
3750	2
3751	3
3752	3
3753	4
3754	0
3755	2
3756	5
3757	3
3758	3
3759	3
3760	6
3761	2
3762	3
3763	2
3764	6
3765	5
3766	2
3767	2
3768	4
3769	2
3770	0
3771	4
3772	3
3773	4
3774	0
3775	3
3776	2
3777	5
3778	3
3779	0
3780	4
3781	2
3782	1
3783	2
3784	0
3785	3
3786	5
3787	3
3788	2
3789	4
3790	4
3791	3
3792	1
3793	4
3794	1
3795	1
3796	3
3797	3
3798	1
3799	3
3800	2
3801	2
3802	2
3803	3
3804	3
3805	7
3806	3
3807	2
3808	0
3809	3
3810	1
3811	2
3812	8
3813	2
3814	5
3815	0
3816	2
3817	2
3818	2
3819	6
3820	4
3821	2
3822	1
3823	3
3824	3
3825	1
3826	4
3827	5
3828	4
3829	1
3830	4
3831	2
3832	3
3833	2
3834	1
3835	0
3836	1
3837	3
3838	8
3839	4
3840	1
3841	3
3842	3
3843	1
3844	5
3845	2
3846	1
3847	1
3848	3
3849	2
3850	3
3851	0
3852	4
3853	4
3854	1
3855	3
3856	4
3857	4
3858	4
3859	2
3860	0
3861	2
3862	3
3863	7
3864	1
3865	1
3866	2
3867	3
3868	2
3869	3
3870	2
3871	3
3872	2
3873	2
3874	7
3875	2
3876	6
3877	2
3878	3
3879	4
3880	1
3881	7
3882	3
3883	2
3884	3
3885	5
3886	3
3887	0
3888	2
3889	1
3890	0
3891	4
3892	3
3893	3
3894	1
3895	5
3896	4
3897	1
3898	3
3899	0
3900	4
3901	0
3902	1
3903	3
3904	2
3905	1
3906	5
3907	3
3908	0
3909	2
3910	1
3911	0
3912	6
3913	1
3914	5
3915	3
3916	2
3917	1
3918	2
3919	2
3920	1
3921	0
3922	3
3923	2
3924	3
3925	3
3926	7
3927	2
3928	1
3929	2
3930	0
3931	2
3932	1
3933	2
3934	3
3935	5
3936	4
3937	4
3938	2
3939	1
3940	2
3941	3
3942	1
3943	2
3944	2
3945	1
3946	3
3947	2
3948	5
3949	4
3950	4
3951	3
3952	6
3953	3
3954	3
3955	3
3956	4
3957	6
3958	0
3959	1
3960	2
3961	5
3962	1
3963	3
3964	6
3965	1
3966	4
3967	3
3968	3
3969	2
3970	2
3971	2
3972	3
3973	5
3974	1
3975	6
3976	2
3977	2
3978	2
3979	4
3980	3
3981	1
3982	0
3983	2
3984	3
3985	4
3986	0
3987	3
3988	3
3989	1
3990	0
3991	1
3992	0
3993	2
3994	2
3995	4
3996	3
3997	3
3998	4
3999	4
4000	3
4001	5
4002	11
4003	8
4004	6
4005	6
4006	8
4007	5
4008	7
4009	4
4010	6
4011	2
4012	1
4013	0
4014	3
4015	5
4016	4
4017	0
4018	2
4019	6
4020	1
4021	3
4022	1
4023	11
4024	2
4025	1
4026	1
4027	5
4028	4
4029	1
4030	4
4031	2
4032	3
4033	0
4034	2
4035	2
4036	3
4037	2
4038	2
4039	2
4040	3
4041	3
4042	0
4043	2
4044	3
4045	0
4046	2
4047	3
4048	2
4049	2
4050	3
4051	1
4052	2
4053	2
4054	0
4055	0
4056	2
4057	0
4058	2
4059	4
4060	1
4061	0
4062	1
4063	0
4064	0
4065	3
4066	4
4067	3
4068	0
4069	3
4070	2
4071	1
4072	0
4073	1
4074	4
4075	3
4076	3
4077	4
4078	2
4079	1
4080	4
4081	2
4082	2
4083	6
4084	5
4085	2
4086	2
4087	4
4088	4
4089	2
4090	3
4091	4
4092	1
4093	1
4094	3
4095	4
4096	2
4097	2
4098	5
4099	4
4100	0
4101	1
4102	3
4103	2
4104	4
4105	4
4106	3
4107	0
4108	3
4109	4
4110	3
4111	3
4112	2
4113	2
4114	2
4115	0
4116	0
4117	3
4118	1
4119	2
4120	2
4121	4
4122	4
4123	2
4124	1
4125	2
4126	3
4127	1
4128	0
4129	5
4130	1
4131	1
4132	1
4133	3
4134	2
4135	3
4136	2
4137	2
4138	4
4139	3
4140	5
4141	1
4142	1
4143	3
4144	1
4145	3
4146	3
4147	5
4148	3
4149	2
4150	3
4151	1
4152	2
4153	0
4154	2
4155	1
4156	0
4157	1
4158	3
4159	1
4160	2
4161	3
4162	3
4163	0
4164	3
4165	0
4166	4
4167	3
4168	4
4169	5
4170	3
4171	3
4172	1
4173	0
4174	1
4175	3
4176	1
4177	1
4178	1
4179	3
4180	2
4181	2
4182	1
4183	2
4184	1
4185	1
4186	1
4187	2
4188	1
4189	5
4190	2
4191	2
4192	3
4193	1
4194	2
4195	3
4196	2
4197	0
4198	3
4199	3
4200	3
4201	1
4202	2
4203	4
4204	2
4205	0
4206	0
4207	2
4208	1
4209	1
4210	5
4211	1
4212	0
4213	3
4214	3
4215	2
4216	3
4217	1
4218	0
4219	4
4220	1
4221	0
4222	0
4223	0
4224	1
4225	1
4226	4
4227	1
4228	3
4229	2
4230	1
4231	0
4232	0
4233	2
4234	3
4235	3
4236	1
4237	0
4238	1
4239	0
4240	1
4241	3
4242	2
4243	0
4244	0
4245	2
4246	1
4247	2
4248	2
4249	5
4250	1
4251	3
4252	2
4253	2
4254	0
4255	2
4256	5
4257	3
4258	3
4259	1
4260	2
4261	2
4262	2
4263	1
4264	5
4265	5
4266	2
4267	1
4268	1
4269	2
4270	2
4271	2
4272	3
4273	2
4274	2
4275	2
4276	3
4277	1
4278	1
4279	0
4280	4
4281	1
4282	4
4283	1
4284	2
4285	2
4286	2
4287	2
4288	2
4289	3
4290	2
4291	2
4292	1
4293	2
4294	3
4295	0
4296	3
4297	1
4298	2
4299	0
4300	5
4301	3
4302	2
4303	1
4304	3
4305	0
4306	0
4307	1
4308	5
4309	2
4310	2
4311	2
4312	1
4313	2
4314	2
4315	0
4316	1
4317	3
4318	3
4319	2
4320	3
4321	3
4322	2
4323	4
4324	1
4325	3
4326	1
4327	6
4328	2
4329	2
4330	4
4331	1
4332	2
4333	3
4334	2
4335	0
4336	1
4337	1
4338	2
4339	2
4340	0
4341	1
4342	1
4343	4
4344	3
4345	3
4346	3
4347	2
4348	2
4349	1
4350	0
4351	1
4352	1
4353	2
4354	2
4355	3
4356	1
4357	0
4358	0
4359	3
4360	1
4361	4
4362	4
4363	2
4364	2
4365	4
4366	5
4367	0
4368	1
4369	2
4370	3
4371	4
4372	3
4373	2
4374	1
4375	1
4376	1
4377	3
4378	1
4379	1
4380	2
4381	0
4382	3
4383	2
4384	0
4385	2
4386	1
4387	2
4388	0
4389	1
4390	2
4391	2
4392	4
4393	4
4394	0
4395	1
4396	2
4397	3
4398	3
4399	3
4400	1
4401	1
4402	1
4403	3
4404	4
4405	2
4406	3
4407	1
4408	1
4409	3
4410	3
4411	2
4412	3
4413	3
4414	2
4415	1
4416	1
4417	2
4418	3
4419	3
4420	2
4421	6
4422	2
4423	1
4424	4
4425	3
4426	2
4427	2
4428	4
4429	0
4430	2
4431	5
4432	1
4433	0
4434	1
4435	3
4436	3
4437	5
4438	1
4439	1
4440	2
4441	3
4442	4
4443	0
4444	0
4445	3
4446	1
4447	2
4448	4
4449	0
4450	1
4451	2
4452	4
4453	3
4454	2
4455	2
4456	2
4457	2
4458	2
4459	6
4460	2
4461	4
4462	2
4463	5
4464	3
4465	1
4466	2
4467	3
4468	6
4469	2
4470	4
4471	1
4472	3
4473	2
4474	2
4475	3
4476	2
4477	3
4478	5
4479	3
4480	2
4481	2
4482	1
4483	3
4484	1
4485	3
4486	2
4487	2
4488	3
4489	1
4490	4
4491	2
4492	4
4493	1
4494	2
4495	2
4496	1
4497	1
4498	4
4499	1
4500	2
4501	2
4502	0
4503	4
4504	3
4505	1
4506	4
4507	1
4508	2
4509	1
4510	0
4511	2
4512	3
4513	1
4514	1
4515	1
4516	0
4517	2
4518	4
4519	3
4520	3
4521	0
4522	2
4523	2
4524	2
4525	0
4526	2
4527	0
4528	1
4529	1
4530	1
4531	0
4532	3
4533	1
4534	1
4535	1
4536	3
4537	0
4538	1
4539	2
4540	3
4541	1
4542	3
4543	1
4544	0
4545	2
4546	2
4547	0
4548	4
4549	2
4550	2
4551	1
4552	2
4553	1
4554	1
4555	4
4556	4
4557	1
4558	0
4559	3
4560	1
4561	1
4562	1
4563	4
4564	3
4565	6
4566	2
4567	1
4568	2
4569	3
4570	0
4571	4
4572	0
4573	1
4574	3
4575	3
4576	1
4577	4
4578	4
4579	1
4580	1
4581	0
4582	1
4583	4
4584	3
4585	3
4586	0
4587	0
4588	0
4589	2
4590	4
4591	2
4592	2
4593	1
4594	4
4595	2
4596	1
4597	0
4598	2
4599	0
4600	1
4601	1
4602	5
4603	1
4604	1
4605	0
4606	2
4607	2
4608	3
4609	1
4610	3
4611	3
4612	1
4613	0
4614	1
4615	2
4616	1
4617	2
4618	2
4619	2
4620	0
4621	0
4622	2
4623	3
4624	2
4625	3
4626	3
4627	3
4628	3
4629	1
4630	0
4631	2
4632	2
4633	2
4634	2
4635	0
4636	2
4637	1
4638	1
4639	3
4640	3
4641	3
4642	4
4643	3
4644	2
4645	2
4646	3
4647	2
4648	3
4649	2
4650	0
4651	1
4652	0
4653	2
4654	2
4655	1
4656	0
4657	2
4658	0
4659	2
4660	1
4661	3
4662	4
4663	1
4664	4
4665	4
4666	1
4667	1
4668	1
4669	4
4670	0
4671	3
4672	3
4673	1
4674	4
4675	3
4676	0
4677	1
4678	4
4679	2
4680	1
4681	4
4682	1
4683	6
4684	7
4685	7
4686	5
4687	8
4688	9
4689	8
4690	13
4691	7
4692	6
4693	6
4694	9
4695	6
4696	3
4697	3
4698	3
4699	4
4700	2
4701	0
4702	3
4703	3
4704	1
4705	3
4706	1
4707	1
4708	2
4709	4
4710	3
4711	1
4712	2
4713	1
4714	0
4715	1
4716	3
4717	0
4718	0
4719	3
4720	0
4721	3
4722	1
4723	0
4724	0
4725	3
4726	0
4727	4
4728	2
4729	3
4730	2
4731	1
4732	2
4733	2
4734	3
4735	1
4736	4
4737	0
4738	3
4739	1
4740	1
4741	1
4742	4
4743	2
4744	2
4745	0
4746	2
4747	1
4748	0
4749	3
4750	3
4751	1
4752	1
4753	0
4754	0
4755	1
4756	1
4757	2
4758	1
4759	0
4760	2
4761	0
4762	2
4763	1
4764	1
4765	2
4766	1
4767	1
4768	3
4769	0
4770	4
4771	2
4772	2
4773	1
4774	0
4775	2
4776	0
4777	1
4778	2
4779	2
4780	2
4781	1
4782	1
4783	3
4784	5
4785	3
4786	1
4787	1
4788	0
4789	2
4790	3
4791	2
4792	0
4793	0
4794	2
4795	1
4796	5
4797	5
4798	3
4799	0
4800	4
4801	1
4802	2
4803	1
4804	1
4805	1
4806	3
4807	1
4808	2
4809	1
4810	3
4811	1
4812	1
4813	1
4814	3
4815	3
4816	2
4817	1
4818	0
4819	3
4820	1
4821	1
4822	3
4823	2
4824	0
4825	0
4826	2
4827	1
4828	1
4829	1
4830	0
4831	2
4832	1
4833	1
4834	2
4835	1
4836	0
4837	1
4838	0
4839	1
4840	0
4841	1
4842	2
4843	2
4844	0
4845	4
4846	2
4847	3
4848	2
4849	3
4850	1
4851	2
4852	1
4853	1
4854	1
4855	0
4856	2
4857	2
4858	1
4859	2
4860	0
4861	1
4862	1
4863	1
4864	1
4865	5
4866	5
4867	1
4868	0
4869	0
4870	4
4871	2
4872	1
4873	1
4874	2
4875	2
4876	2
4877	3
4878	0
4879	2
4880	1
4881	0
4882	2
4883	0
4884	3
4885	1
4886	1
4887	1
4888	1
4889	5
4890	0
4891	0
4892	1
4893	0
4894	1
4895	2
4896	4
4897	1
4898	0
4899	1
4900	2
4901	3
4902	2
4903	1
4904	0
4905	3
4906	1
4907	3
4908	1
4909	1
4910	1
4911	1
4912	1
4913	2
4914	4
4915	1
4916	2
4917	3
4918	2
4919	4
4920	1
4921	1
4922	0
4923	2
4924	0
4925	1
4926	1
4927	2
4928	1
4929	1
4930	1
4931	4
4932	0
4933	2
4934	1
4935	0
4936	0
4937	2
4938	3
4939	2
4940	3
4941	0
4942	0
4943	0
4944	0
4945	2
4946	1
4947	0
4948	2
4949	1
4950	1
4951	0
4952	2
4953	4
4954	1
4955	1
4956	1
4957	4
4958	0
4959	4
4960	6
4961	6
4962	7
4963	5
4964	6
4965	8
4966	3
4967	8
4968	3
4969	4
4970	3
4971	0
4972	5
4973	1
4974	4
4975	2
4976	1
4977	0
4978	2
4979	2
4980	3
4981	0
4982	2
4983	2
4984	3
4985	1
4986	6
4987	0
4988	10
4989	10
4990	11
4991	5
4992	1
4993	4
4994	2
4995	1
4996	1
4997	1
4998	3
4999	0
5000	0
5001	2
5002	0
5003	0
5004	1
5005	2
5006	1
5007	1
5008	1
5009	1
5010	1
5011	1
5012	1
5013	4
5014	0
5015	1
5016	4
5017	1
5018	1
5019	1
5020	0
5021	1
5022	1
5023	3
5024	1
5025	1
5026	3
5027	1
5028	1
5029	1
5030	2
5031	1
5032	2
5033	3
5034	1
5035	0
5036	3
5037	1
5038	2
5039	1
5040	1
5041	2
5042	4
5043	2
5044	1
5045	2
5046	2
5047	2
5048	1
5049	1
5050	0
5051	0
5052	3
5053	1
5054	2
5055	2
5056	3
5057	2
5058	2
5059	5
5060	5
5061	0
5062	0
5063	1
5064	0
5065	1
5066	2
5067	2
5068	1
5069	1
5070	4
5071	2
5072	2
5073	1
5074	1
5075	2
5076	3
5077	5
5078	2
5079	0
5080	0
5081	1
5082	2
5083	2
5084	3
5085	1
5086	2
5087	1
5088	1
5089	0
5090	0
5091	1
5092	1
5093	2
5094	1
5095	0
5096	2
5097	1
5098	1
5099	0
5100	2
5101	3
5102	1
5103	0
5104	2
5105	3
5106	1
5107	1
5108	1
5109	1
5110	1
5111	2
5112	2
5113	3
5114	0
5115	1
5116	2
5117	1
5118	1
5119	1
5120	0
5121	1
5122	5
5123	1
5124	6
5125	2
5126	1
5127	0
5128	0
5129	1
5130	1
5131	0
5132	1
5133	2
5134	2
5135	0
5136	2
5137	4
5138	2
5139	2
5140	1
5141	3
5142	1
5143	3
5144	0
5145	2
5146	0
5147	1
5148	1
5149	3
5150	3
5151	1
5152	4
5153	0
5154	4
5155	3
5156	0
5157	1
5158	2
5159	0
5160	2
5161	0
5162	0
5163	0
5164	2
5165	0
5166	0
5167	3
5168	1
5169	1
5170	1
5171	1
5172	2
5173	1
5174	1
5175	3
5176	2
5177	1
5178	2
5179	2
5180	1
5181	0
5182	2
5183	1
5184	1
5185	0
5186	4
5187	1
5188	2
5189	3
5190	3
5191	0
5192	0
5193	1
5194	3
5195	1
5196	2
5197	2
5198	0
5199	2
5200	1
5201	1
5202	2
5203	0
5204	0
5205	0
5206	2
5207	0
5208	0
5209	1
5210	1
5211	2
5212	2
5213	0
5214	1
5215	2
5216	0
5217	2
5218	3
5219	0
5220	1
5221	1
5222	1
5223	2
5224	0
5225	0
5226	0
5227	0
5228	4
5229	3
5230	2
5231	1
5232	2
5233	1
5234	1
5235	3
5236	3
5237	1
5238	1
5239	1
5240	0
5241	1
5242	1
5243	0
5244	1
5245	2
5246	1
5247	2
5248	3
5249	1
5250	0
5251	3
5252	1
5253	1
5254	3
5255	0
5256	0
5257	2
5258	2
5259	2
5260	2
5261	0
5262	1
5263	1
5264	2
5265	2
5266	1
5267	0
5268	0
5269	2
5270	5
5271	0
5272	0
5273	0
5274	0
5275	0
5276	2
5277	1
5278	1
5279	3
5280	0
5281	1
5282	0
5283	1
5284	2
5285	3
5286	0
5287	2
5288	3
5289	1
5290	1
5291	3
5292	0
5293	2
5294	1
5295	2
5296	2
5297	2
5298	1
5299	4
5300	2
5301	4
5302	3
5303	3
5304	1
5305	1
5306	2
5307	3
5308	0
5309	3
5310	0
5311	1
5312	3
5313	5
5314	3
5315	2
5316	3
5317	0
5318	1
5319	2
5320	1
5321	1
5322	1
5323	3
5324	3
5325	2
5326	2
5327	2
5328	1
5329	2
5330	0
5331	1
5332	0
5333	1
5334	3
5335	2
5336	1
5337	1
5338	1
5339	1
5340	3
5341	0
5342	1
5343	1
5344	1
5345	1
5346	1
5347	3
5348	2
5349	0
5350	0
5351	2
5352	1
5353	0
5354	0
5355	1
5356	2
5357	3
5358	0
5359	3
5360	2
5361	1
5362	0
5363	0
5364	2
5365	2
5366	2
5367	2
5368	2
5369	0
5370	6
5371	2
5372	1
5373	2
5374	0
5375	1
5376	0
5377	2
5378	2
5379	0
5380	2
5381	1
5382	4
5383	3
5384	1
5385	2
5386	2
5387	1
5388	2
5389	2
5390	0
5391	0
5392	2
5393	2
5394	2
5395	2
5396	1
5397	2
5398	0
5399	2
5400	0
5401	2
5402	0
5403	0
5404	4
5405	1
5406	3
5407	1
5408	3
5409	2
5410	4
5411	3
5412	1
5413	1
5414	2
5415	0
5416	3
5417	1
5418	2
5419	3
5420	3
5421	1
5422	0
5423	0
5424	0
5425	1
5426	2
5427	1
5428	3
5429	3
5430	3
5431	1
5432	2
5433	0
5434	3
5435	1
5436	0
5437	1
5438	0
5439	3
5440	0
5441	2
5442	1
5443	1
5444	0
5445	4
5446	1
5447	2
5448	2
5449	2
5450	3
5451	4
5452	0
5453	3
5454	2
5455	1
5456	1
5457	0
5458	1
5459	2
5460	0
5461	0
5462	3
5463	1
5464	1
5465	2
5466	2
5467	0
5468	1
5469	0
5470	3
5471	1
5472	3
5473	2
5474	4
5475	0
5476	0
5477	0
5478	1
5479	0
5480	3
5481	1
5482	1
5483	0
5484	0
5485	2
5486	4
5487	0
5488	1
5489	1
5490	0
5491	1
5492	3
5493	1
5494	2
5495	1
5496	0
5497	1
5498	1
5499	3
5500	1
5501	1
5502	1
5503	1
5504	3
5505	1
5506	1
5507	0
5508	3
5509	2
5510	0
5511	1
5512	3
5513	1
5514	1
5515	1
5516	1
5517	0
5518	1
5519	0
5520	2
5521	4
5522	1
5523	2
5524	0
5525	0
5526	1
5527	0
5528	0
5529	1
5530	0
5531	2
5532	0
5533	2
5534	0
5535	0
5536	1
5537	0
5538	3
5539	2
5540	0
5541	1
5542	0
5543	2
5544	1
5545	4
5546	1
5547	3
5548	0
5549	5
5550	3
5551	3
5552	0
5553	2
5554	1
5555	0
5556	2
5557	0
5558	3
5559	1
5560	2
5561	5
5562	1
5563	0
5564	2
5565	0
5566	1
5567	0
5568	0
5569	0
5570	2
5571	2
5572	1
5573	2
5574	0
5575	0
5576	0
5577	2
5578	2
5579	4
5580	4
5581	3
5582	1
5583	1
5584	0
5585	0
5586	4
5587	3
5588	4
5589	3
5590	5
5591	3
5592	5
5593	9
5594	2
5595	4
5596	6
5597	4
5598	0
5599	2
5600	2
5601	3
5602	0
5603	2
5604	1
5605	0
5606	0
5607	1
5608	3
5609	1
5610	3
5611	1
5612	3
5613	4
5614	2
5615	0
5616	0
5617	1
5618	1
5619	3
5620	0
5621	4
5622	1
5623	1
5624	2
5625	3
5626	1
5627	3
5628	1
5629	0
5630	3
5631	1
5632	2
5633	3
5634	4
5635	3
5636	1
5637	2
5638	3
5639	2
5640	4
5641	2
5642	0
5643	0
5644	1
5645	4
5646	3
5647	0
5648	2
5649	3
5650	1
5651	2
5652	1
5653	6
5654	0
5655	0
5656	2
5657	3
5658	3
5659	0
5660	3
5661	1
5662	1
5663	5
5664	1
5665	1
5666	3
5667	2
5668	1
5669	1
5670	1
5671	4
5672	0
5673	1
5674	0
5675	1
5676	1
5677	2
5678	1
5679	2
5680	1
5681	0
5682	0
5683	0
5684	1
5685	2
5686	0
5687	1
5688	0
5689	1
5690	2
5691	3
5692	1
5693	1
5694	0
5695	1
5696	0
5697	1
5698	1
5699	0
5700	0
5701	2
5702	4
5703	0
5704	0
5705	3
5706	0
5707	0
5708	3
5709	1
5710	2
5711	0
5712	1
5713	1
5714	2
5715	0
5716	0
5717	3
5718	3
5719	2
5720	1
5721	2
5722	2
5723	2
5724	8
5725	3
5726	3
5727	10
5728	2
5729	3
5730	5
5731	4
5732	5
5733	2
5734	7
5735	1
5736	3
5737	4
5738	3
5739	1
5740	3
5741	2
5742	3
5743	1
5744	1
5745	1
5746	1
5747	1
5748	0
5749	1
5750	0
5751	0
5752	3
5753	1
5754	3
5755	2
5756	0
5757	0
5758	4
5759	2
5760	0
5761	2
5762	1
5763	0
5764	4
5765	3
5766	4
5767	8
5768	4
5769	3
5770	3
5771	3
5772	5
5773	7
5774	5
5775	7
5776	1
5777	1
5778	1
5779	3
5780	4
5781	1
5782	0
5783	2
5784	0
5785	1
5786	0
5787	1
5788	0
5789	0
5790	0
5791	0
5792	1
5793	1
5794	4
5795	0
5796	0
5797	2
5798	1
5799	0
5800	0
5801	3
5802	1
5803	3
5804	2
5805	1
5806	1
5807	0
5808	2
5809	1
5810	1
5811	0
5812	1
5813	1
5814	2
5815	1
5816	2
5817	4
5818	1
5819	0
5820	3
5821	2
5822	3
5823	3
5824	2
5825	3
5826	1
5827	1
5828	0
5829	1
5830	2
5831	0
5832	1
5833	0
5834	0
5835	1
5836	5
5837	4
5838	3
5839	2
5840	1
5841	2
5842	4
5843	2
5844	1
5845	1
5846	1
5847	1
5848	0
5849	1
5850	1
5851	2
5852	2
5853	1
5854	1
5855	2
5856	1
5857	2
5858	2
5859	2
5860	2
5861	3
5862	0
5863	4
5864	2
5865	4
5866	1
5867	2
5868	1
5869	2
5870	1
5871	2
5872	1
5873	1
5874	1
5875	1
5876	1
5877	2
5878	0
5879	1
5880	2
5881	0
5882	1
5883	0
5884	2
5885	0
5886	1
5887	3
5888	1
5889	1
5890	0
5891	2
5892	1
5893	1
5894	1
5895	1
5896	2
5897	0
5898	2
5899	5
5900	2
5901	2
5902	2
5903	1
5904	1
5905	0
5906	0
5907	1
5908	1
5909	1
5910	1
5911	1
5912	1
5913	2
5914	1
5915	0
5916	1
5917	3
5918	4
5919	2
5920	5
5921	1
5922	1
5923	2
5924	1
5925	2
5926	0
5927	0
5928	3
5929	1
5930	0
5931	3
5932	2
5933	5
5934	2
5935	2
5936	0
5937	0
5938	1
5939	0
5940	0
5941	1
5942	2
5943	0
5944	3
5945	2
5946	3
5947	0
5948	1
5949	1
5950	1
5951	0
5952	0
5953	0
5954	2
5955	1
5956	2
5957	2
5958	0
5959	1
5960	2
5961	1
5962	1
5963	2
5964	1
5965	0
5966	0
5967	1
5968	2
5969	1
5970	2
5971	1
5972	2
5973	0
5974	0
5975	1
5976	0
5977	0
5978	1
5979	0
5980	1
5981	5
5982	0
5983	0
5984	1
5985	1
5986	0
5987	2
5988	2
5989	1
5990	2
5991	4
5992	1
5993	2
5994	2
5995	2
5996	1
5997	1
5998	0
5999	1
6000	5
6001	3
6002	3
6003	2
6004	2
6005	1
6006	0
6007	3
6008	4
6009	1
6010	2
6011	4
6012	2
6013	2
6014	1
6015	1
6016	1
6017	0
6018	0
6019	1
6020	1
6021	3
6022	1
6023	1
6024	2
6025	1
6026	2
6027	1
6028	3
6029	2
6030	2
6031	1
6032	3
6033	1
6034	2
6035	1
6036	0
6037	1
6038	0
6039	3
6040	5
6041	4
6042	3
6043	1
6044	10
6045	5
6046	7
6047	6
6048	7
6049	4
6050	3
6051	2
6052	1
6053	1
6054	2
6055	1
6056	0
6057	3
6058	0
6059	0
6060	1
6061	1
6062	2
6063	0
6064	0
6065	1
6066	1
6067	3
6068	1
6069	3
6070	2
6071	1
6072	3
6073	4
6074	0
6075	0
6076	2
6077	1
6078	1
6079	1
6080	3
6081	1
6082	5
6083	2
6084	0
6085	2
6086	3
6087	2
6088	2
6089	2
6090	4
6091	2
6092	2
6093	2
6094	2
6095	1
6096	0
6097	3
6098	0
6099	3
6100	1
6101	2
6102	1
6103	2
6104	3
6105	1
6106	1
6107	1
6108	2
6109	1
6110	2
6111	5
6112	1
6113	3
6114	1
6115	0
6116	2
6117	1
6118	0
6119	1
6120	1
6121	1
6122	0
6123	0
6124	0
6125	3
6126	0
6127	0
6128	4
6129	0
6130	0
6131	2
6132	2
6133	2
6134	2
6135	1
6136	1
6137	1
6138	4
6139	2
6140	1
6141	2
6142	4
6143	0
6144	3
6145	1
6146	0
6147	0
6148	1
6149	2
6150	5
6151	1
6152	2
6153	2
6154	1
6155	2
6156	2
6157	1
6158	1
6159	0
6160	4
6161	2
6162	0
6163	2
6164	1
6165	0
6166	2
6167	3
6168	0
6169	3
6170	1
6171	2
6172	1
6173	1
6174	1
6175	1
6176	0
6177	2
6178	2
6179	1
6180	1
6181	2
6182	2
6183	0
6184	3
6185	3
6186	1
6187	0
6188	0
6189	1
6190	3
6191	2
6192	5
6193	3
6194	0
6195	1
6196	1
6197	1
6198	0
6199	2
6200	2
6201	2
6202	3
6203	0
6204	0
6205	1
6206	0
6207	0
6208	0
6209	0
6210	0
6211	1
6212	2
6213	1
6214	0
6215	0
6216	0
6217	1
6218	1
6219	1
6220	1
6221	1
6222	0
6223	1
6224	2
6225	1
6226	1
6227	0
6228	1
6229	2
6230	1
6231	5
6232	1
6233	1
6234	2
6235	0
6236	0
6237	4
6238	1
6239	1
6240	3
6241	1
6242	1
6243	2
6244	1
6245	1
6246	0
6247	3
6248	7
6249	0
6250	1
6251	0
6252	1
6253	0
6254	1
6255	7
6256	1
6257	1
6258	2
6259	0
6260	4
6261	3
6262	2
6263	1
6264	5
6265	1
6266	0
6267	1
6268	2
6269	3
6270	1
6271	1
6272	1
6273	2
6274	2
6275	4
6276	0
6277	0
6278	3
6279	1
6280	1
6281	2
6282	0
6283	2
6284	1
6285	2
6286	4
6287	1
6288	1
6289	1
6290	1
6291	0
6292	0
6293	3
6294	0
6295	1
6296	1
6297	2
6298	1
6299	2
6300	3
6301	1
6302	1
6303	3
6304	1
6305	2
6306	1
6307	1
6308	1
6309	1
6310	3
6311	1
6312	0
6313	1
6314	1
6315	2
6316	2
6317	1
6318	2
6319	3
6320	3
6321	2
6322	1
6323	2
6324	2
6325	2
6326	3
6327	0
6328	1
6329	1
6330	1
6331	1
6332	0
6333	2
6334	3
6335	0
6336	3
6337	2
6338	1
6339	0
6340	3
6341	2
6342	0
6343	1
6344	1
6345	2
6346	2
6347	2
6348	1
6349	4
6350	3
6351	2
6352	1
6353	2
6354	0
6355	0
6356	0
6357	1
6358	1
6359	0
6360	1
6361	3
6362	2
6363	2
6364	4
6365	2
6366	1
6367	2
6368	1
6369	4
6370	4
6371	0
6372	1
6373	0
6374	1
6375	3
6376	3
6377	3
6378	2
6379	0
6380	3
6381	2
6382	3
6383	3
6384	0
6385	5
6386	0
6387	1
6388	3
6389	1
6390	2
6391	2
6392	0
6393	2
6394	0
6395	2
6396	0
6397	0
6398	3
6399	0
6400	0
6401	0
6402	1
6403	1
6404	0
6405	1
6406	1
6407	1
6408	0
6409	0
6410	2
6411	1
6412	2
6413	1
6414	1
6415	0
6416	0
6417	2
6418	2
6419	0
6420	1
6421	0
6422	0
6423	3
6424	1
6425	2
6426	0
6427	0
6428	1
6429	1
6430	2
6431	3
6432	2
6433	2
6434	1
6435	1
6436	1
6437	2
6438	1
6439	3
6440	1
6441	1
6442	1
6443	2
6444	3
6445	2
6446	1
6447	2
6448	1
6449	2
6450	1
6451	1
6452	3
6453	3
6454	2
6455	2
6456	1
6457	0
6458	0
6459	0
6460	0
6461	1
6462	1
6463	2
6464	2
6465	1
6466	1
6467	1
6468	1
6469	0
6470	0
6471	2
6472	0
6473	0
6474	1
6475	2
6476	1
6477	2
6478	2
6479	0
6480	1
6481	1
6482	1
6483	1
6484	0
6485	1
6486	0
6487	0
6488	1
6489	0
6490	3
6491	3
6492	1
6493	1
6494	1
6495	1
6496	0
6497	2
6498	1
6499	1
6500	2
6501	0
6502	1
6503	0
6504	0
6505	1
6506	1
6507	1
6508	0
6509	0
6510	0
6511	1
6512	1
6513	1
6514	0
6515	0
6516	1
6517	1
6518	2
6519	0
6520	1
6521	2
6522	0
6523	0
6524	3
6525	1
6526	2
6527	1
6528	0
6529	0
6530	0
6531	2
6532	0
6533	2
6534	1
6535	2
6536	0
6537	2
6538	0
6539	1
6540	0
6541	1
6542	0
6543	2
6544	0
6545	1
6546	1
6547	0
6548	0
6549	2
6550	1
6551	4
6552	1
6553	1
6554	0
6555	1
6556	0
6557	2
6558	2
6559	1
6560	1
6561	0
6562	0
6563	2
6564	0
6565	1
6566	1
6567	3
6568	1
6569	0
6570	2
6571	2
6572	1
6573	0
6574	0
6575	0
6576	0
6577	1
6578	0
6579	1
6580	1
6581	4
6582	0
6583	2
6584	2
6585	0
6586	0
6587	1
6588	0
6589	3
6590	1
6591	0
6592	2
6593	0
6594	0
6595	2
6596	0
6597	1
6598	1
6599	3
6600	1
6601	0
6602	2
6603	0
6604	0
6605	1
6606	3
6607	1
6608	0
6609	1
6610	1
6611	0
6612	2
6613	0
6614	1
6615	2
6616	1
6617	2
6618	0
6619	1
6620	0
6621	1
6622	0
6623	2
6624	0
6625	0
6626	0
6627	1
6628	3
6629	2
6630	1
6631	0
6632	2
6633	0
6634	0
6635	1
6636	2
6637	0
6638	0
6639	3
6640	0
6641	1
6642	1
6643	2
6644	1
6645	1
6646	0
6647	0
6648	1
6649	1
6650	1
6651	0
6652	2
6653	1
6654	1
6655	0
6656	1
6657	1
6658	0
6659	1
6660	0
6661	1
6662	2
6663	1
6664	1
6665	0
6666	1
6667	0
6668	0
6669	2
6670	1
6671	0
6672	1
6673	1
6674	2
6675	0
6676	1
6677	1
6678	1
6679	0
6680	1
6681	0
6682	2
6683	0
6684	1
6685	1
6686	1
6687	2
6688	2
6689	1
6690	0
6691	2
6692	3
6693	2
6694	2
6695	1
6696	2
6697	1
6698	2
6699	1
6700	2
6701	2
6702	1
6703	2
6704	1
6705	1
6706	1
6707	1
6708	1
6709	0
6710	2
6711	2
6712	1
6713	0
6714	2
6715	1
6716	3
6717	3
6718	0
6719	1
6720	1
6721	2
6722	1
6723	0
6724	1
6725	2
6726	1
6727	1
6728	0
6729	0
6730	2
6731	0
6732	0
6733	0
6734	2
6735	2
6736	0
6737	0
6738	1
6739	0
6740	0
6741	0
6742	1
6743	1
6744	0
6745	0
6746	0
6747	1
6748	0
6749	2
6750	1
6751	1
6752	0
6753	0
6754	0
6755	3
6756	1
6757	2
6758	0
6759	0
6760	0
6761	1
6762	2
6763	0
6764	0
6765	0
6766	1
6767	1
6768	2
6769	0
6770	1
6771	0
6772	2
6773	0
6774	2
6775	2
6776	1
6777	0
6778	0
6779	1
6780	1
6781	2
6782	0
6783	0
6784	0
6785	1
6786	0
6787	0
6788	0
6789	1
6790	0
6791	0
6792	0
6793	1
6794	2
6795	0
6796	0
6797	0
6798	0
6799	0
6800	2
6801	0
6802	0
6803	1
6804	1
6805	0
6806	0
6807	0
6808	1
6809	0
6810	0
6811	0
6812	0
6813	0
6814	1
6815	0
6816	0
6817	0
6818	2
6819	1
6820	0
6821	1
6822	0
6823	1
6824	2
6825	1
6826	0
6827	1
6828	0
6829	0
6830	0
6831	0
6832	0
6833	0
6834	0
6835	0
6836	0
6837	0
6838	2
6839	0
6840	0
6841	0
6842	0
6843	0
6844	1
6845	0
6846	0
6847	2
6848	0
6849	1
6850	2
6851	0
6852	0
6853	0
6854	0
6855	1
6856	1
6857	2
6858	1
6859	0
6860	1
6861	0
6862	0
6863	1
6864	3
6865	3
6866	3
6867	2
6868	0
6869	2
6870	2
6871	2
6872	3
6873	3
6874	3
6875	1
6876	0
6877	1
6878	1
6879	2
6880	1
6881	1
6882	0
6883	0
6884	1
6885	0
6886	1
6887	2
6888	0
6889	1
6890	2
6891	1
6892	0
6893	1
6894	0
6895	1
6896	0
6897	0
6898	0
6899	1
6900	2
6901	1
6902	1
6903	1
6904	0
6905	0
6906	1
6907	0
6908	0
6909	1
6910	0
6911	0
6912	0
6913	0
6914	0
6915	1
6916	2
6917	0
6918	0
6919	1
6920	1
6921	0
6922	0
6923	0
6924	1
6925	0
6926	0
6927	0
6928	0
6929	0
6930	0
6931	2
6932	0
6933	2
6934	0
6935	2
6936	1
6937	0
6938	0
6939	1
6940	0
6941	1
6942	2
6943	0
6944	0
6945	1
6946	2
6947	0
6948	1
6949	0
6950	1
6951	0
6952	0
6953	0
6954	0
6955	0
6956	0
6957	0
6958	0
6959	1
6960	0
6961	0
6962	0
6963	2
6964	0
6965	1
6966	0
6967	2
6968	1
6969	1
6970	0
6971	0
6972	0
6973	2
6974	1
6975	0
6976	0
6977	0
6978	0
6979	1
6980	0
6981	0
6982	0
6983	0
6984	1
6985	0
6986	0
6987	0
6988	1
6989	0
6990	0
6991	2
6992	0
6993	0
6994	0
6995	0
6996	0
6997	1
6998	0
6999	2
7000	1
7001	1
7002	0
7003	1
7004	0
7005	1
7006	0
7007	0
7008	0
7009	0
7010	1
7011	1
7012	2
7013	1
7014	0
7015	0
7016	0
7017	0
7018	3
7019	1
7020	1
7021	1
7022	2
7023	0
7024	1
7025	1
7026	0
7027	0
7028	0
7029	0
7030	0
7031	2
7032	1
7033	1
7034	1
7035	0
7036	0
7037	0
7038	0
7039	1
7040	0
7041	0
7042	0
7043	0
7044	0
7045	0
7046	0
7047	0
7048	2
7049	0
7050	0
7051	0
7052	0
7053	1
7054	0
7055	2
7056	1
7057	0
7058	2
7059	0
7060	0
7061	0
7062	0
7063	1
7064	1
7065	2
7066	0
7067	1
7068	1
7069	1
7070	1
7071	1
7072	0
7073	2
7074	0
7075	0
7076	1
7077	1
7078	1
7079	0
7080	1
7081	0
7082	0
7083	0
7084	0
7085	1
7086	0
7087	0
7088	3
7089	1
7090	0
7091	1
7092	0
7093	0
7094	0
7095	1
7096	1
7097	0
7098	1
7099	1
7100	3
7101	1
7102	1
7103	1
7104	0
7105	0
7106	2
7107	1
7108	0
7109	1
7110	1
7111	0
7112	0
7113	1
7114	1
7115	0
7116	1
7117	0
7118	0
7119	1
7120	0
7121	0
7122	0
7123	0
7124	0
7125	0
7126	0
7127	0
7128	0
7129	1
7130	1
7131	0
7132	0
7133	1
7134	1
7135	0
7136	0
7137	0
7138	0
7139	1
7140	1
7141	0
7142	0
7143	1
7144	1
7145	0
7146	0
7147	0
7148	1
7149	0
7150	0
7151	0
7152	1
7153	1
7154	0
7155	1
7156	0
7157	0
7158	0
7159	0
7160	0
7161	0
7162	0
7163	1
7164	0
7165	0
7166	1
7167	2
7168	0
7169	2
7170	0
7171	0
7172	2
7173	1
7174	0
7175	0
7176	0
7177	0
7178	0
7179	1
7180	0
7181	0
7182	0
7183	0
7184	0
7185	0
7186	0
7187	0
7188	0
7189	0
7190	2
7191	0
7192	0
7193	0
7194	0
7195	0
7196	0
7197	2
7198	0
7199	0
7200	1
7201	1
7202	0
7203	1
7204	0
7205	0
7206	2
7207	0
7208	1
7209	0
7210	2
7211	0
7212	2
7213	0
7214	2
7215	1
7216	3
7217	0
7218	2
7219	1
7220	1
7221	0
7222	1
7223	1
7224	1
7225	1
7226	1
7227	0
7228	0
7229	2
7230	2
7231	0
7232	0
7233	0
7234	0
7235	0
7236	1
7237	0
7238	0
7239	0
7240	0
7241	0
7242	2
7243	1
7244	1
7245	0
7246	0
7247	0
7248	1
7249	1
7250	0
7251	2
7252	1
7253	4
7254	7
7255	2
7256	5
7257	7
7258	5
7259	9
7260	5
7261	9
7262	13
7263	8
7264	2
7265	4
7266	1
7267	2
7268	1
7269	2
7270	2
7271	0
7272	1
7273	0
7274	0
7275	2
7276	2
7277	0
7278	0
7279	0
7280	0
7281	0
7282	0
7283	0
7284	1
7285	1
7286	1
7287	0
7288	0
7289	0
7290	0
7291	0
7292	1
7293	3
7294	0
7295	0
7296	0
7297	0
7298	1
7299	1
7300	0
7301	1
7302	0
7303	0
7304	1
7305	1
7306	0
7307	1
7308	0
7309	0
7310	1
7311	0
7312	0
7313	0
7314	1
7315	0
7316	0
7317	0
7318	0
7319	0
7320	1
7321	0
7322	1
7323	0
7324	0
7325	1
7326	1
7327	0
7328	0
7329	1
7330	1
7331	0
7332	0
7333	1
7334	0
7335	0
7336	0
7337	0
7338	0
7339	0
7340	0
7341	0
7342	1
7343	2
7344	0
7345	1
7346	0
7347	2
7348	0
7349	0
7350	1
7351	0
7352	0
7353	0
7354	0
7355	2
7356	0
7357	0
7358	0
7359	0
7360	1
7361	0
7362	0
7363	0
7364	1
7365	0
7366	1
7367	0
7368	1
7369	0
7370	0
7371	1
7372	2
7373	0
7374	0
7375	1
7376	1
7377	1
7378	1
7379	1
7380	0
7381	1
7382	1
7383	1
7384	2
7385	0
7386	1
7387	0
7388	1
7389	0
7390	0
7391	1
7392	0
7393	0
7394	0
7395	1
7396	0
7397	0
7398	0
7399	1
7400	0
7401	0
7402	0
7403	0
7404	0
7405	1
7406	1
7407	0
7408	1
7409	1
7410	0
7411	0
7412	1
7413	0
7414	0
7415	1
7416	1
7417	2
7418	1
7419	2
7420	0
7421	0
7422	0
7423	0
7424	0
7425	0
7426	0
7427	1
7428	0
7429	0
7430	1
7431	1
7432	0
7433	0
7434	0
7435	0
7436	0
7437	1
7438	0
7439	0
7440	0
7441	0
7442	0
7443	0
7444	1
7445	0
7446	2
7447	2
7448	2
7449	0
7450	1
7451	0
7452	0
7453	0
7454	1
7455	0
7456	0
7457	0
7458	1
7459	0
7460	0
7461	0
7462	0
7463	0
7464	0
7465	1
7466	1
7467	1
7468	0
7469	1
7470	1
7471	0
7472	1
7473	1
7474	0
7475	0
7476	0
7477	1
7478	0
7479	0
7480	1
7481	0
7482	1
7483	0
7484	1
7485	1
7486	0
7487	1
7488	0
7489	0
7490	1
7491	0
7492	0
7493	1
7494	0
7495	0
7496	1
7497	0
7498	0
7499	1
7500	0
7501	1
7502	0
7503	1
7504	0
7505	0
7506	0
7507	0
7508	0
7509	0
7510	0
7511	0
7512	2
7513	2
7514	0
7515	0
7516	0
7517	0
7518	1
7519	3
7520	2
7521	4
7522	3
7523	4
7524	7
7525	4
7526	16
7527	27
7528	18
7529	24
7530	24
7531	37
7532	39
7533	48
7534	29
7535	48
7536	35
7537	27
7538	16
7539	19
7540	15
7541	6
7542	8
7543	0
7544	2
7545	2
7546	0
7547	0
7548	2
7549	1
7550	0
7551	1
7552	0
7553	0
7554	0
7555	0
7556	1
7557	1
7558	0
7559	0
7560	0
7561	0
7562	0
7563	0
7564	1
7565	0
7566	0
7567	1
7568	0
7569	2
7570	0
7571	1
7572	0
7573	0
7574	0
7575	1
7576	1
7577	0
7578	0
7579	0
7580	0
7581	1
7582	0
7583	3
7584	0
7585	0
7586	0
7587	2
7588	0
7589	0
7590	2
7591	0
7592	0
7593	0
7594	0
7595	2
7596	0
7597	1
7598	0
7599	0
7600	0
7601	0
7602	0
7603	0
7604	0
7605	0
7606	0
7607	0
7608	0
7609	2
7610	0
7611	0
7612	0
7613	0
7614	0
7615	1
7616	1
7617	0
7618	0
7619	0
7620	0
7621	0
7622	0
7623	0
7624	0
7625	0
7626	2
7627	0
7628	0
7629	0
7630	0
7631	0
7632	0
7633	1
7634	0
7635	1
7636	0
7637	0
7638	0
7639	2
7640	0
7641	2
7642	0
7643	0
7644	0
7645	0
7646	1
7647	0
7648	0
7649	0
7650	0
7651	0
7652	1
7653	0
7654	0
7655	0
7656	0
7657	0
7658	0
7659	2
7660	1
7661	0
7662	0
7663	0
7664	0
7665	1
7666	0
7667	0
7668	0
7669	0
7670	0
7671	0
7672	0
7673	0
7674	1
7675	0
7676	0
7677	0
7678	1
7679	1
7680	0
7681	0
7682	0
7683	0
7684	0
7685	0
7686	0
7687	0
7688	0
7689	0
7690	0
7691	0
7692	0
7693	0
7694	0
7695	0
7696	0
7697	0
7698	0
7699	0
7700	0
7701	0
7702	0
7703	1
7704	0
7705	0
7706	0
7707	0
7708	0
7709	0
7710	1
7711	0
7712	0
7713	0
7714	0
7715	0
7716	0
7717	1
7718	1
7719	0
7720	1
7721	1
7722	0
7723	1
7724	0
7725	0
7726	1
7727	0
7728	0
7729	0
7730	0
7731	1
7732	0
7733	0
7734	0
7735	0
7736	1
7737	0
7738	0
7739	0
7740	1
7741	0
7742	0
7743	2
7744	0
7745	0
7746	1
7747	0
7748	0
7749	1
7750	1
7751	0
7752	1
7753	0
7754	0
7755	0
7756	0
7757	1
7758	0
7759	0
7760	0
7761	0
7762	0
7763	0
7764	0
7765	0
7766	1
7767	0
7768	0
7769	0
7770	0
7771	1
7772	0
7773	0
7774	0
7775	1
7776	1
7777	2
7778	0
7779	2
7780	0
7781	0
7782	2
7783	2
7784	1
7785	3
7786	0
7787	0
7788	2
7789	1
7790	0
7791	0
7792	0
7793	1
7794	1
7795	1
7796	0
7797	0
7798	0
7799	1
7800	1
7801	1
7802	0
7803	0
7804	0
7805	0
7806	0
7807	2
7808	0
7809	0
7810	0
7811	0
7812	0
7813	1
7814	0
7815	0
7816	0
7817	1
7818	1
7819	0
7820	0
7821	0
7822	1
7823	1
7824	0
7825	0
7826	0
7827	0
7828	0
7829	0
7830	0
7831	1
7832	0
7833	0
7834	1
7835	0
7836	0
7837	0
7838	1
7839	1
7840	0
7841	0
7842	0
7843	0
7844	0
7845	1
7846	0
7847	2
7848	0
7849	0
7850	0
7851	0
7852	0
7853	0
7854	0
7855	0
7856	0
7857	0
7858	0
7859	0
7860	0
7861	0
7862	0
7863	0
7864	0
7865	0
7866	0
7867	0
7868	0
7869	0
7870	0
7871	0
7872	0
7873	1
7874	0
7875	0
7876	0
7877	0
7878	0
7879	0
7880	0
7881	0
7882	0
7883	1
7884	0
7885	0
7886	1
7887	1
7888	0
7889	1
7890	0
7891	0
7892	0
7893	0
7894	0
7895	0
7896	0
7897	0
7898	0
7899	0
7900	0
7901	1
7902	0
7903	0
7904	0
7905	0
7906	0
7907	0
7908	0
7909	0
7910	0
7911	1
7912	1
7913	1
7914	0
7915	0
7916	0
7917	0
7918	1
7919	0
7920	0
7921	0
7922	0
7923	0
7924	3
7925	0
7926	1
7927	1
7928	0
7929	0
7930	0
7931	0
7932	0
7933	0
7934	0
7935	0
7936	0
7937	0
7938	1
7939	0
7940	0
7941	0
7942	0
7943	0
7944	0
7945	0
7946	0
7947	0
7948	0
7949	0
7950	0
7951	0
7952	0
7953	1
7954	0
7955	0
7956	0
7957	0
7958	0
7959	2
7960	1
7961	0
7962	1
7963	1
7964	0
7965	0
7966	0
7967	0
7968	0
7969	1
7970	0
7971	0
7972	0
7973	1
7974	1
7975	2
7976	1
7977	0
7978	0
7979	0
7980	0
7981	0
7982	0
7983	0
7984	0
7985	0
7986	1
7987	0
7988	1
7989	1
7990	0
7991	0
7992	0
7993	0
7994	0
7995	1
7996	0
7997	1
7998	0
7999	0
8000	1
8001	0
8002	0
8003	0
8004	0
8005	1
8006	1
8007	0
8008	0
8009	0
8010	0
8011	0
8012	0
8013	0
8014	0
8015	1
8016	0
8017	0
8018	0
8019	0
8020	0
8021	1
8022	0
8023	0
8024	0
8025	0
8026	1
8027	0
8028	0
8029	0
8030	0
8031	0
8032	0
8033	0
8034	0
8035	0
8036	0
8037	0
8038	1
8039	1
8040	0
8041	1
8042	2
8043	0
8044	0
8045	0
8046	0
8047	0
8048	0
8049	0
8050	1
8051	0
8052	0
8053	0
8054	0
8055	0
8056	0
8057	0
8058	0
8059	0
8060	0
8061	0
8062	1
8063	0
8064	0
8065	0
8066	0
8067	0
8068	1
8069	0
8070	0
8071	0
8072	0
8073	1
8074	0
8075	0
8076	0
8077	0
8078	1
8079	0
8080	1
8081	0
8082	0
8083	0
8084	0
8085	0
8086	0
8087	0
8088	0
8089	0
8090	0
8091	0
8092	0
8093	0
8094	0
8095	0
8096	0
8097	0
8098	0
8099	0
8100	0
8101	0
8102	0
8103	0
8104	0
8105	0
8106	0
8107	0
8108	0
8109	0
8110	0
8111	0
8112	0
8113	0
8114	0
8115	0
8116	0
8117	0
8118	0
8119	0
8120	0
8121	0
8122	0
8123	0
8124	0
8125	0
8126	0
8127	0
8128	0
8129	0
8130	0
8131	0
8132	0
8133	0
8134	0
8135	0
8136	0
8137	0
8138	0
8139	0
8140	0
8141	0
8142	0
8143	0
8144	0
8145	0
8146	0
8147	0
8148	0
8149	0
8150	0
8151	0
8152	0
8153	0
8154	0
8155	0
8156	0
8157	0
8158	0
8159	0
8160	0
8161	0
8162	0
8163	0
8164	0
8165	0
8166	0
8167	0
8168	0
8169	0
8170	0
8171	0
8172	0
8173	0
8174	0
8175	0
8176	0
8177	0
8178	0
8179	0
8180	0
8181	0
8182	0
8183	0
8184	0
8185	0
8186	0
8187	0
8188	0
8189	0
8190	0
8191	0
